0 0.49664365397641197 0.05306491744704456 0.6424639160524391 0.01900527771290907
0 0.4971805342759598 0.12455654534032416 0.23305214329795337 0.01630960915918343
2 0.11131734904871446 0.2062869402430811 0.10951126028902165 0.013969059555440448
2 0.09871742295870324 0.25175664395304653 0.08363608697749257 0.01475475962122686
3 0.1746154087471476 0.2536718543860655 0.033082451193963476 0.019029119108785807
2 0.103774394769422 0.29849781514759127 0.09307470946742341 0.0183931192758379
3 0.19611568459077963 0.2967436934640327 0.056584462460379674 0.01553529761001885
2 0.48786883036425277 0.29456423260975007 0.06362966327125251 0.013767738552657649
2 0.0993927440902099 0.34168321991943595 0.08363608697749257 0.01475475962122686
3 0.17529072987865424 0.34359843035245485 0.033082451193963476 0.01902911910878586
2 0.10810062732135133 0.4045956885569475 0.1001064038556661 0.014827028699148903
4 0.24638091645665613 0.4102840048277492 0.023664088337977805 0.018088556733166464
2 0.2963294436091056 0.4033201233580067 0.0530416024209981 0.013721279859707778
5 0.4228485972942297 0.40950969327858466 0.02366408833797784 0.018088556733166464
2 0.46279728919921675 0.4025896894632948 0.033041931926073125 0.013633524550802465
1 0.2602747787318837 0.4587849919641635 0.4036443213189228 0.017957376083039683
2 0.6670864606438208 0.5033136809852784 0.15778627898584888 0.01957629927019539
1 0.6760685451516035 0.5244077107599218 0.19894181154733753 0.017059174686008795