0 0.4972344422210025 0.054940205092275145 0.6424493157939654 0.01925970119209632
0 0.4976944042365471 0.12896165633738838 0.24950710532329956 0.01679923183812244
2 0.10352268515346993 0.2156924072256383 0.0930557662834944 0.018983488775152556
2 0.08145929856897659 0.26233377984564027 0.048350424541495726 0.018809487239693615
3 0.14027922380768879 0.2616392867383558 0.03422716251618709 0.017823451949345336
2 0.0817485828554826 0.3088881516979127 0.048350424541495726 0.018809487239693615
2 0.11261126833008347 0.35299575127541544 0.10949722691768543 0.014392157418778598
3 0.2514504760597961 0.3552486930290741 0.13306106826469705 0.020070261796556
2 0.10831333372753078 0.41865573153822055 0.10009136171036323 0.015286612953622157
4 0.24658745601934812 0.42463531253394865 0.023644840947233292 0.018713328496413658
2 0.2965434587457128 0.4174575497756603 0.05302732155937125 0.014172366005567323
5 0.4230559102640797 0.4239484643676634 0.02364484094723326 0.018713328496413658
2 0.4630120339165763 0.4168096230054646 0.03302756341163498 0.014094523213388312
1 0.2604291312075373 0.47486137577498777 0.40362867438276184 0.018330166673723666
2 0.6671927669663371 0.5212303385064847 0.15776665185895955 0.020166420539835847
1 0.6761521532932315 0.5430765508687385 0.1989252674588732 0.017533422800832872