0 0.4993283795915315 0.05739334448740088 0.6423790051754499 0.01817610763495824
0 0.4994464666963172 0.13521429490719855 0.3047322121158115 0.017825823719437046
2 0.11310681651385654 0.221704656034705 0.10943381991941693 0.014704934838358294
3 0.24369937728767233 0.2244874660147406 0.11650149442564808 0.02054882912852998
2 0.49781608628466784 0.22373745676189008 0.048264777927573395 0.01950527816430958
2 0.09259683013177468 0.2732823944631576 0.06826623827427115 0.02049878856916976
2 0.10502282798126224 0.32142129227020544 0.09297062509226417 0.019551657219326328
2 0.09274443901275678 0.3705585824879047 0.06826623827427117 0.020498788569169816
2 0.4792139850104816 0.3696712668221756 0.09297062509226421 0.019551657219326328
2 0.11340203427582071 0.4162570320841991 0.10943381991941695 0.014704934838358294
2 0.528111280433464 0.4182587100244651 0.10826473070123731 0.019567523738147848
2 0.10880021988799828 0.484841626647437 0.10002353871039713 0.015667932707023303
5 0.2470457378215399 0.49150755088905174 0.023558915020770527 0.019479647633905566
2 0.29703462780018625 0.48415996547566376 0.05296327613243905 0.014646350768863475
4 0.4235161871558457 0.49132447567188037 0.023558915020770562 0.019479647633905566
2 0.46350508500554805 0.4839872645207988 0.03296329187455105 0.01462560224425075
1 0.2606548477329004 0.5440226566557653 0.4035556637430228 0.017928345841052976
2 0.6672011346066239 0.593698210238292 0.1576779326036528 0.020591546679203303
1 0.6760593451603699 0.616548960663249 0.1988499425152281 0.01771597858913422