0 0.5156679083420234 0.050441723933428134 0.6426828288166768 0.02709211557419931
0 0.513306583767254 0.11819505653493044 0.24983720130398238 0.019051080053617317
2 0.12365338544869453 0.18909413157360114 0.10879483771801408 0.019025009941484344
3 0.21543339435546005 0.1894945865763074 0.040492187213000845 0.01521992724795738
2 0.12216827565324208 0.23170629044247054 0.10879483771801408 0.01902500994148432
3 0.21394828456000764 0.2321067454451768 0.040492187213000845 0.015219927247957355
2 0.5138823608750193 0.23674295151186275 0.06395469451679861 0.01394590750058012
3 0.5937677540523862 0.2407632675090785 0.06178071652269142 0.019016319904106672
2 0.12134546913995264 0.27219860303308085 0.10982242232324964 0.014785317384966313
3 0.23480899087539028 0.27512784759105485 0.08283162826510945 0.01599476714123693
2 0.111553434761262 0.31679070653281155 0.09350559511586372 0.018745206646688953
3 0.1992319602192493 0.31668970829053805 0.04751905852577656 0.014496824052793204
2 0.49562289868196413 0.32168746595480613 0.06395469451679868 0.01394590750058012
3 0.575508291859331 0.32570778195202194 0.06178071652269135 0.019016319904106672
2 0.11771294626688472 0.3595427670490786 0.10879483771801407 0.01902500994148432
3 0.21882746436212402 0.3622460166381794 0.05945822754903879 0.01982551642074633
2 0.11622783647143228 0.40215492591794805 0.10879483771801407 0.01902500994148432
3 0.20442015423203738 0.4041952972843024 0.03355442248795227 0.01849975997525367
2 0.11009175260288416 0.46003213032331924 0.10044335984091231 0.015465373919392733
5 0.24807506844326419 0.46852682388330386 0.02411595561379687 0.017475330154925268
2 0.2982818972657658 0.46304974159365075 0.05336983425377151 0.013752197527260262
4 0.4244894061603834 0.4717553234386353 0.02411595561379687 0.017475330154925268
2 0.4646994225122483 0.46609529284084666 0.03337620931249804 0.01338630091098934
1 0.2599962490891547 0.5147954737609249 0.4039354251061754 0.022722879509317433
2 0.6648076105416032 0.5661223080383071 0.15822055447471664 0.020781232994354568
1 0.6729303258235966 0.5863114476844422 0.19929479335431727 0.01897782002513304