0 0.49464289268646305 0.05664341721422871 0.6425304586182112 0.022438179929835246
0 0.4955705303165128 0.1334151198611155 0.26490174325444654 0.019401880417370558
2 0.10958569520892308 0.22385490215030088 0.10846194620958824 0.020063142344421882
2 0.09017223792337796 0.2724778403549081 0.06847548460093586 0.020701186809988312
2 0.08074669943721419 0.3200607318220491 0.04846486059104623 0.019580739618142422
2 0.4648456887402334 0.3169724084861622 0.1084619462095882 0.020063142344421855
2 0.11132501576526624 0.3678018446132137 0.10846194620958824 0.02006314234442191
2 0.0919115584797211 0.4164247828178208 0.06847548460093586 0.020701186809988368
2 0.46362342021485475 0.4105568388410272 0.06370025800467882 0.014905473603528327
2 0.10857583421733664 0.48107321208682224 0.10018067022357999 0.016158345073176456
4 0.24688558212131284 0.4866793180225849 0.023760178277528896 0.01938210320143906
2 0.29679618744228076 0.4790799686275398 0.05311253701317148 0.014820343710655506
4 0.4233475986464365 0.48526048647470427 0.023760178277528896 0.019382103201439172
2 0.4632586896976474 0.47774153753403903 0.03311350847365742 0.014659542801895712
1 0.26104049212185587 0.538391440223896 0.40371852958754395 0.020518027901703477
2 0.6680885035757351 0.5845451818042109 0.15788290630699842 0.021420061460914564
1 0.6771840979558184 0.6070259278793398 0.1990225904184003 0.018872183306161708