0 0.5 0.05103806228373702 0.6423529411764706 0.015570934256055362
0 0.5 0.11980968858131488 0.24941176470588236 0.014705882352941176
2 0.11294117647058824 0.19896193771626297 0.10823529411764705 0.01730103806228374
3 0.2076470588235294 0.1972318339100346 0.04588235294117647 0.01384083044982699
2 0.11294117647058824 0.2422145328719723 0.10823529411764705 0.01730103806228374
3 0.2011764705882353 0.24048442906574394 0.03294117647058824 0.01384083044982699
2 0.08294117647058824 0.28546712802768165 0.04823529411764706 0.01730103806228374
3 0.14705882352941177 0.2837370242214533 0.04470588235294118 0.01384083044982699
2 0.46705882352941175 0.28546712802768165 0.10823529411764705 0.01730103806228374
3 0.5623529411764706 0.2858996539792388 0.047058823529411764 0.018166089965397925
2 0.10058823529411764 0.32698961937716264 0.08352941176470588 0.01384083044982699
3 0.18941176470588236 0.3274221453287197 0.058823529411764705 0.014705882352941176
2 0.10058823529411764 0.370242214532872 0.08352941176470588 0.01384083044982699
3 0.19058823529411764 0.37240484429065746 0.0611764705882353 0.018166089965397925
2 0.10882352941176471 0.43079584775086505 0.1 0.01384083044982699
4 0.24705882352941178 0.43685121107266434 0.023529411764705882 0.01730103806228374
2 0.29705882352941176 0.430363321799308 0.052941176470588235 0.012975778546712802
5 0.4235294117647059 0.43685121107266434 0.023529411764705882 0.01730103806228374
2 0.46352941176470586 0.430363321799308 0.03294117647058824 0.012975778546712802
1 0.2605882352941176 0.4835640138408305 0.40352941176470586 0.015570934256055362
2 0.6670588235294118 0.528114186851211 0.15764705882352942 0.018166089965397925
1 0.6758823529411765 0.5484429065743944 0.1988235294117647 0.015570934256055362