0 0.49634735884136677 0.04946267141412339 0.642464545946568 0.017731385572077072
0 0.49689100775800055 0.11651939008737014 0.2648237873278053 0.016177167142660407
2 0.11045704209047548 0.19438936042329139 0.10836940068064183 0.017209625448705232
2 0.13903504354340057 0.23660271083871925 0.1648458424406998 0.018280240926239203
3 0.26548653286839125 0.2339866946693943 0.05304902304763924 0.013629224822885325
2 0.5813772072350385 0.23436308880975082 0.10836940068064183 0.017209625448705232
2 0.13937482411629668 0.27851316000949844 0.1648458424406998 0.018280240926239203
2 0.5693506614900125 0.27464795893428723 0.08363674804479762 0.01375511167386613
2 0.08147688429272004 0.3202441738856294 0.048370401647754295 0.016962693548704454
3 0.13969761566054797 0.3183280867217387 0.03304935670334345 0.013546914189551715
2 0.10782090702330042 0.3771358651147516 0.10010706150480597 0.01382289690131734
5 0.24610146427143303 0.38243441626826674 0.023664931457741765 0.01686101570752766
2 0.2960496630462382 0.3759420723093159 0.053042227436181304 0.012791015839469734
4 0.42256910848580814 0.3817081459741468 0.023664931457741765 0.01686101570752766
2 0.4625174740884654 0.37525695733186276 0.03304256109188553 0.012708705206136126
1 0.25999761334659627 0.4276420206501591 0.40364500077644694 0.016748499774034767
2 0.6668113945104565 0.46913694071860546 0.15778713667212468 0.018251190114474358
1 0.6757944735904365 0.4887985383141657 0.1989425334877719 0.015906026232855686