0 0.5 0.05267857142857143 0.6423529411764706 0.01607142857142857
0 0.5 0.12366071428571429 0.23294117647058823 0.015178571428571428
2 0.10529411764705883 0.20535714285714285 0.09294117647058824 0.017857142857142856
2 0.54 0.20580357142857142 0.16470588235294117 0.01875
2 0.11352941176470588 0.24776785714285715 0.10941176470588235 0.013392857142857142
2 0.11352941176470588 0.2924107142857143 0.10941176470588235 0.013392857142857142
2 0.10058823529411764 0.3375 0.08352941176470588 0.014285714285714285
3 0.18941176470588236 0.3379464285714286 0.058823529411764705 0.015178571428571428
2 0.10882352941176471 0.4 0.1 0.014285714285714285
4 0.24705882352941178 0.40625 0.023529411764705882 0.017857142857142856
2 0.29705882352941176 0.39955357142857145 0.052941176470588235 0.013392857142857142
5 0.4235294117647059 0.40625 0.023529411764705882 0.017857142857142856
2 0.46352941176470586 0.39955357142857145 0.03294117647058824 0.013392857142857142
1 0.2605882352941176 0.4544642857142857 0.40352941176470586 0.01607142857142857
2 0.6670588235294118 0.5004464285714286 0.15764705882352942 0.01875
1 0.6758823529411765 0.5214285714285715 0.1988235294117647 0.01607142857142857