0 0.5 0.05103806228373702 0.6423529411764706 0.015570934256055362
0 0.5 0.12024221453287197 0.30470588235294116 0.015570934256055362
2 0.08294117647058824 0.19896193771626297 0.04823529411764706 0.01730103806228374
2 0.08294117647058824 0.2422145328719723 0.04823529411764706 0.01730103806228374
3 0.15529411764705883 0.24091695501730104 0.0611764705882353 0.014705882352941176
2 0.45941176470588235 0.2422145328719723 0.09294117647058824 0.01730103806228374
3 0.5529411764705883 0.2430795847750865 0.058823529411764705 0.01903114186851211
2 0.10529411764705883 0.28546712802768165 0.09294117647058824 0.01730103806228374
2 0.08294117647058824 0.328719723183391 0.04823529411764706 0.01730103806228374
2 0.08294117647058824 0.3719723183391003 0.04823529411764706 0.01730103806228374
3 0.15058823529411763 0.37067474048442905 0.05176470588235294 0.014705882352941176
2 0.4676470588235294 0.36980968858131485 0.10941176470588235 0.012975778546712802
3 0.6141176470588235 0.3745674740484429 0.14823529411764705 0.02249134948096886
2 0.09058823529411765 0.4130622837370242 0.06352941176470588 0.012975778546712802
2 0.10882352941176471 0.4740484429065744 0.1 0.01384083044982699
4 0.24705882352941178 0.4801038062283737 0.023529411764705882 0.01730103806228374
2 0.29705882352941176 0.4736159169550173 0.052941176470588235 0.012975778546712802
5 0.4235294117647059 0.4801038062283737 0.023529411764705882 0.01730103806228374
2 0.46352941176470586 0.4736159169550173 0.03294117647058824 0.012975778546712802
1 0.2605882352941176 0.5268166089965398 0.40352941176470586 0.015570934256055362
2 0.6670588235294118 0.5713667820069204 0.15764705882352942 0.018166089965397925
1 0.6758823529411765 0.5916955017301038 0.1988235294117647 0.015570934256055362