0 0.5033456492207437 0.0500064534990599 0.642457140960902 0.017732099222808093
0 0.5028447469362821 0.11737836865315544 0.24951529904489855 0.015368758231010981
2 0.09287809511686183 0.191221579757935 0.06362301054747842 0.0129567670086801
3 0.16522684834308185 0.19192442696890555 0.045982505460009725 0.013736133342279364
2 0.10725298204366629 0.2357691997405448 0.09306585674436753 0.01730745961025748
2 0.1069379491603571 0.2781414734223659 0.09306585674436753 0.01730745961025748
2 0.1425016042966558 0.3210758974257474 0.16483583409891567 0.018431760253378355
3 0.2730879668106541 0.3215796830620224 0.0613079070607909 0.018032362631826993
2 0.09395196904331116 0.3632620881248003 0.06836662935884483 0.018059594287841905
3 0.17513987678626408 0.36188036122169837 0.0589297969974415 0.01463350351860967
2 0.46806425084017117 0.36470536589358804 0.0683666293588448 0.018059594287841905
2 0.1418715385300374 0.40582044478938956 0.16483583409891567 0.018431760253378355
3 0.25835620809209325 0.4041511534295438 0.03304151458024411 0.013686208639585432
2 0.10909376693815598 0.46289820250311325 0.10009937641175674 0.013944909371726658
4 0.24728297400471613 0.46936360741552596 0.02365508748017021 0.017039681659444618
2 0.29732951188176143 0.4632006572600247 0.05303492710039754 0.01291591952465778
5 0.4237510314560652 0.4700443988158975 0.023655087480170176 0.017039681659444618
2 0.4637977127442007 0.46384287048104195 0.03303521392257795 0.012838763165949058
1 0.26047195622867897 0.5151778569992546 0.40363703654340954 0.01681076152763858
2 0.6666122313551446 0.5603893884170528 0.15777711180086176 0.018404528597363492
1 0.6752875687725567 0.5803383966175273 0.19893408989984462 0.01602104350320759