0 0.5126647449903443 0.051446835292653904 0.6426550868720595 0.025585753229512773
0 0.5106993141480018 0.12105741371474447 0.3050816578690617 0.020369621223535334
2 0.1497060709289913 0.19513123661141088 0.1651858909634309 0.020817231472860926
3 0.27325768072553686 0.1952993131286552 0.04746621558751659 0.01551923495385486
2 0.1002529010806704 0.23789268641007785 0.06873633981971725 0.019326908042581636
3 0.17618012626729276 0.23688962243503406 0.04861786174032532 0.014667277399557716
2 0.08903897142109825 0.2808097470629248 0.04871613328244245 0.01814780632066227
3 0.16899695814255103 0.28291575725977397 0.07699440597361233 0.020324263004710887
2 0.11780403512225247 0.32477981281419627 0.10870304923767897 0.019074714795592043
3 0.21195029396034878 0.3244935224319653 0.0450892196253114 0.014612753371620671
2 0.5095447296026202 0.32865664933951805 0.06388407635318967 0.014033415957008806
3 0.5865130454571695 0.33245748730697194 0.05579798539799961 0.019126986606812484
2 0.11201666977207848 0.3838851931070467 0.10037127942719606 0.01546696314263442
5 0.25004984407808517 0.3921116431465139 0.02401563847734508 0.01776613812510295
2 0.3002231998489186 0.3863580751485511 0.0532981500081479 0.013869843873197668
4 0.42648194982878096 0.39483784454336623 0.02401563847734498 0.01776613812510295
2 0.46665748627374154 0.38892979179958176 0.033302511356402366 0.013560874381554426
1 0.26224963970039067 0.4393077923551837 0.4038836370894512 0.021896294005772598
2 0.6673663438414019 0.4903989527651544 0.1581286067334031 0.02070818341698686
1 0.6756106038189986 0.5109833702464861 0.19922239441864428 0.018733900385424