0 0.5 0.04933110367892977 0.6423529411764706 0.015050167224080268
0 0.5 0.11580267558528429 0.23294117647058823 0.014214046822742474
2 0.09058823529411765 0.19021739130434784 0.06352941176470588 0.01254180602006689
3 0.15705882352941178 0.19063545150501673 0.03411764705882353 0.013377926421404682
2 0.11294117647058824 0.23411371237458195 0.10823529411764705 0.016722408026755852
3 0.20823529411764705 0.23453177257525085 0.047058823529411764 0.017558528428093644
2 0.10058823529411764 0.27424749163879597 0.08352941176470588 0.013377926421404682
3 0.17647058823529413 0.2763377926421405 0.03294117647058824 0.017558528428093644
2 0.11294117647058824 0.3177257525083612 0.10823529411764705 0.016722408026755852
3 0.2011764705882353 0.3181438127090301 0.03294117647058824 0.017558528428093644
2 0.09294117647058824 0.35994983277591974 0.06823529411764706 0.017558528428093644
3 0.16823529411764707 0.35994983277591974 0.047058823529411764 0.017558528428093644
2 0.10882352941176471 0.41638795986622074 0.1 0.013377926421404682
4 0.24705882352941178 0.4222408026755853 0.023529411764705882 0.016722408026755852
2 0.29705882352941176 0.4159698996655518 0.052941176470588235 0.01254180602006689
5 0.4235294117647059 0.4222408026755853 0.023529411764705882 0.016722408026755852
2 0.46352941176470586 0.4159698996655518 0.03294117647058824 0.01254180602006689
1 0.2605882352941176 0.4673913043478261 0.40352941176470586 0.015050167224080268
2 0.6670588235294118 0.5104515050167224 0.15764705882352942 0.017558528428093644
1 0.6758823529411765 0.5301003344481605 0.1988235294117647 0.015050167224080268