0 0.4928012089996778 0.05024291396966697 0.642555067160254 0.020698196457724426
0 0.49388409241410647 0.11789795340090913 0.2496266072905797 0.01655608193677647
2 0.08810570103026387 0.19959992877573357 0.06851676516739486 0.01844265221782137
3 0.16453711071291957 0.1968319267741121 0.04962639157037412 0.014029960435728206
2 0.08878675978147696 0.24215026804066578 0.06851676516739486 0.018442652217821393
2 0.13769987957005728 0.284296609050623 0.16498088724212928 0.019250648727771196
2 0.11014072615090913 0.32665793170630575 0.10850046290140683 0.017926668375672705
2 0.5247847589614448 0.32105701511187246 0.10960874875890428 0.013681488065154467
3 0.6730237384464269 0.3206664662843213 0.15198609348322642 0.01573823181085166
2 0.1031752386401006 0.36927231947507544 0.09320737037736358 0.017798571367997708
3 0.18726681575980214 0.36729127575491516 0.040228878884448704 0.014802138293226862
2 0.10763065373960654 0.4271112200274582 0.10021123607297878 0.014453665922653097
5 0.2459520305474751 0.43191046764748653 0.023800258152859497 0.017217208025472924
2 0.2958465203710885 0.42510913807880923 0.053141945593206036 0.013208514498354565
4 0.422410790440282 0.43043242525123676 0.023800258152859563 0.017217208025472826
2 0.4623059505366363 0.423714851418347 0.03314328613868798 0.01304100302677959
1 0.2602160789239005 0.47775151746990074 0.4037475454386553 0.01869791241479987
2 0.6673609130574153 0.5181739425934192 0.1579225368464171 0.0191915270319213
1 0.6765039486651258 0.5380986999281249 0.1990553839629993 0.01698338323515029