0 0.5 0.05253784505788068 0.6423529411764706 0.016028495102404273
0 0.5 0.12377560106856635 0.2647058823529412 0.016028495102404273
2 0.08294117647058824 0.20480854853072128 0.04823529411764706 0.017809439002671415
3 0.14705882352941177 0.20347284060552093 0.04470588235294118 0.015138023152270703
2 0.4370588235294118 0.20480854853072128 0.04823529411764706 0.017809439002671415
3 0.49941176470588233 0.20347284060552093 0.041176470588235294 0.015138023152270703
2 0.1411764705882353 0.2497773820124666 0.16470588235294117 0.018699910952804988
3 0.2611764705882353 0.2497773820124666 0.04 0.018699910952804988
2 0.09294117647058824 0.29430097951914513 0.06823529411764706 0.018699910952804988
3 0.1723529411764706 0.29430097951914513 0.05529411764705883 0.018699910952804988
2 0.48705882352941177 0.29385574354407834 0.10823529411764705 0.017809439002671415
3 0.5811764705882353 0.29430097951914513 0.04470588235294118 0.018699910952804988
2 0.09058823529411765 0.336153161175423 0.06352941176470588 0.013357079252003561
3 0.1711764705882353 0.3388245770258237 0.06235294117647059 0.018699910952804988
2 0.10529411764705883 0.38290293855743546 0.09294117647058824 0.017809439002671415
3 0.19117647058823528 0.3815672306322351 0.04352941176470588 0.015138023152270703
2 0.4894117647058824 0.3806767586821015 0.06352941176470588 0.013357079252003561
3 0.5594117647058824 0.3815672306322351 0.041176470588235294 0.015138023152270703
2 0.08294117647058824 0.42742653606411396 0.04823529411764706 0.017809439002671415
3 0.1476470588235294 0.42564559216384684 0.04588235294117647 0.014247551202137132
2 0.4676470588235294 0.42520035618878005 0.10941176470588235 0.013357079252003561
3 0.6635294117647059 0.42787177203918075 0.24705882352941178 0.018699910952804988
2 0.10882352941176471 0.4879786286731968 0.1 0.014247551202137132
5 0.24705882352941178 0.4942119323241318 0.023529411764705882 0.017809439002671415
2 0.29705882352941176 0.48753339269813 0.052941176470588235 0.013357079252003561
4 0.4235294117647059 0.4942119323241318 0.023529411764705882 0.017809439002671415
2 0.46352941176470586 0.48753339269813 0.03294117647058824 0.013357079252003561
1 0.2605882352941176 0.5422974176313446 0.40352941176470586 0.016028495102404273
2 0.6670588235294118 0.5881567230632235 0.15764705882352942 0.018699910952804988
1 0.6758823529411765 0.6090828138913624 0.1988235294117647 0.016028495102404273