0 0.5039349773404711 0.05278281515999628 0.6424802279078188 0.019366764957840493
0 0.5033053809659956 0.12433756473439689 0.2648416188230874 0.017446087735394123
2 0.09553556440142134 0.20410804688420964 0.06839903642186496 0.01913016001531098
2 0.4673155620248883 0.20331550390692368 0.06364603963353341 0.013739620124677077
2 0.10280862927697614 0.24663257166191002 0.08365346209425932 0.014735772602710953
3 0.1857479499638097 0.24705440264067158 0.04718368987735386 0.014550286640418601
2 0.47454927712703826 0.25031220053302405 0.04839161396113903 0.0181340075372771
3 0.5327793332702405 0.25105559691571794 0.03310570847002088 0.018950657471157085
2 0.092419290267247 0.2908562139068935 0.06364603963353344 0.013739620124677077
2 0.08435922992359801 0.33777512609719385 0.048391613961139064 0.0181340075372771
2 0.10970584683664626 0.39872829843448043 0.10012368180511992 0.014819540456649414
5 0.24788295829860224 0.40569239065350987 0.02368628439484824 0.018008355756369412
2 0.2979408642238217 0.39923842815179444 0.053058041247980206 0.013685769361430924
4 0.4243495980578225 0.4065899033742792 0.02368628439484817 0.018008355756369412
2 0.46440772773001954 0.40008508181838687 0.03305848874193523 0.013584051253077082
1 0.26098708979403823 0.45406065592482253 0.40366204210034073 0.01815213107573266
2 0.667043280706707 0.5021912969301815 0.15780880056653654 0.01958489979383409
1 0.675681668759666 0.5232553802537003 0.19896073997964508 0.017111016319640186