0 0.4911156537243354 0.05315700577844789 0.6426007270914672 0.023674617561415146
0 0.4925471697405553 0.1251558769521119 0.2838187051568805 0.01949909407801051
2 0.10770490169247621 0.20930187233321837 0.10966751758063659 0.014772980751477179
3 0.2453539319257828 0.20860010003417329 0.13087732644767344 0.016819376867544294
2 0.08806742733566361 0.25724070370203167 0.06860317384673655 0.019693737656980133
3 0.1704108422058967 0.256282386836988 0.061545166857859435 0.019611596211404958
2 0.07895433463645708 0.30190637228863443 0.04858759342804862 0.018561017671513042
3 0.14361694413409185 0.29935343725818714 0.04616334863094524 0.014933693630971398
2 0.10219938761137205 0.3466455521945197 0.09328830435760374 0.0190812468268224
3 0.1904334219474374 0.34606877706966543 0.048605487378251336 0.019461003561183812
2 0.08074372965673192 0.39190496125571445 0.04858759342804864 0.01856101767151299
3 0.14540633915436668 0.38935202622526704 0.046163348630945275 0.01493369363097145
2 0.4424218529611774 0.3854452474458098 0.06379047215293533 0.014239061355238591
3 0.5236247212336698 0.3863005926010369 0.06386204795374631 0.017839004913921774
2 0.10398878263164689 0.43664414116159966 0.09328830435760374 0.01908124682682245
3 0.1986926567075163 0.4359920697116349 0.061545166857859435 0.019611596211404958
2 0.10873457473987234 0.4978021109364265 0.10027473554566986 0.015563444713714441
4 0.24707913592346853 0.5024934088549416 0.02388456896697873 0.018273522611999903
2 0.2969391474681608 0.49516167944291983 0.0532034616696196 0.014115849186875803
5 0.4235293106453965 0.5004398727155623 0.023884568966978697 0.018273522611999903
2 0.4633904789558463 0.4932245103514386 0.033205775201134484 0.013883115091079482
1 0.26157325596309805 0.5509352091264791 0.40380482396779144 0.02089549865278846
2 0.668918363508047 0.5925545042034882 0.15800459570584674 0.020734195967599053
1 0.678161380073908 0.613601495803783 0.199122621290355 0.018513396731108432