0 0.5047800588715295 0.056584704925146195 0.6425141883863198 0.02185608887463328
0 0.5039584055087477 0.13280419888936434 0.2331078870531814 0.017966221150114085
2 0.10832207779938291 0.2177026750918627 0.09314429524730995 0.01984011610683248
3 0.189500583530823 0.21780447991979393 0.034312700491966455 0.018460240685510266
2 0.5071302171613711 0.22055800190657338 0.09314429524730994 0.019840116106832506
3 0.5930247589146697 0.21973476213322476 0.043703431485983546 0.016610151482950614
2 0.14368111533760433 0.26637572682056543 0.16491656709109553 0.021312642250755954
3 0.27193213155701673 0.26537633970734437 0.05664410857442563 0.016702802205551825
2 0.0926090748397227 0.31107412806046075 0.06368198918872602 0.01483586741706469
3 0.1714192272978087 0.3125971909621667 0.058996958954142406 0.016719647791479362
2 0.4843328249064983 0.31627575755022597 0.10843782271546876 0.019949612415361223
3 0.5808203609997347 0.31504895502698366 0.04957522217285045 0.015693529674634558
2 0.114418552169723 0.36156778921634997 0.1084378227154688 0.019949612415361223
3 0.21676237605618895 0.3627799400907635 0.06139115038355883 0.020571436469946115
2 0.10959826616032355 0.4267323420141445 0.10016150533676046 0.01605570977207568
5 0.2477558791317078 0.4344331705993287 0.023735209045666 0.019343171321971303
2 0.29783146416887557 0.42760062100177687 0.05309416248000071 0.014760062280390989
4 0.4242196576104636 0.4356965895438909 0.02373520904566603 0.01934317132197136
2 0.46429562853383527 0.4287924462061472 0.033094934252408365 0.014616874800007196
1 0.2607266646441329 0.48630176446769197 0.40369987484507036 0.02014626190299243
2 0.6666493017253168 0.5385867317531101 0.15785801595194546 0.021262105492973506
1 0.6752296119822686 0.5611801933690065 0.1990018918097135 0.018680695927300133