0 0.5 0.04991539763113367 0.6423529411764706 0.015228426395939087
0 0.5 0.11717428087986463 0.24941176470588236 0.014382402707275803
2 0.09294117647058824 0.19500846023688664 0.06823529411764706 0.017766497461928935
2 0.10529411764705883 0.23688663282571912 0.09294117647058824 0.01692047377326565
3 0.1952941176470588 0.2356175972927242 0.05176470588235294 0.014382402707275803
2 0.5123529411764706 0.23477157360406092 0.10941176470588235 0.012690355329949238
2 0.09294117647058824 0.2796108291032149 0.06823529411764706 0.017766497461928935
3 0.1588235294117647 0.27749576988155666 0.02823529411764706 0.01353637901861252
2 0.47941176470588237 0.27918781725888325 0.09294117647058824 0.01692047377326565
3 0.5576470588235294 0.27749576988155666 0.02823529411764706 0.01353637901861252
2 0.09058823529411765 0.3193739424703892 0.06352941176470588 0.012690355329949238
2 0.10882352941176471 0.3790186125211506 0.1 0.01353637901861252
4 0.24705882352941178 0.3849407783417936 0.023529411764705882 0.01692047377326565
2 0.29705882352941176 0.37859560067681897 0.052941176470588235 0.012690355329949238
5 0.4235294117647059 0.3849407783417936 0.023529411764705882 0.01692047377326565
2 0.46352941176470586 0.37859560067681897 0.03294117647058824 0.012690355329949238
1 0.2605882352941176 0.4306260575296108 0.40352941176470586 0.015228426395939087
2 0.6670588235294118 0.47419627749576987 0.15764705882352942 0.017766497461928935
1 0.6758823529411765 0.494077834179357 0.1988235294117647 0.015228426395939087