0 0.48645192629241585 0.055740482603202406 0.6426785341221264 0.029528814971637465
0 0.48875064505510246 0.13111855554433455 0.265144130293248 0.022139495763354784
2 0.10442207671401058 0.22443459021121198 0.1087776863955215 0.020962329347937257
3 0.19670436732776148 0.2212142059920075 0.04165266507043772 0.016823529510239483
2 0.08344066785552806 0.2696276950541443 0.06394147022519822 0.015376451720846285
3 0.1682074837520548 0.2707969553969248 0.07117059196097686 0.02116792530747385
2 0.10781170002508296 0.3162901067652132 0.1098101361109498 0.016274219475123627
3 0.2896227530568125 0.31603135596828913 0.21939040034563095 0.02501063165613401
2 0.5000475993301637 0.30861304148184165 0.0639414702251982 0.015376451720846285
3 0.5659965010171514 0.31015061680073586 0.03353476354189865 0.02043129535524632
2 0.10108739674642271 0.36591810493488097 0.09348813110027102 0.020663073429844827
3 0.18218218380599294 0.362445294776862 0.03456721325732701 0.015743185482432694
2 0.47744568093720485 0.3585518054126054 0.04879558485261561 0.019788325361574575
3 0.5356779700152332 0.35788344391113547 0.03353476354189872 0.02043129535524632
2 0.10252409597310182 0.41302940052308856 0.09348813110027102 0.020663073429844827
3 0.1959825062249489 0.40978599661787707 0.05929445964188062 0.017168824800346157
2 0.48645532285017534 0.4031579082623564 0.0639414702251982 0.015376451720846285
3 0.5582273547585768 0.4026959333276868 0.04518102398472619 0.016892588568260817
2 0.10800636583567398 0.4770317034650295 0.1004299129907138 0.017032287898830843
4 0.2464015612037119 0.48092247174154307 0.024097072452595566 0.01930491195542529
2 0.2961711409387983 0.4728774407480097 0.05335639348233251 0.01516927454678228
5 0.4228195069181411 0.4774695188404764 0.024097072452595566 0.019304911955425233
2 0.46259206972940975 0.46962015517800343 0.03336235963469716 0.014777939884661423
1 0.2614785722066316 0.5315379445877255 0.40392624758859913 0.024855818712193993
2 0.6693077073723462 0.5721092775281225 0.15820344518009527 0.022871382072000058
1 0.6788038532946068 0.5940789388095266 0.1992814305598613 0.020850393346956608