0 0.4944511927804254 0.05786731647507827 0.6425392744467431 0.023244114386596577
0 0.49543546013644746 0.1362944000271708 0.2649128671434174 0.019952970414897655
2 0.08713492975712384 0.22662233037225332 0.06371048780644911 0.01525872855377979
2 0.4665320981113466 0.22380597649531717 0.08372169745418293 0.016413364442476507
2 0.08775009685463765 0.27563925759231117 0.06371048780644911 0.015258728553779763
2 0.45714166038499354 0.27241988311532217 0.06371048780644908 0.015258728553779818
2 0.08836526395215147 0.324656184812369 0.06371048780644911 0.015258728553779763
2 0.450140945191054 0.32395429979861357 0.04847872322354239 0.02002713507132423
2 0.1396028099666158 0.37617325791241213 0.1649552456403501 0.022022499326623198
2 0.09960120297104605 0.4230930598525374 0.08372169745418298 0.016413364442476562
2 0.4889916728071856 0.4196993880312529 0.08372169745418298 0.016413364442476507
2 0.10869728068053511 0.49164498846590854 0.10019138500012241 0.016556903431896444
4 0.24701113883475015 0.49730265604408536 0.023774191904633292 0.01981182658719441
2 0.2969161295345821 0.4895143736003378 0.05312283152691661 0.015166453489152722
4 0.4234720768269584 0.4957647383003009 0.023774191904633226 0.019811826587194464
2 0.46337761437389846 0.488063604528701 0.033123925221133006 0.014992156144857107
1 0.26120419121280103 0.5501230304147244 0.4037288050306211 0.021162799040008153
2 0.6682861738319599 0.5970681282482001 0.15789680812066195 0.02196098261687178
1 0.6773983492674018 0.6200291881544382 0.19903411695965956 0.01937881445721803