0 0.5001428142750854 0.05756099146051083 0.6423585866464334 0.01770356267000994
0 0.5001177784760352 0.13512196429157894 0.24941710933758607 0.016640728977698672
2 0.14126528967398713 0.22479840800461398 0.16471248968215052 0.020524365090053356
2 0.5712660615581494 0.22245483388576542 0.0835344474235747 0.015628297160941235
2 0.10066209733768969 0.2711308600973335 0.08353444742357477 0.01562829716094129
2 0.09064650936823766 0.31942132152231495 0.06353413322438048 0.014648247896353196
2 0.1135719392313725 0.3682068999970688 0.10941648452178258 0.014658432731309637
2 0.1088438554893752 0.43698634073937015 0.10000503506879602 0.015631953255541006
4 0.24707694024464588 0.44384629386706537 0.023535709235971165 0.019517417415195602
2 0.29707930032118823 0.43654031981708047 0.05294589830959544 0.014645897549824762
4 0.423547522157731 0.44388546630920567 0.0235357092359711 0.019517417415195602
2 0.4635498825925318 0.43657727248749945 0.032945899026112384 0.014641458006382236
1 0.26058934607623757 0.49653222202948705 0.40353506579072496 0.01765054929831344
2 0.6670437015902435 0.5468663498602107 0.157653666405627 0.02052279819236779
1 0.6758598301666817 0.5697951369292372 0.19882919077154623 0.017605109265430588