0 0.5 0.05824284304047384 0.6423529411764706 0.017769002961500493
0 0.5 0.13672260612043435 0.23294117647058823 0.01678183613030602
2 0.10058823529411764 0.2250740375123396 0.08352941176470588 0.01579466929911155
3 0.18235294117647058 0.2250740375123396 0.04470588235294118 0.01579466929911155
2 0.1411764705882353 0.27690029615004935 0.16470588235294117 0.02073050345508391
3 0.2576470588235294 0.27690029615004935 0.03294117647058824 0.02073050345508391
2 0.10529411764705883 0.32576505429417574 0.09294117647058824 0.019743336623889437
3 0.20470588235294118 0.3262586377097729 0.07058823529411765 0.02073050345508391
2 0.09294117647058824 0.37561697926949655 0.06823529411764706 0.02073050345508391
3 0.16705882352941176 0.37314906219151034 0.04470588235294118 0.01579466929911155
2 0.08294117647058824 0.4244817374136229 0.04823529411764706 0.019743336623889437
3 0.14705882352941177 0.42250740375123397 0.04470588235294118 0.01579466929911155
2 0.10529411764705883 0.4738400789733465 0.09294117647058824 0.019743336623889437
3 0.1988235294117647 0.4723593287265548 0.058823529411764705 0.01678183613030602
2 0.10882352941176471 0.5409674234945706 0.1 0.01579466929911155
5 0.24705882352941178 0.5478775913129319 0.023529411764705882 0.019743336623889437
2 0.29705882352941176 0.5404738400789734 0.052941176470588235 0.014807502467917079
4 0.4235294117647059 0.5478775913129319 0.023529411764705882 0.019743336623889437
2 0.46352941176470586 0.5404738400789734 0.03294117647058824 0.014807502467917079
1 0.2605882352941176 0.6011846001974334 0.40352941176470586 0.017769002961500493
2 0.6670588235294118 0.6520236920039487 0.15764705882352942 0.02073050345508391
1 0.6758823529411765 0.6752221125370188 0.1988235294117647 0.017769002961500493