0 0.4934900139505573 0.05400860532275861 0.6425519283722505 0.022137554553548492
0 0.4945583193535427 0.12719693675697258 0.2837515150109747 0.01897014632248742
2 0.09636077522533766 0.21214464431178232 0.08373769173191042 0.015374997383253736
3 0.1863883618089763 0.21363733137508126 0.061452959659386415 0.019751954142514527
2 0.13764747117379772 0.2598162062122996 0.16497570187509866 0.02066582930426329
3 0.27234467553401426 0.2586271300075243 0.06968772324472715 0.019824648757653652
2 0.11007500999215526 0.3053507249676965 0.10849539775808195 0.019252497800381754
3 0.19827791220001723 0.30274214580535064 0.03315271542196008 0.014928444747399227
2 0.10309613468263334 0.35116093425670936 0.0932022653853063 0.01911749351512344
3 0.18662016533394668 0.3504236031602984 0.03908810468163849 0.0186397860442093
2 0.0890255060418332 0.3947463178585223 0.06372562634997414 0.01428359917498823
3 0.16200204496460607 0.3968470136960732 0.04733622208451654 0.019627334802276075
2 0.5090385103468235 0.3937834549152109 0.1649757018750987 0.02066582930426334
3 0.6331481615258877 0.39268784321561434 0.04851261688242242 0.01963771974729596
2 0.10820106954575434 0.45908256828711536 0.1002072189025919 0.01552038661353196
5 0.24652093502244965 0.46426631624777404 0.023794972308862825 0.01850478175895083
2 0.2964175603019171 0.4569635500124719 0.05313807316882169 0.014190134669809411
4 0.42298015470832284 0.4627085744947932 0.02379497230886279 0.018504781758950935
2 0.4628774242055909 0.45549408029215993 0.03313936160442281 0.014013590604471554
1 0.2607705813453818 0.5135490130981399 0.4037437843973686 0.020029410714514407
2 0.6679027056250151 0.5570760029545493 0.15791733308766384 0.020603519634144023
1 0.6770394813214358 0.5784971882257005 0.19905108956175555 0.018222430281056603