0 0.5127273578923784 0.05583039570420245 0.6426700310159247 0.028847473645639193
0 0.5105633012900612 0.1313533889957302 0.3051122380736613 0.022616104333371707
2 0.12180089910394466 0.20776827935207903 0.10978859944091528 0.01617978544439448
2 0.5140501114601983 0.21500926076546303 0.06391837670660072 0.015333014004748352
2 0.12044836372749636 0.25497015015928387 0.10978859944091526 0.016179785444394454
3 0.2914849018368569 0.2614333899483141 0.19818992119037673 0.024416453972107177
2 0.563191284924638 0.26597686361353046 0.16523040287872437 0.02286447808647357
2 0.1466544258247789 0.3055143672875283 0.16523040287872454 0.022864478086473624
3 0.2701511793402411 0.30779413654811394 0.04761444714971293 0.020693269266868212
2 0.11774329297459975 0.34937389177369355 0.10978859944091528 0.016179785444394454
3 0.27578797453871107 0.3574863734248553 0.17242261376011003 0.027714937696370394
2 0.1111315798646472 0.4158416812590681 0.10040637369012331 0.016950126154970133
4 0.24914097289353304 0.42500111353511316 0.02406420529638166 0.019314990086803034
2 0.2993306343848302 0.41884359666236476 0.053332940690989705 0.015137605210983882
5 0.4255649064870505 0.4282579267645213 0.02406420529638166 0.01931499008680298
2 0.4657572117413817 0.4219158571421064 0.03333822821705774 0.014768499711650986
1 0.2612060695958052 0.476228823021149 0.4039096408860312 0.02443991974184025
2 0.6661760852017984 0.5323482764243067 0.15817344553498375 0.022734205557297275
1 0.6743615902545437 0.5546959963651634 0.1992578779175508 0.020662016395726953