0 0.4883427365682986 0.0527660673491382 0.6426461209936833 0.02570995872699965
0 0.4901925418433888 0.12373432612307736 0.24975853569380935 0.01891925603804005
2 0.07534431604487392 0.2116747993224247 0.0486912191280181 0.0185776584722949
3 0.14884771148599601 0.21012478662978562 0.06395907725994152 0.017914539632031358
2 0.09410478667196771 0.25425867819068126 0.08388536129404174 0.015536690763484882
3 0.18890848454066894 0.2573005618742617 0.07117939602202304 0.02426926959261811
2 0.08768079313185126 0.30123929128650895 0.06871057512564487 0.01977053960495288
3 0.1623138930621951 0.2978862548501879 0.046245666222521506 0.014971610984930755
2 0.13707005198631853 0.3451494078352926 0.16516229374641542 0.02121855653749774
3 0.2534596886366301 0.341169486019638 0.03330702104168642 0.01477736481105281
2 0.07999791422120185 0.390211299382649 0.04869121912801808 0.0185776584722949
3 0.14411465388532554 0.3896952391349495 0.04518576570594469 0.019417364743356556
2 0.103509882713999 0.43450990827918856 0.09338835702544836 0.01924869070932788
3 0.1875761744031045 0.43190828439853 0.04038773185847811 0.015775999769832794
2 0.5381423707384 0.42843134396134713 0.16516229374641553 0.02121855653749774
3 0.6521911604421824 0.42493308088200277 0.028625327148628164 0.015599412339034658
2 0.10862082750690549 0.49515934207042533 0.10035272788783181 0.015783913166602305
4 0.24699195878381527 0.4993332172606547 0.023990169237332968 0.01820682486761872
2 0.2968076688690658 0.49188760192750425 0.053279841057549925 0.014184880943108474
5 0.4234280294315664 0.4966844057986823 0.023990169237332968 0.01820682486761872
2 0.46324569551344424 0.48938888978171025 0.03328375305080479 0.013884682310751576
1 0.26177519570775143 0.5473349967314974 0.4038693053837269 0.022125233881797005
2 0.6693645799634759 0.5872070497629288 0.15810485092050552 0.02111260407901889
1 0.6787331812815819 0.6080526479469065 0.19920346343233566 0.019052612585908995