0 0.5 0.05175438596491228 0.6423529411764706 0.015789473684210527
0 0.5 0.12149122807017544 0.24941176470588236 0.014912280701754385
2 0.09058823529411765 0.19956140350877194 0.06352941176470588 0.013157894736842105
3 0.17470588235294118 0.20219298245614034 0.06941176470588235 0.018421052631578946
2 0.11352941176470588 0.24342105263157895 0.10941176470588235 0.013157894736842105
3 0.2923529411764706 0.24649122807017543 0.21294117647058824 0.01929824561403509
2 0.11294117647058824 0.2894736842105263 0.10823529411764705 0.017543859649122806
3 0.20470588235294118 0.2881578947368421 0.04 0.014912280701754385
2 0.10529411764705883 0.3333333333333333 0.09294117647058824 0.017543859649122806
2 0.09058823529411765 0.375 0.06352941176470588 0.013157894736842105
3 0.17058823529411765 0.37763157894736843 0.0611764705882353 0.018421052631578946
2 0.47 0.37543859649122807 0.08352941176470588 0.014035087719298246
3 0.5458823529411765 0.37543859649122807 0.03294117647058824 0.014035087719298246
2 0.09294117647058824 0.4214912280701754 0.06823529411764706 0.018421052631578946
3 0.16823529411764707 0.4206140350877193 0.047058823529411764 0.016666666666666666
2 0.10882352941176471 0.4807017543859649 0.1 0.014035087719298246
5 0.24705882352941178 0.4868421052631579 0.023529411764705882 0.017543859649122806
2 0.29705882352941176 0.48026315789473684 0.052941176470588235 0.013157894736842105
4 0.4235294117647059 0.4868421052631579 0.023529411764705882 0.017543859649122806
2 0.46352941176470586 0.48026315789473684 0.03294117647058824 0.013157894736842105
1 0.2605882352941176 0.5342105263157895 0.40352941176470586 0.015789473684210527
2 0.6670588235294118 0.5793859649122807 0.15764705882352942 0.018421052631578946
1 0.6758823529411765 0.6 0.1988235294117647 0.015789473684210527