0 0.5 0.05253784505788068 0.6423529411764706 0.016028495102404273
0 0.5 0.12377560106856635 0.28352941176470586 0.016028495102404273
2 0.11352941176470588 0.20258236865538737 0.10941176470588235 0.013357079252003561
3 0.2735294117647059 0.20569902048085487 0.17529411764705882 0.019590382902938557
2 0.09294117647058824 0.2497773820124666 0.06823529411764706 0.018699910952804988
3 0.16705882352941176 0.24799643811219946 0.04470588235294118 0.015138023152270703
2 0.48705882352941177 0.2493321460373998 0.10823529411764705 0.017809439002671415
3 0.5752941176470588 0.2475512021371327 0.03294117647058824 0.014247551202137132
2 0.11352941176470588 0.29162956366874443 0.10941176470588235 0.013357079252003561
3 0.23705882352941177 0.292520035618878 0.10235294117647059 0.015138023152270703
2 0.10058823529411764 0.3365983971504898 0.08352941176470588 0.014247551202137132
3 0.18352941176470589 0.3388245770258237 0.047058823529411764 0.018699910952804988
2 0.4723529411764706 0.3383793410507569 0.04823529411764706 0.017809439002671415
3 0.538235294117647 0.3388245770258237 0.04823529411764706 0.018699910952804988
2 0.09294117647058824 0.38334817453250225 0.06823529411764706 0.018699910952804988
3 0.17529411764705882 0.38334817453250225 0.0611764705882353 0.018699910952804988
2 0.10882352941176471 0.44345503116651824 0.1 0.014247551202137132
5 0.24705882352941178 0.44968833481745324 0.023529411764705882 0.017809439002671415
2 0.29705882352941176 0.44300979519145145 0.052941176470588235 0.013357079252003561
4 0.4235294117647059 0.44968833481745324 0.023529411764705882 0.017809439002671415
2 0.46352941176470586 0.44300979519145145 0.03294117647058824 0.013357079252003561
1 0.2605882352941176 0.4977738201246661 0.40352941176470586 0.016028495102404273
2 0.6670588235294118 0.543633125556545 0.15764705882352942 0.018699910952804988
1 0.6758823529411765 0.5645592163846839 0.1988235294117647 0.016028495102404273