0 0.5 0.05624404194470925 0.6423529411764706 0.017159199237368923
0 0.5 0.1325071496663489 0.2647058823529412 0.017159199237368923
2 0.08294117647058824 0.219256434699714 0.04823529411764706 0.019065776930409915
3 0.15529411764705883 0.21973307912297427 0.0611764705882353 0.02001906577693041
2 0.46705882352941175 0.219256434699714 0.10823529411764705 0.019065776930409915
3 0.5617647058823529 0.21734985700667303 0.04588235294117647 0.015252621544327931
2 0.08294117647058824 0.2669208770257388 0.04823529411764706 0.019065776930409915
3 0.15941176470588236 0.26739752144899903 0.06941176470588235 0.02001906577693041
2 0.11352941176470588 0.31220209723546233 0.10941176470588235 0.014299332697807437
3 0.25529411764705884 0.3174451858913251 0.1388235294117647 0.02478551000953289
2 0.08294117647058824 0.3622497616777884 0.04823529411764706 0.019065776930409915
3 0.1476470588235294 0.3603431839847474 0.04588235294117647 0.015252621544327931
2 0.4370588235294118 0.3622497616777884 0.04823529411764706 0.019065776930409915
3 0.5064705882352941 0.3627264061010486 0.05529411764705883 0.02001906577693041
2 0.1411764705882353 0.4103908484270734 0.16470588235294117 0.02001906577693041
3 0.27647058823529413 0.4127740705433746 0.07058823529411765 0.02478551000953289
2 0.10882352941176471 0.4747378455672069 0.1 0.015252621544327931
4 0.24705882352941178 0.48141086749285034 0.023529411764705882 0.019065776930409915
2 0.29705882352941176 0.4742612011439466 0.052941176470588235 0.014299332697807437
5 0.4235294117647059 0.48141086749285034 0.023529411764705882 0.019065776930409915
2 0.46352941176470586 0.4742612011439466 0.03294117647058824 0.014299332697807437
1 0.2605882352941176 0.5328884652049571 0.40352941176470586 0.017159199237368923
2 0.6670588235294118 0.5819828408007627 0.15764705882352942 0.02001906577693041
1 0.6758823529411765 0.6043851286939943 0.1988235294117647 0.017159199237368923