0 0.5123845772292012 0.04949999847072401 0.6426443188903967 0.0240200823275913
0 0.5105545142371538 0.11607016598294975 0.24975534994109888 0.017709286593661153
2 0.1014558119167861 0.18743725546518097 0.06870564358068372 0.018535049310593684
3 0.16967804263164601 0.18838773222537541 0.033418282866101025 0.018043423400148292
2 0.10030482890291981 0.22930528534708394 0.06870564358068372 0.018535049310593684
3 0.1826420039036128 0.23045241247145654 0.061648171437767185 0.018436724128504587
2 0.48205399644968266 0.23252963745097316 0.08388173492228294 0.014561284216929715
2 0.09687041415558 0.26862845837537636 0.06386254419040874 0.013445335603372582
2 0.4585083123293593 0.27576102545153686 0.048686452848809535 0.01741910069703655
2 0.1057060068473735 0.3110544625640579 0.08388173492228292 0.014561284216929715
3 0.19444347233157466 0.3148038028982597 0.05931870038373902 0.01924130966544631
2 0.09685187986132097 0.35490937499279285 0.06870564358068372 0.018535049310593684
2 0.4609113277302378 0.3595626353367355 0.048686452848809535 0.01741910069703655
2 0.11117736511416372 0.4116524469930623 0.10034916992242152 0.014790709641804244
5 0.24922505695767133 0.41943950599243984 0.023985300348601666 0.017074962559724804
2 0.29938813208874343 0.41385577154995207 0.05327633597603391 0.013297847830238983
4 0.4256618605305848 0.42189763554466686 0.0239853003486016 0.01707496255972476
2 0.46582685012585845 0.4161746070942195 0.03328016490443708 0.013019259814319954
1 0.2615088169099524 0.4648454348638991 0.40386651138838736 0.020693413666910777
2 0.6667160753019474 0.5136313973775554 0.15810029072429316 0.01978050161705533
1 0.674996953464076 0.5334322778996611 0.1991998192438075 0.017841983386327434