0 0.4990574629810825 0.0500429219254397 0.6423841891969585 0.01596653427020922
0 0.4991987102817498 0.11747287047761226 0.24944168411710066 0.01469053533707192
2 0.10465584567544628 0.1955106693142056 0.09297660439821301 0.01706470085084397
2 0.10474468045574012 0.23791944198852796 0.09297660439821304 0.01706470085084397
2 0.10483351523603393 0.28032821466285035 0.09297660439821301 0.01706470085084397
2 0.08256943432979848 0.32276132460098517 0.04827077302515446 0.01701602632321902
2 0.4466875545186972 0.3227889711093094 0.06827252691397073 0.017885977223274556
2 0.10857257305750569 0.3804090754483859 0.10002831309574617 0.013679684488628403
4 0.24682014640923067 0.38619579685974026 0.02356491884530629 0.0169891272421631
2 0.2968067641752127 0.37978004234216933 0.05296776653376278 0.012780272690273615
4 0.4232905334081462 0.38600366056648394 0.02356491884530629 0.016989127242163143
2 0.463277162577523 0.3795987937721974 0.03296778934055229 0.012758497243704588
1 0.2604454843085315 0.4319825408988588 0.40356093212509264 0.015706509820002334
2 0.6670071088530696 0.4752210228246103 0.15768418966008801 0.01798332627852441
1 0.6758723805497536 0.4951435391668791 0.1988552832063507 0.01548363171982487