0 0.49662410582317623 0.05453654497289554 0.6424676285920867 0.0196397457021571
0 0.4971844202093711 0.12847238813092118 0.3048265533092291 0.018060624924520503
2 0.08077034511365687 0.2145249265025209 0.04837451792267126 0.018709549472025914
3 0.14252345055114582 0.21284976588642318 0.04011835795555826 0.015898440212681997
2 0.49311948082993534 0.21305851739486611 0.16485004607898973 0.020178461647341054
3 0.6236913940727098 0.21059938122421631 0.06129445326946579 0.015997479146471053
2 0.10347308665859763 0.2606302873795096 0.09307960802980925 0.018918631665580606
3 0.19346098584796317 0.2588230748516931 0.05188285535217353 0.01595346184256481
2 0.4899403281023224 0.259284925857597 0.06838116742674462 0.01972728428230204
3 0.5605098026574454 0.25664430097961183 0.03775845454640777 0.01496323784723011
2 0.09147406284843708 0.30736006108439023 0.06838116742674462 0.019727284282301985
3 0.16322348910813525 0.30517603306315444 0.04011835795555828 0.01589844021268197
2 0.08945034807100345 0.3508083732657069 0.0636333448891339 0.014160087393496992
3 0.15593376622153451 0.35234589713581965 0.0342501171169055 0.017719325476691264
2 0.1121705994405128 0.39922422924138384 0.10837345464540905 0.01899015978442824
3 0.2186428028447946 0.3991883825106821 0.06955761716640615 0.019732786445290303
2 0.11309151097714672 0.44312088503496744 0.10951488473593339 0.014374671750039895
3 0.2478335277824423 0.4475739765899235 0.12488577457963503 0.024612378303116078
2 0.1088794890713348 0.5082988554699307 0.10011029074846864 0.015254852485609014
4 0.2471613609903561 0.5141217375951349 0.0236690733897792 0.018594004049272014
2 0.29710794545226515 0.506956410372068 0.05304529723218015 0.014110567926602412
5 0.423628821939585 0.5132964131468928 0.023669073389779267 0.018594004049272014
2 0.463575583614371 0.5061778543092262 0.03304565165793426 0.014017031155801671
1 0.2610687452071451 0.563965156852437 0.40364833144079704 0.01852280661553615
2 0.6678928326463152 0.6096603585729649 0.15779134764102049 0.02014544866941137
1 0.6768807980447212 0.6313377462782229 0.19894607673969175 0.017565430255575273