0 0.5 0.0511265164644714 0.6423529411764706 0.01559792027729636
0 0.5 0.12045060658578856 0.28352941176470586 0.01559792027729636
2 0.11294117647058824 0.19930675909878684 0.10823529411764705 0.01733102253032929
2 0.5147058823529411 0.1975736568457539 0.08352941176470588 0.01386481802426343
2 0.09294117647058824 0.2430675909878683 0.06823529411764706 0.018197573656845753
2 0.4647058823529412 0.2404679376083189 0.06352941176470588 0.012998266897746967
2 0.10529411764705883 0.28596187175043325 0.09294117647058824 0.01733102253032929
2 0.09294117647058824 0.3297227036395147 0.06823529411764706 0.018197573656845753
2 0.1411764705882353 0.37305025996533797 0.16470588235294117 0.018197573656845753
2 0.10882352941176471 0.43154246100519933 0.1 0.01386481802426343
4 0.24705882352941178 0.4376083188908146 0.023529411764705882 0.01733102253032929
2 0.29705882352941176 0.4311091854419411 0.052941176470588235 0.012998266897746967
4 0.4235294117647059 0.4376083188908146 0.023529411764705882 0.01733102253032929
2 0.46352941176470586 0.4311091854419411 0.03294117647058824 0.012998266897746967
1 0.2605882352941176 0.48440207972270366 0.40352941176470586 0.01559792027729636
2 0.6670588235294118 0.5290294627383015 0.15764705882352942 0.018197573656845753
1 0.6758823529411765 0.5493934142114385 0.1988235294117647 0.01559792027729636