0 0.5 0.05795677799607073 0.6423529411764706 0.01768172888015717
0 0.5 0.13654223968565815 0.28352941176470586 0.01768172888015717
2 0.10529411764705883 0.22593320235756384 0.09294117647058824 0.019646365422396856
3 0.1864705882352941 0.22396856581532418 0.03411764705882353 0.015717092337917484
2 0.54 0.22642436149312378 0.16470588235294117 0.0206286836935167
3 0.6629411764705883 0.22396856581532418 0.04588235294117647 0.015717092337917484
2 0.1411764705882353 0.27554027504911593 0.16470588235294117 0.0206286836935167
3 0.26176470588235295 0.2735756385068762 0.041176470588235294 0.01669941060903733
2 0.11294117647058824 0.3241650294695481 0.10823529411764705 0.019646365422396856
3 0.2011764705882353 0.32220039292730845 0.03294117647058824 0.015717092337917484
2 0.08294117647058824 0.37328094302554027 0.04823529411764706 0.019646365422396856
3 0.16411764705882353 0.3742632612966601 0.07882352941176471 0.021611001964636542
2 0.45941176470588235 0.37328094302554027 0.09294117647058824 0.019646365422396856
3 0.5441176470588235 0.3718074656188605 0.041176470588235294 0.01669941060903733
2 0.10882352941176471 0.4400785854616896 0.1 0.015717092337917484
5 0.24705882352941178 0.44695481335952847 0.023529411764705882 0.019646365422396856
2 0.29705882352941176 0.4395874263261297 0.052941176470588235 0.014734774066797643
4 0.4235294117647059 0.44695481335952847 0.023529411764705882 0.019646365422396856
2 0.46352941176470586 0.4395874263261297 0.03294117647058824 0.014734774066797643
1 0.2605882352941176 0.5 0.40352941176470586 0.01768172888015717
2 0.6670588235294118 0.5505893909626719 0.15764705882352942 0.0206286836935167
1 0.6758823529411765 0.5736738703339882 0.1988235294117647 0.01768172888015717