0 0.49186910603221534 0.05202376144671559 0.6425814274314603 0.022395838921752998
0 0.493140307743993 0.12206134446537066 0.24966055628093192 0.01751526016465532
2 0.09519653729171865 0.20497415094827573 0.08377753563948939 0.014945829173796037
3 0.17637350473283558 0.20458837362821183 0.043797220327097416 0.015419659858480622
2 0.1007334628198764 0.25073699763811563 0.09325239083193379 0.018565531593043836
3 0.18775226496307756 0.24808890630602187 0.04613395420793104 0.014562633689238352
2 0.10153296075181197 0.294785791989471 0.0932523908319338 0.018565531593043888
3 0.20271607580776363 0.29463693001174945 0.07446258003343206 0.020135885624819265
2 0.08758795979044828 0.336781832359414 0.06376339304533532 0.013861280685597646
3 0.1675965602911484 0.3368485178417561 0.06144264912314034 0.015599282741867039
2 0.10694886163038846 0.3987050220819925 0.10024660251579615 0.015113477198290004
5 0.2452833169098626 0.4034648073713221 0.023847037567498165 0.01785901491839072
2 0.2951587738088607 0.39634855671569064 0.053176135767709555 0.013753506955565837
4 0.4217376048702922 0.4016685785374581 0.023847037567498133 0.01785901491839072
2 0.46161398545153254 0.39465411418241225 0.033177983132194215 0.013549934354394567
1 0.25967493675331926 0.450899794393523 0.40377995772501235 0.019964942566590333
2 0.666931462892069 0.4921327388280856 0.15796828637606336 0.02010512471915447
1 0.6761299413181002 0.5127458607315295 0.19909298369091416 0.017881317119308092