0 0.5 0.057337220602526724 0.6423529411764706 0.01749271137026239
0 0.5 0.13508260447035958 0.30470588235294116 0.01749271137026239
2 0.1411764705882353 0.2240038872691934 0.16470588235294117 0.02040816326530612
2 0.5841176470588235 0.22108843537414966 0.10941176470588235 0.014577259475218658
2 0.09058823529411765 0.2696793002915452 0.06352941176470588 0.014577259475218658
3 0.16 0.2725947521865889 0.04 0.02040816326530612
2 0.09058823529411765 0.3182701652089407 0.06352941176470588 0.014577259475218658
3 0.16941176470588235 0.3216715257531584 0.058823529411764705 0.021379980563654033
2 0.10529411764705883 0.369290573372206 0.09294117647058824 0.019436345966958212
3 0.1864705882352941 0.3688046647230321 0.03411764705882353 0.0184645286686103
2 0.08294117647058824 0.41788143828960156 0.04823529411764706 0.019436345966958212
2 0.4470588235294118 0.41836734693877553 0.06823529411764706 0.02040816326530612
2 0.10058823529411764 0.4645286686103013 0.08352941176470588 0.015549076773566569
2 0.48 0.4640427599611273 0.06352941176470588 0.014577259475218658
2 0.10882352941176471 0.532555879494655 0.1 0.015549076773566569
4 0.24705882352941178 0.5393586005830904 0.023529411764705882 0.019436345966958212
2 0.29705882352941176 0.532069970845481 0.052941176470588235 0.014577259475218658
5 0.4235294117647059 0.5393586005830904 0.023529411764705882 0.019436345966958212
2 0.46352941176470586 0.532069970845481 0.03294117647058824 0.014577259475218658
1 0.2605882352941176 0.5918367346938775 0.40352941176470586 0.01749271137026239
2 0.6670588235294118 0.641885325558795 0.15764705882352942 0.02040816326530612
1 0.6758823529411765 0.6647230320699709 0.1988235294117647 0.01749271137026239