0 0.5 0.049747048903878585 0.6423529411764706 0.01517706576728499
0 0.5 0.11720067453625632 0.2647058823529412 0.01517706576728499
2 0.1411764705882353 0.19435075885328837 0.16470588235294117 0.01770657672849916
3 0.2576470588235294 0.19224283305227655 0.03294117647058824 0.013490725126475547
2 0.09294117647058824 0.23650927487352444 0.06823529411764706 0.01770657672849916
3 0.17529411764705882 0.23650927487352444 0.0611764705882353 0.01770657672849916
2 0.47941176470588237 0.23608768971332209 0.09294117647058824 0.016863406408094434
3 0.571764705882353 0.234822934232715 0.05647058823529412 0.01433389544688027
2 0.08294117647058824 0.2782462057335582 0.04823529411764706 0.016863406408094434
3 0.14 0.2765598650927487 0.03058823529411765 0.013490725126475547
2 0.10058823529411764 0.31871838111298484 0.08352941176470588 0.013490725126475547
3 0.1811764705882353 0.3191399662731872 0.042352941176470586 0.01433389544688027
2 0.5305882352941177 0.3208263069139966 0.16470588235294117 0.01770657672849916
3 0.6658823529411765 0.3208263069139966 0.07058823529411765 0.01770657672849916
2 0.11352941176470588 0.36045531197301856 0.10941176470588235 0.012647554806070826
3 0.2676470588235294 0.36298482293423273 0.1635294117647059 0.01770657672849916
2 0.11294117647058824 0.40472175379426645 0.10823529411764705 0.016863406408094434
3 0.2111764705882353 0.403035413153457 0.052941176470588235 0.013490725126475547
2 0.10882352941176471 0.4620573355817875 0.1 0.013490725126475547
5 0.24705882352941178 0.4679595278246206 0.023529411764705882 0.016863406408094434
2 0.29705882352941176 0.46163575042158517 0.052941176470588235 0.012647554806070826
4 0.4235294117647059 0.4679595278246206 0.023529411764705882 0.016863406408094434
2 0.46352941176470586 0.46163575042158517 0.03294117647058824 0.012647554806070826
1 0.2605882352941176 0.5134907251264755 0.40352941176470586 0.01517706576728499
2 0.6670588235294118 0.5569139966273187 0.15764705882352942 0.01770657672849916
1 0.6758823529411765 0.5767284991568297 0.1988235294117647 0.01517706576728499