0 0.5 0.05060034305317324 0.6423529411764706 0.015437392795883362
0 0.5 0.11878216123499143 0.24941176470588236 0.014579759862778732
2 0.10529411764705883 0.19725557461406518 0.09294117647058824 0.017152658662092625
3 0.20411764705882354 0.1976843910806175 0.06941176470588235 0.018010291595197257
2 0.49941176470588233 0.1955403087478559 0.08352941176470588 0.0137221269296741
3 0.5835294117647059 0.1955403087478559 0.04941176470588235 0.0137221269296741
2 0.09058823529411765 0.23799313893653518 0.06352941176470588 0.012864493996569469
3 0.1623529411764706 0.24056603773584906 0.04470588235294118 0.018010291595197257
2 0.10529411764705883 0.2830188679245283 0.09294117647058824 0.017152658662092625
3 0.18941176470588236 0.2834476843910806 0.04 0.018010291595197257
2 0.09058823529411765 0.3237564322469983 0.06352941176470588 0.012864493996569469
3 0.17529411764705882 0.3263293310463122 0.07058823529411765 0.018010291595197257
2 0.45235294117647057 0.3259005145797599 0.04823529411764706 0.017152658662092625
3 0.5105882352941177 0.3263293310463122 0.03294117647058824 0.018010291595197257
2 0.11352941176470588 0.3666380789022298 0.10941176470588235 0.012864493996569469
3 0.2782352941176471 0.36963979416809606 0.18470588235294116 0.018867924528301886
2 0.10882352941176471 0.42710120068610635 0.1 0.0137221269296741
4 0.24705882352941178 0.43310463121783876 0.023529411764705882 0.017152658662092625
2 0.29705882352941176 0.42667238421955406 0.052941176470588235 0.012864493996569469
5 0.4235294117647059 0.43310463121783876 0.023529411764705882 0.017152658662092625
2 0.46352941176470586 0.42667238421955406 0.03294117647058824 0.012864493996569469
1 0.2605882352941176 0.4794168096054888 0.40352941176470586 0.015437392795883362
2 0.6670588235294118 0.5235849056603774 0.15764705882352942 0.018010291595197257
1 0.6758823529411765 0.5437392795883362 0.1988235294117647 0.015437392795883362