0 0.514166855808812 0.05441551767008821 0.6426808336687723 0.029038450972107215
0 0.5118276432913611 0.12798983879783424 0.2651504344314042 0.0216988220003216
2 0.09995459681276563 0.2014244506040282 0.06394838913461669 0.015029889150631257
3 0.1716825136612588 0.2032790482645935 0.04515991468735308 0.015583729960526935
2 0.4792345367159995 0.20925821641450607 0.08397145105754984 0.016338271256691822
3 0.5691921145868578 0.21146721983539127 0.06165465512208651 0.016823517403299782
2 0.09077479204042245 0.24955897707365474 0.04880519680142531 0.01933104068020197
3 0.14905057690865378 0.24885143098970838 0.03339884306002076 0.015355081082901238
2 0.4447830480231259 0.25644130829018896 0.0488051968014253 0.01933104068020197
3 0.5159813916031887 0.2564451154786793 0.05930244079661995 0.016777787627774637
2 0.09929507502201405 0.2961971188315263 0.06882825872435844 0.020639422786262508
3 0.17522708740947798 0.2953727065569702 0.04868823617555279 0.01565232462381468
2 0.09783306719860724 0.34218106953636757 0.06882825872435844 0.020639422786262508
3 0.17258897242333793 0.34133379237404876 0.046336021850086326 0.015606594848289534
2 0.49184358679247464 0.3493809674297808 0.10878666210082027 0.02049714995609316
3 0.5847999128831024 0.3498077750418787 0.04283694051835482 0.016457679199098626
2 0.10873480466213345 0.3879452620556674 0.09349726898528819 0.020199906415179665
3 0.20227918433412778 0.38838350211164663 0.05930244079662002 0.016777787627774637
2 0.10262684850072996 0.4319983951812647 0.0839714510575498 0.016338271256691798
3 0.18552778339518888 0.43407020927557444 0.04754136916928771 0.01654913875014886
2 0.10881278768709307 0.49653598038238056 0.1004369513358151 0.01665837968536781
4 0.24680069821297113 0.5056603577931604 0.02410694638402741 0.01885087803718795
2 0.29700455380264457 0.4997345229173437 0.05336342467001754 0.014824105160768158
5 0.4232167726229562 0.5090900909575463 0.02410694638402741 0.01885087803718795
2 0.46342371732939724 0.5029699045357476 0.03336960290355264 0.014435402068804323
1 0.25874696213512394 0.5555859707636587 0.40393107963392566 0.024396878756304995
2 0.6635861188013473 0.6108492587116138 0.1582124030920843 0.022377154256217956
1 0.6717197788448453 0.6326332022011085 0.19928843331834306 0.020418388285617612