0 0.5070720101192927 0.05313806542569518 0.6425622473531329 0.02215048972688336
0 0.5059396338766265 0.12468997639982858 0.23316624652570386 0.01745812163339935
2 0.11822968014276293 0.20121227371091288 0.10961740132703483 0.014513831817521724
3 0.2711169156969663 0.20532902607397638 0.1614637755023532 0.020393467819189322
2 0.08689589116417919 0.24818019962479676 0.04851663326538034 0.01844727990424127
3 0.1592364074094029 0.2493004103775495 0.061471104946048453 0.01946717688595301
2 0.0861837048480369 0.2931814014953209 0.048516633265380346 0.01844727990424132
3 0.15852422109326061 0.29430161224807366 0.06147110494604849 0.019467176885952963
2 0.4402753970533041 0.2964615611530167 0.04851663326538033 0.01844727990424132
3 0.502645133695543 0.29568909473762484 0.04141559592949614 0.015681822549663736
2 0.10314577137682938 0.3365460183968893 0.08375118914466705 0.01517410996632985
3 0.1831327859587117 0.33773706316218366 0.041415595929496174 0.015681822549663736
2 0.11038340105063177 0.3996239837983603 0.10022057017747019 0.015326675531804062
4 0.24850885720596946 0.40720461305617806 0.023812561716175684 0.018218431556029976
2 0.29861202043154317 0.4009175782422176 0.05315095207170985 0.013990749878752961
5 0.4249665111288601 0.4088392441148304 0.02381256171617565 0.018218431556029976
2 0.4650704072988033 0.40245958020754635 0.03315241796044895 0.013805491692105648
1 0.2612681161186241 0.4559312327908408 0.40375622237748776 0.019938289027507147
2 0.6669753604153887 0.5060475709225767 0.15793462242389517 0.020360775198016323
1 0.6754635155429466 0.5272798673546557 0.19906534382693455 0.018042116999470396