0 0.5017835502770339 0.05030023742299699 0.6424111488369799 0.016682959755028932
0 0.5015130592397588 0.1185011492830164 0.3047654844459886 0.015979781062112165
2 0.11474483636099037 0.19314355018627039 0.10946202992092526 0.013015530271458362
2 0.14221258069405088 0.23838423164295325 0.16477620603923168 0.018245753359799836
3 0.258682687922999 0.23862679154050992 0.03301204432567418 0.017971342162564026
2 0.09146564083748224 0.2783469130617759 0.06357986646709719 0.012919976372420873
2 0.11364097995639169 0.32315031336944466 0.10830246988116965 0.017275637162734298
2 0.10929343252115899 0.38111251310054756 0.10005368522220849 0.013848440869906066
5 0.24750448778167428 0.3873679796353993 0.0235969373510255 0.01709922996451123
2 0.29752963982379554 0.3810782733974736 0.05299167490082923 0.012897925472643039
4 0.4239743472194745 0.3877354946316973 0.023596937351025565 0.01709922996451123
2 0.4639995405601205 0.38142496254398134 0.03299175749787844 0.01285627377306255
1 0.2608512622217448 0.43343177129062865 0.4035886057311569 0.016185589460038997
2 0.667146043188232 0.478182617841989 0.15771741166171965 0.01823105275994793
1 0.6758900794179223 0.49823501145068466 0.19888356878330843 0.015759272064333377