0 0.5 0.055503292568203196 0.6423529411764706 0.016933207902163686
0 0.5 0.13076199435559738 0.30470588235294116 0.016933207902163686
2 0.08294117647058824 0.21636876763875823 0.04823529411764706 0.01881467544684854
3 0.14176470588235293 0.215898400752587 0.03411764705882353 0.017873941674506115
2 0.10058823529411764 0.26152398871119475 0.08352941176470588 0.015051740357478834
3 0.19058823529411764 0.2638758231420508 0.0611764705882353 0.01975540921919097
2 0.09058823529411765 0.30809031044214485 0.06352941176470588 0.014111006585136407
3 0.15705882352941178 0.30997177798682973 0.03411764705882353 0.017873941674506115
2 0.1411764705882353 0.3579492003762935 0.16470588235294117 0.01975540921919097
3 0.27058823529411763 0.35606773283160864 0.058823529411764705 0.01599247412982126
2 0.11352941176470588 0.4021636876763876 0.10941176470588235 0.014111006585136407
3 0.2741176470588235 0.40498588899341487 0.17647058823529413 0.01975540921919097
2 0.5288235294117647 0.4021636876763876 0.10941176470588235 0.014111006585136407
3 0.6847058823529412 0.40545625587958606 0.16705882352941176 0.020696142991533398
2 0.10882352941176471 0.4684854186265287 0.1 0.015051740357478834
4 0.24705882352941178 0.47507055503292567 0.023529411764705882 0.01881467544684854
2 0.29705882352941176 0.46801505174035746 0.052941176470588235 0.014111006585136407
5 0.4235294117647059 0.47507055503292567 0.023529411764705882 0.01881467544684854
2 0.46352941176470586 0.46801505174035746 0.03294117647058824 0.014111006585136407
1 0.2605882352941176 0.5258701787394168 0.40352941176470586 0.016933207902163686
2 0.6670588235294118 0.5743179680150517 0.15764705882352942 0.01975540921919097
1 0.6758823529411765 0.5964252116650988 0.1988235294117647 0.016933207902163686