0 0.5 0.05571293673276676 0.6423529411764706 0.0169971671388102
0 0.5 0.13125590179414542 0.28352941176470586 0.0169971671388102
2 0.08294117647058824 0.21718602455146366 0.04823529411764706 0.018885741265344664
2 0.10529411764705883 0.26440037771482533 0.09294117647058824 0.018885741265344664
3 0.19705882352941176 0.26487252124645894 0.05529411764705883 0.019830028328611898
2 0.10529411764705883 0.311614730878187 0.09294117647058824 0.018885741265344664
2 0.5117647058823529 0.311614730878187 0.10823529411764705 0.018885741265344664
2 0.11352941176470588 0.35646836638338053 0.10941176470588235 0.014164305949008499
2 0.10882352941176471 0.4230406043437205 0.1 0.015108593012275733
4 0.24705882352941178 0.42965061378659114 0.023529411764705882 0.018885741265344664
2 0.29705882352941176 0.4225684608120869 0.052941176470588235 0.014164305949008499
5 0.4235294117647059 0.42965061378659114 0.023529411764705882 0.018885741265344664
2 0.46352941176470586 0.4225684608120869 0.03294117647058824 0.014164305949008499
1 0.2605882352941176 0.4806421152030217 0.40352941176470586 0.0169971671388102
2 0.6670588235294118 0.5292728989612843 0.15764705882352942 0.019830028328611898
1 0.6758823529411765 0.5514636449480642 0.1988235294117647 0.0169971671388102