0 0.4987922426135421 0.049958502485471984 0.6423926453750557 0.016134265024408786
0 0.49897403111949995 0.11769758019226828 0.26474629099675884 0.015609275673746042
2 0.08976413364596886 0.19320308223884047 0.06356337860476755 0.01278939303555637
2 0.08223638779394166 0.23766748260940626 0.04828065126826573 0.017001824141269734
2 0.10470290509050068 0.2799733320401334 0.09298645022893638 0.017063972413310757
2 0.09010498709463996 0.32021385293908355 0.06356337860476755 0.012789393035556346
2 0.47422759852910823 0.32179671462212067 0.09298645022893631 0.017063972413310757
2 0.09021860491086364 0.3625507765058313 0.06356337860476753 0.012789393035556346
2 0.4696307980578756 0.3624467031695712 0.0835656136540236 0.013663934681225502
2 0.10861406613411786 0.4222204887818761 0.10003617116584965 0.013686831413030094
4 0.24686500888835766 0.4279554890821465 0.02357481500052666 0.016967479043562796
2 0.29684787294825316 0.4215354426112989 0.05297516306145085 0.012774673707967673
4 0.4233352679436367 0.42771016695566855 0.02357481500052666 0.016967479043562845
2 0.46331815065706633 0.421304022071988 0.0329752003685192 0.012746870533633537
1 0.26051710265745065 0.47366055850453725 0.4035695614535784 0.01580226241324199
2 0.6671039590321536 0.5167025311469666 0.15769448423886315 0.018000662331020986
1 0.6759808723585427 0.5365886191170142 0.19886406094945475 0.015517688746527598