0 0.5011246161861412 0.05139450102416919 0.6423911415869571 0.016562224557397805
0 0.5009510103865331 0.12064525280781686 0.24944845830412693 0.015151112538065305
2 0.09369198577671455 0.20022505179886455 0.06828103470640627 0.01838642966625975
3 0.16898597371675392 0.20032853124902875 0.04710460059827018 0.018357326070901087
2 0.4654626023929083 0.19812274566768626 0.06356205813565506 0.013153490367896375
3 0.5366367666467271 0.19909164472420765 0.04356646003058164 0.014868160916522561
2 0.09123641377834825 0.24116251408908385 0.06356205813565508 0.013153490367896327
3 0.16358813845410497 0.24169749069262006 0.04591721343295812 0.014000316010552133
2 0.48358867905964725 0.24170173903642395 0.10944433203661648 0.01321654815784014
3 0.6294642295312243 0.24451546638748117 0.14710442833113502 0.0184947597156504
2 0.11347467110868352 0.2869248630872225 0.10827878207880241 0.01757032448537148
3 0.20170872136554227 0.2874816673872776 0.03298697785951283 0.018337923673995282
2 0.5558257583960401 0.2879683441763312 0.16475145675458172 0.01851901271178266
3 0.6864137687295458 0.28814781634770975 0.06122222333702747 0.01837672846780684
2 0.09101804170336934 0.328270377967886 0.06356205813565508 0.013153490367896375
3 0.15689372998865445 0.3309741584031437 0.032986977859512816 0.018337923673995282
2 0.11325629903370463 0.3740327269660246 0.1082787820788024 0.01757032448537148
3 0.21560797202932075 0.37460893366298553 0.061222223337027565 0.01837672846780684
2 0.11374080657887123 0.41540977074165997 0.10944433203661658 0.01321654815784019
3 0.2454987343116908 0.4182040956958114 0.11886918285362025 0.01845595492183884
2 0.5207934695778347 0.4181469031160803 0.09298469077848187 0.01754930522205691
3 0.6154980969232906 0.41871260018138395 0.06122222333702753 0.01837672846780689
2 0.10888098001975866 0.47681434731058014 0.10003476726486146 0.014074691865357656
5 0.24710074995817619 0.4831018795851321 0.02357304564625806 0.017453910103936716
2 0.297117041730232 0.4766375066165967 0.052973841081587 0.013138938570217031
4 0.4235710341926435 0.48334440954645463 0.023573045646258124 0.017453910103936716
2 0.4635873431914128 0.47686629321344415 0.032973875535014005 0.013111451841267134
1 0.2605122174956634 0.5301587200433867 0.40356802358964483 0.01623400067640823
2 0.6668696438971057 0.5755778972852156 0.15769264538520306 0.018509311513329792
1 0.675641840671209 0.5960603717948002 0.19886249387766278 0.015952665921274183