0 0.5066680604702618 0.05266015118371623 0.6425512479755617 0.021560777673515517
0 0.5056043618907585 0.12402044610954414 0.28375063567239717 0.018485801572531477
2 0.11798173995492187 0.1996508718821486 0.1096042203498677 0.014317670962171482
3 0.30086469564417384 0.2043406185022127 0.22145486174213375 0.021519476209471557
2 0.11669549003703562 0.24647602448279535 0.10849430606091236 0.01876760750618007
3 0.21199016961727665 0.24684665563681943 0.04730844641960446 0.01735134559911154
2 0.08603259444540112 0.2908191206456178 0.04849813810202256 0.018253431174540098
3 0.15722446352931255 0.2900910693915275 0.05904580845685998 0.015668157114522744
2 0.10304030705031375 0.33378652593394986 0.08373681667827672 0.014987873093919274
3 0.19185151542235226 0.3349937103858405 0.05904580845686001 0.015668157114522692
2 0.09469568443138164 0.3805511872014625 0.06851015698722962 0.01931682697165959
3 0.16352811449882257 0.38024897401294727 0.034368096467687057 0.017240444821698994
2 0.09403087281919204 0.4251513715301049 0.06851015698722962 0.01931682697165959
3 0.16814378618017356 0.42578653052801313 0.04498224798374341 0.0191151891945459
2 0.10901471572008924 0.48549772587332396 0.10020635298071702 0.01512901953789885
4 0.24714810748986416 0.4929263736198769 0.023793833648362045 0.018041711508570684
2 0.29724463586410077 0.4866648262469471 0.05313723874150081 0.013833740297098645
5 0.4236074250160107 0.4944386569482298 0.023793833648362045 0.018041711508570684
2 0.4637045920637657 0.4880914135200266 0.03313851608853751 0.013662348186551938
1 0.25995865862570394 0.5412105144166511 0.40374297159017664 0.019514154235811338
2 0.6657185307003728 0.5906319968747922 0.1579162112004772 0.020083050524691677
1 0.674229035118951 0.6116696976756718 0.19905016325984667 0.01775990557492217