0 0.4891605893615687 0.05015287742172029 0.6426240045719124 0.02333524820521802
0 0.49091943712554054 0.12314693882121473 0.3052733890436366 0.02928515482584338
2 0.1062354195975066 0.19971558229124792 0.1097838138707026 0.01749901289123723
3 0.20443541742020283 0.19763458943405493 0.052104562799562104 0.015078374659047891
2 0.4914917662215467 0.19573137332485765 0.04983378405455931 0.018443932918175147
2 0.12494330107625655 0.2436301686624801 0.14515440500963062 0.021336800976044956
3 0.23721790916905547 0.23967455330904078 0.04504680594632509 0.014989831566732824
2 0.13770836335608522 0.2850722364765506 0.16863935775071595 0.019934408305479084
3 0.27887372627991863 0.283725758708153 0.07926155599456589 0.01966163062529605
2 0.10930317732536451 0.3270308056624591 0.10978381387070262 0.01749901289123723
3 0.2122083463835521 0.3248907840770561 0.061514905270544804 0.01519643211546799
2 0.5039698664203873 0.32292853923964876 0.0686544689965247 0.018680047831015394
2 0.09562210312374 0.36965367822851936 0.08037649364888165 0.01713008333992437
2 0.10702153469488092 0.4276688608539261 0.10031211624516274 0.014834650967392934
4 0.24537910176473943 0.4318762690534122 0.023934890541171133 0.017270506757211767
2 0.29521815825544206 0.4248833276476198 0.053239952172063454 0.013395595529484276
5 0.42182302309566505 0.4296626917455351 0.0239348905411712 0.017270506757211816
2 0.4616635907109487 0.4227951863871891 0.03324297442122522 0.013144723434591537
1 0.43679223652979593 0.4893311391364005 0.7573993137327064 0.05277604400597833
2 0.6701785090507884 0.5551741948925093 0.16158160089747894 0.019845865213163946
1 0.6777782364359469 0.5775780079291082 0.19916161562685247 0.017771790571420264