0 0.5019897996929564 0.045561722330637724 0.6424111488369797 0.015111283237566749
0 0.5016990218278855 0.11197071447943152 0.3001001951832386 0.023731843828991333
2 0.09435279209527159 0.1772257370445519 0.06830601621323416 0.016344867470902795
2 0.4684688941034081 0.177931468003775 0.06830601621323427 0.016344867470902795
2 0.14418352870435128 0.21592993559003176 0.16830560322798768 0.01653350624931149
2 0.5871228758932299 0.2167654944143949 0.10595291955996486 0.016415884422774325
2 0.10695580132411617 0.2544699074343087 0.09418826226411153 0.016393691625314465
2 0.10149602978065105 0.2922976022486017 0.08359330842191164 0.01482932294134959
2 0.11366971962910219 0.33324737659158654 0.10831937557099934 0.019509113314768324
2 0.531321815907828 0.3324908257351601 0.11536464539664762 0.0164336386607422
2 0.11350066273080513 0.37185725574786205 0.10831937557099935 0.019509113314768324
2 0.1091615681404873 0.422428429963472 0.10005368522220853 0.01254380010841689
4 0.24737262340100258 0.4280945784155037 0.0235969373510255 0.015488337257429907
2 0.29739777544312385 0.4223974159312667 0.05299167490082923 0.011682831335451914
4 0.42384248283880277 0.42842747037740136 0.0235969373510255 0.015488337257429907
2 0.4638676761794488 0.4227114440153235 0.03299175749787844 0.011645103579770258
1 0.4053688938036312 0.4828330011516871 0.6931107527620252 0.0406892325097859
2 0.668633488469403 0.5435615312985773 0.16124680885047557 0.016520190570835504
1 0.6756026826908172 0.5640380829298792 0.19888356878330837 0.01427461477333054