0 0.5 0.04888152444076222 0.6423529411764706 0.014913007456503728
0 0.5 0.12013256006628004 0.3 0.024855012427506214
2 0.11647058823529412 0.19096934548467273 0.11529411764705882 0.01739850869925435
3 0.2211764705882353 0.18931234465617233 0.058823529411764705 0.014084507042253521
2 0.5047058823529412 0.19096934548467273 0.04941176470588235 0.01739850869925435
3 0.5641176470588235 0.19014084507042253 0.03411764705882353 0.015741507870753936
2 0.08352941176470588 0.2323943661971831 0.04941176470588235 0.01739850869925435
3 0.14823529411764705 0.2323943661971831 0.04470588235294118 0.01739850869925435
2 0.4717647058823529 0.2323943661971831 0.11529411764705882 0.01739850869925435
3 0.5705882352941176 0.2307373653686827 0.047058823529411764 0.014084507042253521
2 0.08352941176470588 0.27381938690969343 0.04941176470588235 0.01739850869925435
3 0.15 0.27174813587406793 0.04823529411764706 0.013256006628003313
2 0.09294117647058824 0.3152444076222038 0.06823529411764706 0.01739850869925435
3 0.18294117647058825 0.3156586578293289 0.07647058823529412 0.018227009113504555
2 0.11294117647058824 0.35832642916321455 0.10823529411764705 0.020712510356255178
3 0.20705882352941177 0.35459817729908866 0.04470588235294118 0.013256006628003313
2 0.5570588235294117 0.35666942833471416 0.16823529411764707 0.01739850869925435
3 0.6864705882352942 0.35666942833471416 0.05529411764705883 0.01739850869925435
2 0.11352941176470588 0.3972659486329743 0.10941176470588235 0.015741507870753936
3 0.20294117647058824 0.396023198011599 0.03411764705882353 0.013256006628003313
2 0.10882352941176471 0.4540182270091135 0.1 0.013256006628003313
5 0.24705882352941178 0.45981772990886494 0.023529411764705882 0.016570008285004142
2 0.29705882352941176 0.4536039768019884 0.052941176470588235 0.012427506213753107
4 0.4235294117647059 0.45981772990886494 0.023529411764705882 0.016570008285004142
2 0.46352941176470586 0.4536039768019884 0.03294117647058824 0.012427506213753107
1 0.4376470588235294 0.5182270091135046 0.7576470588235295 0.04225352112676056
2 0.6688235294117647 0.5911350455675228 0.16117647058823528 0.01739850869925435
1 0.6758823529411765 0.6130903065451533 0.1988235294117647 0.014913007456503728