0 0.5 0.0446969696969697 0.6423529411764706 0.013636363636363636
0 0.5 0.10946969696969697 0.20823529411764705 0.02196969696969697
2 0.11647058823529412 0.17462121212121212 0.11529411764705882 0.015909090909090907
3 0.21529411764705883 0.17462121212121212 0.047058823529411764 0.015909090909090907
2 0.5347058823529411 0.17386363636363636 0.10941176470588235 0.014393939393939395
3 0.6270588235294118 0.1731060606060606 0.04 0.012878787878787878
2 0.13117647058823528 0.2106060606060606 0.14470588235294118 0.012121212121212121
3 0.25058823529411767 0.2109848484848485 0.058823529411764705 0.012878787878787878
2 0.08352941176470588 0.25037878787878787 0.04941176470588235 0.015909090909090907
3 0.1652941176470588 0.25075757575757573 0.07882352941176471 0.016666666666666666
2 0.11294117647058824 0.2897727272727273 0.10823529411764705 0.01893939393939394
3 0.22 0.29015151515151516 0.07058823529411765 0.019696969696969695
2 0.11176470588235295 0.3261363636363636 0.10588235294117647 0.015909090909090907
3 0.20176470588235293 0.32575757575757575 0.03882352941176471 0.015151515151515152
2 0.10882352941176471 0.37727272727272726 0.1 0.012121212121212121
4 0.24705882352941178 0.38257575757575757 0.023529411764705882 0.015151515151515152
2 0.29705882352941176 0.3768939393939394 0.052941176470588235 0.011363636363636364
5 0.4235294117647059 0.38257575757575757 0.023529411764705882 0.015151515151515152
2 0.46352941176470586 0.3768939393939394 0.03294117647058824 0.011363636363636364
1 0.4641176470588235 0.4359848484848485 0.8105882352941176 0.038636363636363635
2 0.6688235294117647 0.5041666666666667 0.16117647058823528 0.015909090909090907
1 0.6758823529411765 0.5242424242424243 0.1988235294117647 0.013636363636363636