0 0.5145083488950727 0.04823594932428329 0.6426651650121398 0.024591807163260176
0 0.5123347153963524 0.1159190110681181 0.2499784842996101 0.023420224112305564
2 0.11599705602354408 0.18200460378325817 0.09464428141442204 0.018577165289901033
3 0.20368786795382646 0.18131863075962962 0.04628999758755934 0.013755448118571916
2 0.12169233598873491 0.22451738983581843 0.10886318372868072 0.022056879872329106
3 0.21583903865043788 0.22433900789550018 0.045244760290204605 0.01781458430457985
2 0.5287026724371484 0.22916868746920105 0.09464428141442206 0.018577165289901058
3 0.619320837875693 0.22893583545850274 0.05219708131489617 0.014661690144432277
2 0.10634733439200673 0.26262606258996357 0.08047775581097596 0.016728367857926828
3 0.1810739881486354 0.26255582455016835 0.03452820684369806 0.01357388121730497
2 0.11974015505151993 0.30362594997789355 0.10988223267062919 0.01718228511109422
3 0.22383200313469245 0.3052328170541061 0.0640112487695701 0.016474174196153137
2 0.12134499661176555 0.34525972903978347 0.11581550475337235 0.01890398571218158
3 0.2260773109429437 0.3452447573106055 0.05925415576121301 0.014770630285192482
2 0.11645466490748121 0.38760910488120354 0.10886318372868067 0.022056879872329106
3 0.2130191966064721 0.3854283898830713 0.049818534810717734 0.013809918188951997
2 0.11062270086801919 0.4409580931431236 0.10039423500932136 0.014590655864399912
4 0.24864042362054556 0.44879971425959886 0.02404734859584798 0.01667230530707237
2 0.29882444694750315 0.44345543427578143 0.053320883678469835 0.013048929684105166
5 0.4250672847784651 0.4515232177786031 0.024047348595847912 0.01667230530707237
2 0.46525378597314054 0.44602460592870885 0.03332583941390567 0.012740265951951352
1 0.4049902300693382 0.5087316186351376 0.6941050809391505 0.05228267782119665
2 0.6661235791006733 0.5853745304187137 0.16168648865443142 0.019612096627122707
1 0.6724866621287241 0.6070931228029873 0.1992456539685688 0.017746734985496143