0 0.5 0.049003322259136214 0.6423529411764706 0.014950166112956811
0 0.5 0.11794019933554817 0.24941176470588236 0.019933554817275746
2 0.13117647058823528 0.19227574750830564 0.14470588235294118 0.01910299003322259
3 0.24764705882352941 0.1893687707641196 0.052941176470588235 0.013289036544850499
2 0.5670588235294117 0.19144518272425248 0.11529411764705882 0.01744186046511628
3 0.6717647058823529 0.19186046511627908 0.058823529411764705 0.018272425249169437
2 0.13117647058823528 0.23089700996677742 0.14470588235294118 0.013289036544850499
3 0.25176470588235295 0.231312292358804 0.0611764705882353 0.014119601328903655
2 0.11647058823529412 0.2745016611295681 0.11529411764705882 0.01744186046511628
3 0.21176470588235294 0.2728405315614618 0.04 0.014119601328903655
2 0.08352941176470588 0.3160299003322259 0.04941176470588235 0.01744186046511628
3 0.14941176470588236 0.3160299003322259 0.047058823529411764 0.01744186046511628
2 0.4864705882352941 0.3168604651162791 0.14470588235294118 0.01910299003322259
3 0.5982352941176471 0.3143687707641196 0.04352941176470588 0.014119601328903655
2 0.14294117647058824 0.35755813953488375 0.16823529411764707 0.01744186046511628
3 0.2676470588235294 0.3554817275747508 0.04588235294117647 0.013289036544850499
2 0.08352941176470588 0.39908637873754155 0.04941176470588235 0.01744186046511628
3 0.1411764705882353 0.39700996677740863 0.03058823529411765 0.013289036544850499
2 0.10882352941176471 0.45514950166112955 0.1 0.013289036544850499
4 0.24705882352941178 0.46096345514950166 0.023529411764705882 0.016611295681063124
2 0.29705882352941176 0.454734219269103 0.052941176470588235 0.012458471760797342
5 0.4235294117647059 0.46096345514950166 0.023529411764705882 0.016611295681063124
2 0.46352941176470586 0.454734219269103 0.03294117647058824 0.012458471760797342
1 0.43117647058823527 0.5195182724252492 0.7447058823529412 0.04235880398671096
2 0.6688235294117647 0.582641196013289 0.16117647058823528 0.01744186046511628
1 0.6758823529411765 0.6046511627906976 0.1988235294117647 0.014950166112956811