0 0.510872230088089 0.05054000466885663 0.6426260126049991 0.02360917290981174
0 0.5091032944600554 0.12366812950389522 0.30761132856587275 0.028730057970393793
2 0.11326731507673421 0.1921843149984022 0.09453756774039493 0.019164777805608244
2 0.14928594239935708 0.23542317210172536 0.16864375294474424 0.02011252144495805
2 0.5862771773742104 0.24101185086392304 0.09453756774039489 0.019164777805608244
2 0.14825147711980532 0.2781881573853736 0.1686437529447442 0.02011252144495805
2 0.10489130960050218 0.31955627516943474 0.08390959124287727 0.01731878644578377
2 0.49951546372442196 0.32545868584339127 0.09453756774039494 0.019164777805608196
2 0.11170811274577729 0.3782496098568495 0.10031556448262621 0.014963497026398155
4 0.24977720445602164 0.3860043249016969 0.023939559192566514 0.01740686511007833
2 0.2999246420445392 0.38022892797696495 0.05324332901554358 0.013506455327487203
4 0.4262205025616152 0.38826085737633925 0.02393955919256655 0.01740686511007828
2 0.4663694865908158 0.3823575902780443 0.03324642189690969 0.013250714980361112
1 0.3882969582422912 0.4480931365815239 0.6574242235379508 0.05201458579499095
2 0.668114674769847 0.5303836396879492 0.1615860210205206 0.02002226014597231
1 0.6746241400959082 0.5531393431872684 0.19916519003294064 0.01793775462354387