0 0.5118032579549194 0.04682091377451878 0.6426255564964019 0.021849417812186436
0 0.5100286422484106 0.11495623093429393 0.3005729017196061 0.027312231065997897
2 0.12479393226471776 0.17816452751579334 0.11570971785791427 0.017999738913136696
3 0.2306599968749402 0.17941538534157675 0.061600395946022804 0.01736041157995848
2 0.13851738669762004 0.21597113643320362 0.14501378269564674 0.01438584377147462
3 0.2560947597097581 0.21934165628626398 0.05571894791212157 0.017290919478526033
2 0.11981033667864646 0.25656462331179497 0.10978699969130352 0.016345704552174586
3 0.21565730456488205 0.25848961569490814 0.04748492066465982 0.017193630536520683
2 0.105839397686326 0.296025297176885 0.08390862834213804 0.016039939305872008
3 0.19466989806458956 0.29628235677874964 0.0591652764670433 0.01416353022032621
2 0.5375170483083228 0.30191828855178904 0.16864275016302552 0.01862516782602836
3 0.6686630219311432 0.3038640979786143 0.05926845179881692 0.01812488586915034
2 0.11008031253274467 0.3364936676861804 0.09453650493586979 0.01774956734797999
3 0.19600104149358974 0.33552757454268156 0.04267658690576508 0.013176681206550613
2 0.5159002268719307 0.3412886226850169 0.10629940100367227 0.017888551550844838
3 0.6141204090380815 0.34244914077893823 0.05571894791212137 0.017290919478526078
2 0.11162816957074936 0.39000671499602246 0.10031477763799729 0.013857703800588282
5 0.24969775290294538 0.397185677288038 0.023938493462700074 0.016123391001026176
2 0.2998448241887666 0.39183432667697726 0.05324255830043255 0.012509495859364122
4 0.4261411939199829 0.39927044033101033 0.023938493462700106 0.01612339100102622
2 0.466289803548172 0.39380095314751457 0.03324563498516829 0.01227322271449388
1 0.4552699515182591 0.45548691390687923 0.7915190041404202 0.049745566050522536
2 0.6679205682528888 0.5356659463261155 0.161585012522344 0.018541777304309448
1 0.6744314766351692 0.5567445217866023 0.19916437474024767 0.01660971336418245