0 0.5112916880894548 0.045655594167521275 0.642613024838245 0.020795958246546096
0 0.5096401826886162 0.11210732699336 0.30053613773274135 0.026397506055954412
2 0.10865893127503302 0.17311743313016928 0.08388315066846307 0.015576818358404442
3 0.1851481367109751 0.17277832651988728 0.034420358405934756 0.012728930345394098
2 0.12063820604257541 0.21189091978889474 0.10976205532080203 0.015854334901624335
3 0.22297751080409758 0.21298837157344616 0.06035687371179132 0.015324530591840928
2 0.5534832949429909 0.21807840382914842 0.14512828496049993 0.019323544822438903
3 0.663526250368949 0.21693976543460602 0.04032113119627531 0.013564696854777309
2 0.11903226090651388 0.25283742468507314 0.10870096278000367 0.02047788791975006
3 0.2202240571469613 0.2527632202296829 0.05923817051747532 0.017629999906739673
2 0.5337405029213714 0.25496591286752845 0.10976205532080197 0.015854334901624335
3 0.637844278454644 0.25608228623457213 0.06388581525529202 0.015362373756825455
2 0.1481064935699884 0.29024843083907254 0.16861615481482653 0.01803044345351783
3 0.266326035277264 0.2915161768660543 0.03334006231396382 0.016579788795777477
2 0.14714631601136127 0.32888315922618805 0.16861615481482653 0.01803044345351783
3 0.2724237408056384 0.3302265915831389 0.0474558284879669 0.01673116145571558
2 0.11173697472004061 0.3806742252872769 0.10029393388461565 0.01343533609177197
4 0.24981942698227944 0.38756527789003387 0.023910347980122624 0.015706179121409716
2 0.29995679214900106 0.38230618013591405 0.053222176420099694 0.012158065990902614
5 0.42626650415731776 0.38945743613926037 0.023910347980122558 0.015706179121409716
2 0.46640520161745386 0.3840911160843511 0.03322484100692865 0.011943621389323648
1 0.3849179829733115 0.4435035139619352 0.6503046251139405 0.0463705653120114
2 0.6684457714674279 0.5161050142283261 0.16155827172782497 0.017954757123548735
1 0.674994760448357 0.5366571066034663 0.19914270420498215 0.016040333846823525