0 0.497044759524904 0.04750854575793409 0.6424411765278408 0.01645753613951732
0 0.4974812096306566 0.11433557547695805 0.2648294406398101 0.020133201255164143
2 0.09676885946701218 0.1860129372706771 0.08009911114327134 0.015542470009720321
3 0.19148168345315772 0.1869309538576086 0.07423259226608536 0.017939910979237358
2 0.09703178121746556 0.22627018408936625 0.08009911114327135 0.015542470009720321
3 0.1752610354058916 0.22522572108625533 0.041265452670646345 0.013813420795584388
2 0.49761601502618213 0.22504480361231363 0.10951058205433717 0.015632439207741797
3 0.58644391561261 0.22557824157066253 0.03305127455558417 0.017008809165633527
2 0.10435871442158379 0.267310983236904 0.09422713405060108 0.01719594509751818
3 0.19965188017343707 0.26701948303531436 0.06128628663020737 0.017095179595734127
2 0.11050393035425034 0.30755023621598887 0.1059917224150274 0.01723193277672678
3 0.19756188425100518 0.3072839273898452 0.03305127455558413 0.017008809165633482
2 0.5534406822749017 0.30619530009378526 0.168344040746487 0.01742266747653235
3 0.6857923013746979 0.3057904387026886 0.0612862866302073 0.017095179595734127
2 0.1079177276262558 0.36190651634102133 0.10008313605776892 0.013188214255253584
4 0.24618844995332867 0.36711967566493686 0.02363434542903402 0.016174874085892826
2 0.29614851223957256 0.3609281410054969 0.05301952416505451 0.01223911860204543
5 0.42265727541972364 0.3665798604768079 0.023634345429034056 0.016174874085892826
2 0.4626174375962051 0.36041891534469533 0.03301972394552977 0.012177939547390807
1 0.40714580079588736 0.4233911618580912 0.6979082701959439 0.04319646113213257
2 0.6687298204168591 0.4853935404168155 0.16128528772783116 0.017401074869007202
1 0.6759279219632554 0.5067082886231955 0.1989161951889684 0.015100800633353296