0 0.4848814275335188 0.05130926520843706 0.6426807205636786 0.027365967363538996
0 0.48730624205471285 0.12327318982234957 0.2653254055166068 0.025654724700305716
2 0.12110890610813733 0.20459014492534472 0.14512869315816723 0.016521644316746267
3 0.23697013143111192 0.20290224439088714 0.05224539182628298 0.015687237582941917
2 0.5539603973610936 0.19796499341268783 0.10993310314588972 0.018476632821841126
3 0.6462556447944673 0.19540728482632314 0.04048431385607153 0.01547186518166132
2 0.09027049527850783 0.24983473369894452 0.08053040822036119 0.017938201818639695
3 0.1702750401087305 0.24923723660654887 0.04530560357529804 0.01902615508742238
2 0.09881708833269366 0.29392430731009833 0.09470213105018574 0.019930719172800777
3 0.18289418850331213 0.2919508770227861 0.03939584995740688 0.018051433650469892
2 0.137325215578133 0.33659764606167447 0.1687969222625173 0.02128756530086842
3 0.2601700511012707 0.33261293399566805 0.0428365294501139 0.015514939661917472
2 0.10519007717753935 0.3957471044764616 0.10043659687136405 0.015703229191880056
5 0.2435872457570211 0.3992857254156002 0.024106448596132115 0.017771449528805116
2 0.29335271738452834 0.39186762843781625 0.053363070357733154 0.01397470435044559
4 0.4200034153101914 0.3960551393963916 0.024106448596132115 0.017771449528805116
2 0.45977197066301895 0.38882010895969615 0.033369237808373906 0.013608571268268603
1 0.3985408909811445 0.4576118683589627 0.6836324685443179 0.056710396326195484
2 0.669764766387239 0.5263886040762386 0.1617402754803907 0.021158341860100103
1 0.6775956009381808 0.5492358143977434 0.1992880810867105 0.019246427835261298