0 0.5 0.04660347551342812 0.6423529411764706 0.014218009478672985
0 0.5 0.1141390205371248 0.3070588235294118 0.022906793048973143
2 0.13117647058823528 0.18009478672985782 0.14470588235294118 0.01263823064770932
2 0.5670588235294117 0.1820695102685624 0.11529411764705882 0.016587677725118485
3 0.6594117647058824 0.18009478672985782 0.03411764705882353 0.01263823064770932
2 0.13117647058823528 0.21958925750394945 0.14470588235294118 0.01263823064770932
2 0.11352941176470588 0.26026856240126384 0.10941176470588235 0.015007898894154818
2 0.5288235294117647 0.26026856240126384 0.10941176470588235 0.015007898894154818
3 0.638235294117647 0.26145339652448657 0.07411764705882352 0.017377567140600316
2 0.08352941176470588 0.30055292259083727 0.04941176470588235 0.016587677725118485
3 0.14529411764705882 0.3001579778830964 0.03882352941176471 0.01579778830963665
2 0.11352941176470588 0.3392575039494471 0.10941176470588235 0.015007898894154818
2 0.09294117647058824 0.3795418641390205 0.06823529411764706 0.016587677725118485
3 0.1652941176470588 0.37796208530805686 0.041176470588235294 0.013428120063191154
2 0.10882352941176471 0.43285939968404424 0.1 0.01263823064770932
4 0.24705882352941178 0.43838862559241704 0.023529411764705882 0.01579778830963665
2 0.29705882352941176 0.4324644549763033 0.052941176470588235 0.011848341232227487
5 0.4235294117647059 0.43838862559241704 0.023529411764705882 0.01579778830963665
2 0.46352941176470586 0.4324644549763033 0.03294117647058824 0.011848341232227487
1 0.39941176470588236 0.4940758293838863 0.6811764705882353 0.04028436018957346
2 0.6688235294117647 0.5556872037914692 0.16117647058823528 0.016587677725118485
1 0.6758823529411765 0.5766192733017378 0.1988235294117647 0.014218009478672985