0 0.5 0.0472 0.6423529411764706 0.0144
0 0.5 0.1156 0.20823529411764705 0.0232
2 0.13117647058823528 0.1824 0.14470588235294118 0.0128
3 0.2376470588235294 0.1844 0.03294117647058824 0.0168
2 0.08352941176470588 0.2244 0.04941176470588235 0.0168
3 0.14705882352941177 0.2228 0.042352941176470586 0.0136
2 0.45588235294117646 0.2236 0.08352941176470588 0.0152
3 0.5429411764705883 0.2244 0.05529411764705883 0.0168
2 0.14294117647058824 0.2644 0.16823529411764707 0.0168
3 0.2741176470588235 0.2628 0.058823529411764705 0.0136
2 0.11294117647058824 0.306 0.10823529411764705 0.02
3 0.21529411764705883 0.3044 0.0611764705882353 0.0168
2 0.10058823529411764 0.3436 0.08352941176470588 0.0152
3 0.17529411764705882 0.3424 0.03058823529411765 0.0128
2 0.10588235294117647 0.3844 0.09411764705882353 0.0168
3 0.18529411764705883 0.3844 0.029411764705882353 0.0168
2 0.10882352941176471 0.4384 0.1 0.0128
4 0.24705882352941178 0.444 0.023529411764705882 0.016
2 0.29705882352941176 0.438 0.052941176470588235 0.012
5 0.4235294117647059 0.444 0.023529411764705882 0.016
2 0.46352941176470586 0.438 0.03294117647058824 0.012
1 0.4323529411764706 0.5004 0.7470588235294118 0.0408
2 0.6688235294117647 0.5652 0.16117647058823528 0.0168
1 0.6758823529411765 0.5864 0.1988235294117647 0.0144