0 0.5 0.05025553662691652 0.6423529411764706 0.015332197614991482
0 0.5 0.12350936967632027 0.3 0.02555366269165247
2 0.11294117647058824 0.19804088586030663 0.10823529411764705 0.02129471890971039
2 0.13117647058823528 0.239778534923339 0.14470588235294118 0.019591141396933562
2 0.08352941176470588 0.2815161839863714 0.04941176470588235 0.01788756388415673
3 0.1476470588235294 0.27981260647359457 0.04352941176470588 0.014480408858603067
2 0.10058823529411764 0.32325383304940375 0.08352941176470588 0.016183986371379896
2 0.10882352941176471 0.38160136286201024 0.1 0.013628620102214651
4 0.24705882352941178 0.38756388415672915 0.023529411764705882 0.017035775127768313
2 0.29705882352941176 0.381175468483816 0.052941176470588235 0.012776831345826235
5 0.4235294117647059 0.38756388415672915 0.023529411764705882 0.017035775127768313
2 0.46352941176470586 0.381175468483816 0.03294117647058824 0.012776831345826235
1 0.42176470588235293 0.4476149914821124 0.7258823529411764 0.0434412265758092
2 0.6688235294117647 0.5251277683134583 0.16117647058823528 0.01788756388415673
1 0.6758823529411765 0.5477001703577513 0.1988235294117647 0.015332197614991482