0 0.4941612217147685 0.04578823469806801 0.6425093654627457 0.01755430186145978
0 0.49501385287341465 0.11211634047657387 0.20851700964216147 0.023661202345756346
2 0.07941584396154848 0.18116023010139845 0.04961940773056187 0.016567305247569778
3 0.16000617021011085 0.18109765849878776 0.07668723144573507 0.017494320318866045
2 0.49410682769521425 0.17884219389844552 0.16843866831808027 0.017231480159621546
3 0.6187982576017229 0.17736937172120573 0.04607017817410946 0.014996042641791373
2 0.09696269705835996 0.21907747689088483 0.08371588449886774 0.015206474297094891
3 0.18459663480143476 0.21781179837433445 0.056638088489441366 0.013503691906751781
2 0.4863604718550787 0.21690082445633893 0.08371588449886772 0.015206474297094935
3 0.5840189810763003 0.21751866832896566 0.07668723144573512 0.017494320318866045
2 0.09746131177101852 0.2578658428432274 0.08371588449886773 0.015206474297094891
3 0.1827423928687959 0.2566133163051335 0.051932375198846595 0.013477387949838836
2 0.47922227476477386 0.256507701657712 0.06844226089294098 0.016672521075221537
3 0.5551019015756148 0.2560835503524908 0.04844297940791314 0.016560729258341553
2 0.0809116880995241 0.29752532795842623 0.04961940773056185 0.016567305247569757
3 0.14619348771227364 0.2963845932372124 0.04607017817410946 0.014996042641791373
2 0.10687802689856014 0.3497482382256818 0.10015596413318999 0.012971236189149627
5 0.24517816086955427 0.35440593072469206 0.023728012338037376 0.015646866165501715
2 0.2951015723752251 0.3483081962896407 0.05308885893298887 0.011932429300973353
4 0.4216424092668588 0.3534195323404568 0.023728012338037306 0.01564686616550176
2 0.46156618003001565 0.3473776938138454 0.033089577447961094 0.01182063748409337
1 0.3788176080737055 0.4083544399347046 0.6428384511731003 0.04315462339000588
2 0.6686279907092777 0.4843167664838581 0.16138009838218817 0.017192024224252107
1 0.675950826442879 0.5048351445032303 0.19899588782418692 0.015075153922415119