0 0.4863901330515115 0.044477441729155104 0.6426402817557062 0.021390762616507727
0 0.48825573000729117 0.10691901453919661 0.2499056900635218 0.021103075759295094
2 0.10678554354034292 0.1781848105889375 0.11574509187223374 0.01720730399677162
3 0.2078985925541779 0.1754438708661948 0.05213736764919919 0.0134217754144653
2 0.09024308229640304 0.21526354561163688 0.08041246220871595 0.015271412141300334
2 0.07609808689730961 0.253818145137081 0.04987476423489103 0.016402256129500206
3 0.14902594963865334 0.2529268421411734 0.06163732274155938 0.016546014677227227
2 0.4607787042088771 0.250621856838697 0.10877746505525826 0.020130281292715713
2 0.0924907894720411 0.2904943562261447 0.08041246220871595 0.015271412141300377
2 0.08775584087828234 0.3289339489134072 0.06869485784556038 0.016632269805863454
2 0.4676640035719134 0.3235382397156788 0.08041246220871598 0.015271412141300334
3 0.5511556918975024 0.3217652459206717 0.05213736764919912 0.01342177541446532
2 0.10769978807677069 0.3663193405442979 0.10633504506689903 0.017092297158589995
2 0.5135080565568285 0.361359670647715 0.09457248656023072 0.016948538610862932
2 0.10627635079365932 0.4171360773460224 0.100341380454783 0.013258877354001155
5 0.24464375274930697 0.42071307115324524 0.02397465844846425 0.015333679218355616
2 0.2944660483644746 0.41445978652931725 0.053268669356353306 0.011931535056947877
4 0.4210821303493322 0.41855669293733966 0.02397465844846425 0.015333679218355616
2 0.4609062512338316 0.41242560307897963 0.033272319895017034 0.011687145525811888
1 0.41384484502815566 0.471702233331363 0.7127811203130101 0.04706510555088488
2 0.6698491369432406 0.5332955458289358 0.16161907004824017 0.017767962332907086
1 0.6775023144487857 0.5531454555131441 0.1991918260543098 0.01597106536719833