0 0.506653438971897 0.04395093804151928 0.6425210884438144 0.017156097133303964
0 0.505719241826455 0.10798394918997535 0.30031309425670016 0.024090263471625628
2 0.116571731724824 0.16937587160717524 0.10610595727168293 0.016254732506590663
2 0.528318884807338 0.1717821786494526 0.10610595727168295 0.016254732506590663
2 0.12073427559908155 0.20663186711284048 0.11551732077071183 0.01630973381041418
2 0.12019113772382467 0.24386036196659405 0.11551732077071182 0.01630973381041414
2 0.13438041220956326 0.279313371614884 0.14487351791765143 0.012758763399487174
2 0.11126803087401002 0.3313026363135582 0.10016954129726423 0.012497507206325633
4 0.2494213929634609 0.33732245724299115 0.02374566389767498 0.015028901201060112
2 0.29950073223334034 0.33203037744149033 0.05310186104461453 0.011477930790133149
4 0.42588445857025253 0.33835373168968147 0.02374566389767498 0.015028901201060112
2 0.4659642241224139 0.3330032130028682 0.03310271360917815 0.011361053019508259
1 0.43864746919599434 0.3909249738077201 0.7569923418672092 0.04239379454564101
2 0.669392058911603 0.461524381342355 0.16139771782847753 0.016577865166553657
1 0.6761627184619886 0.481296734592712 0.1990105835520779 0.01456416069062232