0 0.4944687918962752 0.04457577713837024 0.6424985267535861 0.01681008822976884
0 0.4952255492238993 0.1068850613607325 0.23314507070539414 0.018537073893422143
2 0.07958400075973453 0.17618822986305194 0.04960289191208856 0.016107878560054367
3 0.14546435112526507 0.17585845188269028 0.04725002225617674 0.016096100775041436
2 0.46429653513349944 0.17577309011580045 0.1084613245742533 0.01942337939009788
3 0.5666280195334782 0.1737502283653783 0.06136724019164757 0.01616676748511895
2 0.1023949032955173 0.2138395434644367 0.09430741537441285 0.016331656475299796
3 0.18414795102236012 0.2126750013840577 0.03429089351647697 0.014520794855110113
2 0.08050128236897579 0.25171463498106683 0.04960289191208858 0.016107878560054367
3 0.14520519790655043 0.25139074589321164 0.04489715260026496 0.01608432299002855
2 0.0809599231735964 0.28947783754007433 0.04960289191208856 0.016107878560054367
3 0.14684027353912693 0.2891480595597126 0.04725002225617674 0.016096100775041457
2 0.10687243706088616 0.3403315498058455 0.1001437254337303 0.012584780681931333
4 0.24516773905835157 0.34492645329459765 0.023712152880966307 0.015223058873732145
2 0.2950974231257843 0.3390116949792221 0.05307715949940179 0.011593960930492852
5 0.421632963251737 0.344043119418629 0.023712152880966307 0.015223058873732145
2 0.4615629512815445 0.3381784166895583 0.03307776742415145 0.011493849757883067
1 0.43580864730774493 0.3972215127630052 0.7569154079963584 0.04230502449184018
2 0.6683368249668203 0.45950358123836543 0.16136420056789924 0.016667323348167874
1 0.6756385135610047 0.47948274523960066 0.19898259661421094 0.01458997575483411