0 0.5 0.04738955823293173 0.6423529411764706 0.014457831325301205
0 0.5 0.11646586345381527 0.3 0.024096385542168676
2 0.08352941176470588 0.18514056224899597 0.04941176470588235 0.016867469879518072
2 0.10588235294117647 0.2253012048192771 0.09411764705882353 0.016867469879518072
3 0.19705882352941176 0.22329317269076304 0.052941176470588235 0.01285140562248996
2 0.11294117647058824 0.26706827309236947 0.10823529411764705 0.020080321285140562
2 0.5452941176470588 0.26345381526104417 0.14470588235294118 0.01285140562248996
3 0.67 0.26546184738955825 0.06941176470588235 0.016867469879518072
2 0.08352941176470588 0.30562248995983937 0.04941176470588235 0.016867469879518072
2 0.10588235294117647 0.3457831325301205 0.09411764705882353 0.016867469879518072
3 0.20529411764705882 0.3457831325301205 0.06941176470588235 0.016867469879518072
2 0.10882352941176471 0.4 0.1 0.01285140562248996
5 0.24705882352941178 0.40562248995983935 0.023529411764705882 0.01606425702811245
2 0.29705882352941176 0.39959839357429716 0.052941176470588235 0.012048192771084338
4 0.4235294117647059 0.40562248995983935 0.023529411764705882 0.01606425702811245
2 0.46352941176470586 0.39959839357429716 0.03294117647058824 0.012048192771084338
1 0.4323529411764706 0.46224899598393576 0.7470588235294118 0.04096385542168675
2 0.6688235294117647 0.5345381526104418 0.16117647058823528 0.016867469879518072
1 0.6758823529411765 0.5558232931726907 0.1988235294117647 0.014457831325301205