0 0.5141625313767029 0.05124774719100005 0.6426715902543028 0.026589255781930863
0 0.511824893475722 0.12531785841719598 0.20897193743514977 0.02868768650611094
2 0.09311547636884397 0.19269214641751461 0.04997257636661541 0.01903847029422857
2 0.13935528628107235 0.2376899218728118 0.14529563878407814 0.022402312168336352
2 0.1233136767452797 0.2798877297183787 0.1158371359521907 0.020166218822983778
2 0.5285256742757056 0.2859590799165169 0.08402632742081838 0.017889848744461347
2 0.11136126138942201 0.32302233893735777 0.09466638465682722 0.019803728224455305
2 0.498315548954677 0.32964786154379455 0.06879102196249412 0.01936068415958721
2 0.13534985993611678 0.3646053756112645 0.14510425322493353 0.0163380925357823
2 0.10159760566877912 0.4086669006839698 0.08049786887159119 0.01782943364470661
2 0.4873757403842917 0.41527228492382184 0.08049786887159123 0.01782943364470661
2 0.1097220604913886 0.4681807974899349 0.10041044493472169 0.015572834605555539
4 0.2477286347769779 0.4766112751962163 0.024069872878118737 0.01772910913899553
2 0.29792018684725696 0.4709697775983388 0.053336990150861574 0.013900982851794197
4 0.4241515622383404 0.4796320301839535 0.024069872878118705 0.017729109138995627
2 0.46434581508580897 0.4738193564701041 0.03334239170524042 0.013558630619850602
1 0.37223754013575955 0.5398515044748177 0.6306361551145322 0.05495619773153731
2 0.6650459155347165 0.6211421384397392 0.16170709709214492 0.020951615119795517
1 0.6713783015878376 0.6442203715339176 0.1992619659014117 0.018997091579418035