0 0.5051664603146334 0.04774858413741184 0.6424994808927216 0.01803301626826142
0 0.5043716202662283 0.11732572503934849 0.3002680121847705 0.02589186766327637
2 0.0871236648720449 0.18424833478637329 0.04960432877380802 0.01725671764674806
3 0.15300398477175006 0.18460426902946886 0.047251460205961444 0.017244005709494654
2 0.11666986513102116 0.2240532015700159 0.10958399260160814 0.015962799002478968
3 0.2195986226481662 0.22541838534696826 0.06136867161304107 0.017320277333015107
2 0.13386812657187483 0.2633868124220203 0.14484929414087463 0.013726368494933566
3 0.2532715852270183 0.2644364614986888 0.05897883374061748 0.01407141930729954
2 0.10808956734495083 0.3057245765076121 0.09430883156289366 0.017498244454562873
3 0.1963221386391988 0.30620127415461507 0.04725146020596142 0.017244005709494633
2 0.5080772238788749 0.30788560584069224 0.0943088315628937 0.017498244454562873
3 0.5963097951731229 0.3083623034876952 0.04725146020596138 0.017244005709494633
2 0.11040679604002247 0.36035043167197794 0.10014479135178896 0.013484841687118708
5 0.24857312811800122 0.3667605136404247 0.023713532201351067 0.01630784981484499
2 0.2986409026308236 0.36096286839119324 0.053078177668712534 0.01242156641993492
4 0.4250382707064972 0.36771390893443073 0.023713532201350997 0.01630784981484499
2 0.46510635380597143 0.36186223795187217 0.033078794842016285 0.012313514953280874
1 0.38438792105993547 0.4245348808102684 0.6498630833590217 0.04476935730983458
2 0.6687582446230569 0.5061708188916834 0.16136558574652213 0.01786053466628511
1 0.6755719286837742 0.5276484225395055 0.1989837558536353 0.015636816095993183