0 0.5 0.046788263283108644 0.6423529411764706 0.014274385408406027
0 0.5 0.11260904044409199 0.2647058823529412 0.0190325138778747
2 0.09294117647058824 0.18279143536875495 0.06823529411764706 0.016653449643140365
3 0.17411764705882352 0.183187946074544 0.058823529411764705 0.017446471054718478
2 0.11294117647058824 0.22402854877081682 0.10823529411764705 0.019825535289452814
2 0.10588235294117647 0.26209357652656623 0.09411764705882353 0.016653449643140365
2 0.10588235294117647 0.30174464710547183 0.09411764705882353 0.016653449643140365
3 0.19294117647058823 0.30174464710547183 0.04470588235294118 0.016653449643140365
2 0.13117647058823528 0.3394131641554322 0.14470588235294118 0.012688342585249802
2 0.5341176470588235 0.3413957176843775 0.04941176470588235 0.016653449643140365
3 0.6070588235294118 0.33980967486122127 0.0611764705882353 0.013481363996827915
2 0.10882352941176471 0.39492466296590006 0.1 0.012688342585249802
5 0.24705882352941178 0.4004758128469469 0.023529411764705882 0.01586042823156225
2 0.29705882352941176 0.394528152260111 0.052941176470588235 0.011895321173671689
4 0.4235294117647059 0.4004758128469469 0.023529411764705882 0.01586042823156225
2 0.46352941176470586 0.394528152260111 0.03294117647058824 0.011895321173671689
1 0.4323529411764706 0.4563838223632038 0.7470588235294118 0.040444091990483745
2 0.6688235294117647 0.5253766851704996 0.16117647058823528 0.016653449643140365
1 0.6758823529411765 0.5463917525773195 0.1988235294117647 0.014274385408406027