0 0.5 0.04675118858954041 0.6423529411764706 0.014263074484944533
0 0.5 0.11251980982567353 0.2647058823529412 0.01901743264659271
2 0.10058823529411764 0.18185419968304278 0.08352941176470588 0.015055467511885896
2 0.11294117647058824 0.22385103011093502 0.10823529411764705 0.019809825673534072
2 0.5258823529411765 0.2222662440570523 0.10588235294117647 0.01664025356576862
2 0.11294117647058824 0.2634706814580032 0.10823529411764705 0.019809825673534072
2 0.13117647058823528 0.29952456418383516 0.14470588235294118 0.012678288431061807
2 0.5623529411764706 0.30150554675118857 0.10588235294117647 0.01664025356576862
2 0.13117647058823528 0.3419175911251981 0.14470588235294118 0.018225039619651346
2 0.10882352941176471 0.39461172741679873 0.1 0.012678288431061807
4 0.24705882352941178 0.4001584786053883 0.023529411764705882 0.01584786053882726
2 0.29705882352941176 0.39421553090332806 0.052941176470588235 0.011885895404120444
4 0.4235294117647059 0.4001584786053883 0.023529411764705882 0.01584786053882726
2 0.46352941176470586 0.39421553090332806 0.03294117647058824 0.011885895404120444
1 0.4370588235294118 0.45602218700475433 0.7564705882352941 0.04041204437400951
2 0.6688235294117647 0.5162440570522979 0.16117647058823528 0.01664025356576862
1 0.6758823529411765 0.5372424722662441 0.1988235294117647 0.014263074484944533