0 0.5078149807290312 0.046486854342476056 0.6425544417218024 0.019130362896536506
0 0.5066481606896273 0.11419888650662025 0.3003870797176867 0.02593606179266348
2 0.08904523228032996 0.17830266660813046 0.04969339990887569 0.016915723981179732
2 0.1036735167726534 0.2170008274121051 0.0802524656816945 0.015577124468031
2 0.13531878732793495 0.2581927063952689 0.14500831567895095 0.019225961313260743
2 0.11524349746964745 0.2966229857444911 0.10616023275054778 0.017351598890607334
2 0.11138669853829368 0.34974635568303286 0.10021043262182298 0.013369449198153699
4 0.24951782604116599 0.3563247856168793 0.023799200514899158 0.0159285987698144
2 0.2996162585146391 0.35080559744218603 0.053141170912219406 0.01221887089575308
4 0.42597667867139133 0.3576868947088406 0.023799200514899158 0.0159285987698144
2 0.46607577616248497 0.35209052035226945 0.03314250094746064 0.012064498531997484
1 0.4009041143997801 0.41300885918997987 0.6818231225713859 0.04541255086673025
2 0.6690633043348029 0.48673712395723984 0.1614506732413517 0.0177783930727552
1 0.675762115055777 0.5076563624180093 0.19905452544450286 0.015706928712073947