0 0.4911096974184112 0.04577420625547279 0.6425726103102161 0.019410419291032755
0 0.492368904098056 0.11010994154693311 0.24975513400103924 0.020722363017611017
2 0.12493386172042378 0.18261792154164602 0.1450427868076976 0.0190575448253899
2 0.13744097644001338 0.22049929420435477 0.16853989976537698 0.017707216222625312
2 0.6115192004792974 0.21647070311336442 0.16853989976537706 0.017707216222625312
2 0.10823237151907383 0.2610609307797957 0.1086055734419981 0.020297911884727918
2 0.1272095364426735 0.2988873226707912 0.1450427868076976 0.019057544825389856
2 0.10974948800057363 0.33857386486589247 0.1086055734419981 0.02029791188472796
2 0.541998208663216 0.3314120676311771 0.1449365886539926 0.013631639439363108
2 0.10662589462067686 0.3893798244561035 0.10023442360810483 0.013251772289344163
4 0.24495589258732448 0.3936311406282559 0.023830878583609327 0.01570251689617671
2 0.2948379513367444 0.3873928191540143 0.05316434186867107 0.012076782790568527
4 0.42141180724214483 0.3921316650360759 0.02383087858360936 0.01570251689617671
2 0.46129469749445823 0.3859783138453911 0.03316600487445806 0.011906842223454806
1 0.4066003420426684 0.4469132363700703 0.698362778674288 0.04545952322499442
2 0.6690901582355223 0.512905394489409 0.16148166317918428 0.017647237198938077
1 0.6765504306893126 0.5333863429985375 0.1990800781444342 0.01564173730268694