0 0.4868478811161262 0.04639569977012686 0.6426423632729981 0.022415236031350018
0 0.48879339351157813 0.1134946057729887 0.2088562227228241 0.02544583547768206
2 0.08962610269801242 0.18537804421223378 0.08041737117339494 0.01594321642166217
2 0.507828670184912 0.18155055244618507 0.14520216767515026 0.019917334220536296
2 0.10843034151545353 0.2251742291396433 0.11575039571418129 0.017968229307166367
2 0.10486306599864749 0.2644740818348138 0.1063403915864734 0.017846776551751518
2 0.09303928233915616 0.30309542316462296 0.08041737117339494 0.01594321642166217
2 0.07890850670961974 0.3433166927359845 0.04988036682022633 0.017118060019262464
2 0.11298124770364514 0.38213073440949563 0.1157503957141813 0.017968229307166367
2 0.10687155018839718 0.43520223530184526 0.10034536635195125 0.013846955947870962
4 0.24524026753069295 0.4389118756411346 0.02398010093808881 0.015999282415522405
2 0.2950602554770837 0.4323807889303738 0.053272591182471074 0.012454909644447513
4 0.4216778449252151 0.43663463647710626 0.02398010093808881 0.015999282415522315
2 0.46149970348591635 0.4302325933189737 0.03327633241109184 0.012196822539190902
1 0.4050501563591188 0.4921971192983455 0.6939720349804794 0.048965867961230446
2 0.6706236887815067 0.5609964345708618 0.16162416583675696 0.018560311489813706
1 0.6782841869472229 0.581702081952556 0.19919591875476544 0.016691774932425327