0 0.5 0.04851973684210526 0.6423529411764706 0.014802631578947368
0 0.5 0.11636513157894737 0.23294117647058823 0.018914473684210526
2 0.10588235294117647 0.18955592105263158 0.09411764705882353 0.017269736842105265
3 0.19411764705882353 0.18955592105263158 0.047058823529411764 0.017269736842105265
2 0.4835294117647059 0.18955592105263158 0.04941176470588235 0.017269736842105265
3 0.5423529411764706 0.18955592105263158 0.03294117647058824 0.017269736842105265
2 0.08352941176470588 0.23067434210526316 0.04941176470588235 0.017269736842105265
3 0.1423529411764706 0.23067434210526316 0.03294117647058824 0.017269736842105265
2 0.10058823529411764 0.2709703947368421 0.08352941176470588 0.015625
3 0.18352941176470589 0.27179276315789475 0.047058823529411764 0.017269736842105265
2 0.09294117647058824 0.3129111842105263 0.06823529411764706 0.017269736842105265
3 0.17941176470588235 0.3129111842105263 0.06941176470588235 0.017269736842105265
2 0.11647058823529412 0.3540296052631579 0.11529411764705882 0.017269736842105265
3 0.2164705882352941 0.3519736842105263 0.04941176470588235 0.013157894736842105
2 0.10882352941176471 0.4095394736842105 0.1 0.013157894736842105
5 0.24705882352941178 0.4152960526315789 0.023529411764705882 0.01644736842105263
2 0.29705882352941176 0.40912828947368424 0.052941176470588235 0.012335526315789474
4 0.4235294117647059 0.4152960526315789 0.023529411764705882 0.01644736842105263
2 0.46352941176470586 0.40912828947368424 0.03294117647058824 0.012335526315789474
1 0.4323529411764706 0.4732730263157895 0.7470588235294118 0.04194078947368421
2 0.6688235294117647 0.5390625 0.16117647058823528 0.017269736842105265
1 0.6758823529411765 0.5608552631578947 0.1988235294117647 0.014802631578947368