0 0.5171493517685619 0.045841345235022854 0.6426808336687723 0.02444988087271924
0 0.5146493183905363 0.11204861715728295 0.2090189323413584 0.025863844385751615
2 0.0957927293267117 0.171827912675902 0.050010544120626686 0.017070012734857233
3 0.16113977724957657 0.17096050497689055 0.04633602185008629 0.01314048690944283
2 0.09433072150330489 0.21054561555441664 0.050010544120626686 0.017070012734857275
3 0.1672493655927654 0.21173922999738398 0.06177161574795901 0.017262531193400345
2 0.10818734695189826 0.24873923837146708 0.0805308500387545 0.016021852611928726
3 0.1823259584387942 0.24879057357393322 0.03339884306002071 0.012928716605045425
2 0.10081556315835714 0.2881350360782805 0.06882825872435844 0.017378042268526215
3 0.1690297785968847 0.2892516431378305 0.03354504384236139 0.016800486892896916
2 0.122875698589615 0.3272377758738814 0.11587254523368781 0.01814811610269868
3 0.21284789653870742 0.32871054208173617 0.030016722354161682 0.016742731355333936
2 0.11325729147024978 0.37938153776182315 0.1004369513358151 0.014026071818741138
4 0.2512452019961278 0.3870641080526968 0.02410694638402741 0.0158721180684921
2 0.3014490575858013 0.38207465606972785 0.05336342467001761 0.012481643926998397
5 0.42766127640611296 0.38995188493084354 0.02410694638402741 0.015872118068492053
2 0.467868221112554 0.3847987922581129 0.03336960290355264 0.012154362547475145
1 0.42383568463100946 0.4445149682207677 0.7271493673862802 0.05137044582819507
2 0.6682158148793245 0.5174753669739293 0.1617407245802839 0.01889893809101678
1 0.6744975937093183 0.538111260574668 0.19928843331834292 0.017191934985643864