0 0.5 0.049372384937238493 0.6423529411764706 0.01506276150627615
0 0.5 0.11841004184100419 0.23294117647058823 0.019246861924686193
2 0.11647058823529412 0.19288702928870294 0.11529411764705882 0.017573221757322177
3 0.21411764705882352 0.19288702928870294 0.04470588235294118 0.017573221757322177
2 0.52 0.19205020920502092 0.08 0.015899581589958158
2 0.11352941176470588 0.23389121338912133 0.10941176470588235 0.015899581589958158
3 0.2211764705882353 0.23472803347280335 0.07058823529411765 0.017573221757322177
2 0.11294117647058824 0.27824267782426776 0.10823529411764705 0.02092050209205021
2 0.5258823529411765 0.27656903765690377 0.10588235294117647 0.017573221757322177
2 0.11294117647058824 0.3200836820083682 0.10823529411764705 0.02092050209205021
3 0.21470588235294116 0.31757322175732217 0.06 0.015899581589958158
2 0.5570588235294117 0.3184100418410042 0.16823529411764707 0.017573221757322177
3 0.6752941176470588 0.3184100418410042 0.03294117647058824 0.017573221757322177
2 0.10058823529411764 0.3594142259414226 0.08352941176470588 0.015899581589958158
2 0.11352941176470588 0.401255230125523 0.10941176470588235 0.015899581589958158
3 0.20294117647058824 0.401255230125523 0.03411764705882353 0.015899581589958158
2 0.10882352941176471 0.4585774058577406 0.1 0.013389121338912133
5 0.24705882352941178 0.46443514644351463 0.023529411764705882 0.016736401673640166
2 0.29705882352941176 0.4581589958158996 0.052941176470588235 0.012552301255230125
4 0.4235294117647059 0.46443514644351463 0.023529411764705882 0.016736401673640166
2 0.46352941176470586 0.4581589958158996 0.03294117647058824 0.012552301255230125
1 0.41294117647058826 0.5234309623430963 0.7082352941176471 0.042677824267782424
2 0.6688235294117647 0.6054393305439331 0.16117647058823528 0.017573221757322177
1 0.6758823529411765 0.6276150627615062 0.1988235294117647 0.01506276150627615