0 0.5 0.048841059602649006 0.6423529411764706 0.014900662251655629
0 0.5 0.12003311258278146 0.3 0.024834437086092714
2 0.14294117647058824 0.19081125827814568 0.16823529411764707 0.0173841059602649
2 0.5905882352941176 0.19081125827814568 0.11529411764705882 0.0173841059602649
3 0.6958823529411765 0.18998344370860928 0.06 0.015728476821192054
2 0.11176470588235295 0.2322019867549669 0.10588235294117647 0.0173841059602649
2 0.5429411764705883 0.23013245033112584 0.14470588235294118 0.013245033112582781
2 0.11352941176470588 0.2727649006622517 0.10941176470588235 0.015728476821192054
3 0.20823529411764705 0.271523178807947 0.04470588235294118 0.013245033112582781
2 0.11176470588235295 0.31498344370860926 0.10588235294117647 0.0173841059602649
2 0.528235294117647 0.31498344370860926 0.11529411764705882 0.0173841059602649
3 0.6264705882352941 0.3129139072847682 0.04588235294117647 0.013245033112582781
2 0.10882352941176471 0.3708609271523179 0.1 0.013245033112582781
5 0.24705882352941178 0.37665562913907286 0.023529411764705882 0.016556291390728478
2 0.29705882352941176 0.3704470198675497 0.052941176470588235 0.012417218543046357
4 0.4235294117647059 0.37665562913907286 0.023529411764705882 0.016556291390728478
2 0.46352941176470586 0.3704470198675497 0.03294117647058824 0.012417218543046357
1 0.4 0.43501655629139074 0.6823529411764706 0.042218543046357616
2 0.6688235294117647 0.5153145695364238 0.16117647058823528 0.0173841059602649
1 0.6758823529411765 0.5372516556291391 0.1988235294117647 0.014900662251655629