0 0.5 0.04573643410852713 0.6423529411764706 0.013953488372093023
0 0.5 0.112015503875969 0.3070588235294118 0.02248062015503876
2 0.10588235294117647 0.17868217054263566 0.09411764705882353 0.01627906976744186
3 0.21 0.17906976744186046 0.07882352941176471 0.017054263565891473
2 0.4988235294117647 0.17790697674418604 0.08 0.014728682170542635
3 0.5805882352941176 0.17674418604651163 0.04823529411764706 0.012403100775193798
2 0.14294117647058824 0.21744186046511627 0.16823529411764707 0.01627906976744186
3 0.2647058823529412 0.21744186046511627 0.04 0.01627906976744186
2 0.6052941176470589 0.21550387596899226 0.14470588235294118 0.012403100775193798
2 0.09294117647058824 0.2562015503875969 0.06823529411764706 0.01627906976744186
2 0.48705882352941177 0.25775193798449614 0.10823529411764705 0.01937984496124031
2 0.11176470588235295 0.29496124031007753 0.10588235294117647 0.01627906976744186
2 0.10882352941176471 0.34728682170542635 0.1 0.012403100775193798
4 0.24705882352941178 0.35271317829457366 0.023529411764705882 0.015503875968992248
2 0.29705882352941176 0.34689922480620156 0.052941176470588235 0.011627906976744186
5 0.4235294117647059 0.35271317829457366 0.023529411764705882 0.015503875968992248
2 0.46352941176470586 0.34689922480620156 0.03294117647058824 0.011627906976744186
1 0.41294117647058826 0.4073643410852713 0.7082352941176471 0.03953488372093023
2 0.6688235294117647 0.4748062015503876 0.16117647058823528 0.01627906976744186
1 0.6758823529411765 0.49534883720930234 0.1988235294117647 0.013953488372093023