0 0.5 0.045878693623639194 0.6423529411764706 0.013996889580093312
0 0.5 0.11275272161741835 0.30470588235294116 0.02332814930015552
2 0.11176470588235295 0.1792379471228616 0.10588235294117647 0.016329704510108865
2 0.13117647058823528 0.21889580093312597 0.14470588235294118 0.017884914463452566
3 0.25176470588235295 0.21811819595645413 0.0611764705882353 0.016329704510108865
2 0.10058823529411764 0.2562208398133748 0.08352941176470588 0.014774494556765163
3 0.18235294117647058 0.25544323483670295 0.04470588235294118 0.013219284603421462
2 0.10588235294117647 0.29587869362363917 0.09411764705882353 0.016329704510108865
2 0.08352941176470588 0.3347589424572317 0.04941176470588235 0.016329704510108865
2 0.10882352941176471 0.38724727838258166 0.1 0.012441679626749611
5 0.24705882352941178 0.3926905132192846 0.023529411764705882 0.015552099533437015
2 0.29705882352941176 0.3868584758942457 0.052941176470588235 0.01166407465007776
4 0.4235294117647059 0.3926905132192846 0.023529411764705882 0.015552099533437015
2 0.46352941176470586 0.3868584758942457 0.03294117647058824 0.01166407465007776
1 0.4541176470588235 0.4475116640746501 0.7905882352941176 0.03965785381026438
2 0.6688235294117647 0.5221617418351477 0.16117647058823528 0.016329704510108865
1 0.6758823529411765 0.5427682737169518 0.1988235294117647 0.013996889580093312