0 0.49297072383994284 0.046045764637160966 0.6425364907229556 0.018412133909531687
0 0.4940033752345904 0.11273491777036154 0.3073928981569074 0.02470977408370232
2 0.12620777790992393 0.18037456667273846 0.14489150134061332 0.013464812951059786
3 0.23149634676235323 0.1796578598198878 0.0307798680592095 0.012688046864730032
2 0.5385691833758903 0.17951777373262778 0.06848533192661474 0.016844250069866628
3 0.6256234190751057 0.17892518929563395 0.07083814910767454 0.016860265865461077
2 0.10154907740322619 0.2214962164694491 0.09436632091827328 0.017020423821405343
3 0.19210838328585242 0.2193196281488133 0.05196730048283782 0.01361217912020502
2 0.10215296710769846 0.26049572122570674 0.09436632091827328 0.017020423821405343
3 0.18564778255010034 0.25797718524429164 0.03783831960238913 0.012736094251513312
2 0.11039143485652587 0.29866318455115737 0.10963547700698356 0.015564546302518793
3 0.21804489868410448 0.2987104519978374 0.07083814910767457 0.016860265865461032
2 0.10924278946929268 0.338454691249236 0.10613040682357265 0.017100502799377474
3 0.19629702516850797 0.3378621068122421 0.033193074210716586 0.016604013135950207
2 0.10711701909400537 0.39112404241467685 0.10018797490047572 0.013160512834765681
4 0.24542957303989904 0.3956430450893802 0.02376972769238765 0.015759959858447307
2 0.29533635468175057 0.38945278371956 0.05311955348518886 0.012060206827751956
5 0.42189086161938955 0.39444186041979806 0.02376972769238765 0.015759959858447307
2 0.4617981702417366 0.3883196661812542 0.03312060744617992 0.011924072565199308
1 0.4062726258352764 0.44954327269528244 0.6970498530922843 0.04452017034733361
2 0.6689535273730746 0.507820752760039 0.16142161057847962 0.017476873995846652
1 0.6763320404596245 0.5284424428940723 0.19903045209316936 0.015393156439981851