0 0.5116477135289889 0.04899676642604104 0.6426319533906569 0.02316249945619205
0 0.5098705807662939 0.11780792154853846 0.265175910004942 0.023292640359757227
2 0.15097600073560127 0.18659878223429677 0.1686570660514495 0.01956804133886734
3 0.2698333780278996 0.18605033186548853 0.03445457611377569 0.013702435331816249
2 0.10758092362199968 0.22667896503785323 0.08392239068230316 0.016823400774296657
3 0.19107508954220767 0.22857946470124688 0.048676941119788986 0.01802877571392328
2 0.12236867289608264 0.2691642445181251 0.11572465799336398 0.018888953563156702
3 0.22119724584261374 0.2696028249710681 0.047457842908955356 0.016355584751029353
2 0.5199498711990362 0.2742649482556849 0.06867362860839903 0.01828531998474725
3 0.59469690844293 0.27315059140711784 0.046217333460016934 0.013853343726418577
2 0.1036753862095876 0.3095613349503465 0.08039356347843078 0.016778128255915927
3 0.19246279293560414 0.31152974339131123 0.06279224993527845 0.01820986578744611
2 0.5335827559765999 0.3159060868347797 0.1686570660514496 0.01956804133886734
3 0.6723725870431941 0.318101330921946 0.07457641851962454 0.019189824243765287
2 0.1349845238636702 0.35018526102876957 0.1450244951684433 0.01512097424107844
3 0.2554992585673809 0.3538046972277359 0.06161597420065438 0.018194774947985836
2 0.11113649823847876 0.4079320393992036 0.10032601725272662 0.014547522341589444
4 0.2491990183900799 0.41550856346779924 0.023953739454577638 0.016882818023541406
2 0.2993513213973908 0.40993204868198296 0.053253576629656935 0.01311483870146319
5 0.42564037858369835 0.4177721893868347 0.023953739454577638 0.016882818023541454
2 0.4657943378467042 0.4120674024656064 0.0332568891410469 0.012858294430639173
1 0.4329529543069939 0.4763334000338234 0.748027064629661 0.05186423620480861
2 0.6673503093464905 0.5581264146284305 0.16159941164370492 0.01947749630210588
1 0.6738405659444591 0.5801867863006881 0.19917600143736247 0.017473252979683006