0 0.5 0.045701006971340045 0.6423529411764706 0.013942680092951201
0 0.5 0.10999225406661503 0.2647058823529412 0.018590240123934933
2 0.11647058823529412 0.1785437645236251 0.11529411764705882 0.016266460108443067
3 0.21470588235294116 0.1777691711851278 0.04588235294117647 0.01471727343144849
2 0.11352941176470588 0.21649883810999226 0.10941176470588235 0.01471727343144849
3 0.2088235294117647 0.21649883810999226 0.04588235294117647 0.01471727343144849
2 0.5158823529411765 0.21649883810999226 0.08352941176470588 0.01471727343144849
2 0.11647058823529412 0.256003098373354 0.11529411764705882 0.016266460108443067
2 0.13117647058823528 0.29550735863671573 0.14470588235294118 0.017815646785437646
3 0.24705882352941178 0.29318357862122385 0.05176470588235294 0.013168086754453912
2 0.13117647058823528 0.33152594887683967 0.14470588235294118 0.012393493415956624
2 0.5635294117647058 0.33501161890007747 0.10823529411764705 0.019364833462432222
3 0.67 0.33346243222308286 0.06941176470588235 0.016266460108443067
2 0.10882352941176471 0.38574748257164987 0.1 0.012393493415956624
5 0.24705882352941178 0.3911696359411309 0.023529411764705882 0.015491866769945779
2 0.29705882352941176 0.38536018590240123 0.052941176470588235 0.011618900077459334
4 0.4235294117647059 0.3911696359411309 0.023529411764705882 0.015491866769945779
2 0.46352941176470586 0.38536018590240123 0.03294117647058824 0.011618900077459334
1 0.4323529411764706 0.4457784663051898 0.7470588235294118 0.039504260263361735
2 0.6688235294117647 0.516266460108443 0.16117647058823528 0.016266460108443067
1 0.6758823529411765 0.5367931835786213 0.1988235294117647 0.013942680092951201