0 0.5 0.04573643410852713 0.6423529411764706 0.013953488372093023
0 0.5 0.11007751937984496 0.24941176470588236 0.018604651162790697
2 0.13117647058823528 0.17945736434108528 0.14470588235294118 0.017829457364341085
3 0.2376470588235294 0.17868217054263566 0.03294117647058824 0.01627906976744186
2 0.11352941176470588 0.21666666666666667 0.10941176470588235 0.014728682170542635
3 0.2088235294117647 0.21550387596899226 0.04588235294117647 0.012403100775193798
2 0.13117647058823528 0.2569767441860465 0.14470588235294118 0.017829457364341085
2 0.13117647058823528 0.2957364341085271 0.14470588235294118 0.017829457364341085
2 0.09294117647058824 0.33372093023255817 0.06823529411764706 0.01627906976744186
2 0.4747058823529412 0.3329457364341085 0.08352941176470588 0.014728682170542635
3 0.5647058823529412 0.33372093023255817 0.0611764705882353 0.01627906976744186
2 0.09294117647058824 0.37248062015503874 0.06823529411764706 0.01627906976744186
3 0.16470588235294117 0.37248062015503874 0.04 0.01627906976744186
2 0.10882352941176471 0.4248062015503876 0.1 0.012403100775193798
5 0.24705882352941178 0.43023255813953487 0.023529411764705882 0.015503875968992248
2 0.29705882352941176 0.42441860465116277 0.052941176470588235 0.011627906976744186
4 0.4235294117647059 0.43023255813953487 0.023529411764705882 0.015503875968992248
2 0.46352941176470586 0.42441860465116277 0.03294117647058824 0.011627906976744186
1 0.3870588235294118 0.4848837209302326 0.6564705882352941 0.03953488372093023
2 0.6688235294117647 0.5492248062015503 0.16117647058823528 0.01627906976744186
1 0.6758823529411765 0.5697674418604651 0.1988235294117647 0.013953488372093023