0 0.4835362512017784 0.04502569706892117 0.6426725932494545 0.023418851817296256
0 0.4859039475172417 0.11045678411252113 0.30544837736312613 0.027437451728327823
2 0.13129683736437814 0.18091263340165223 0.16876738025851626 0.018524113332498506
3 0.2470786268349081 0.17725633366933843 0.028668063350167805 0.012600652886978304
2 0.5753479228008815 0.17571120992572475 0.10889393703461424 0.020659136501818425
3 0.6699039782838395 0.17085382754922143 0.0463102894189687 0.01286779500603743
2 0.08854030846513955 0.2188609917822814 0.08050118720950038 0.01566674955014241
3 0.16906517715057287 0.21649980288161605 0.046310289418968864 0.012867795006037408
2 0.12231601992155493 0.2579342140942451 0.1452994748717924 0.01968957702748014
3 0.22924916500517897 0.25365065882793064 0.034548805373101524 0.012689700259997992
2 0.09837786549570408 0.2955976208812112 0.09467003076955197 0.017402116432450238
3 0.17776788280530872 0.2943954813454452 0.029981868517281515 0.0164225953292334
2 0.4929481238820484 0.2888617155580586 0.08402963242326056 0.015720177973954263
3 0.5717638326656124 0.2880488940563597 0.039363524401470076 0.015804244532534727
2 0.09267001134094766 0.33298498081181627 0.08050118720950036 0.01566674955014241
3 0.18502519245351176 0.3323477636489371 0.06997091427323054 0.01702811746576741
2 0.47259347737496854 0.3279933471082734 0.06879476586864378 0.01701030799116346
3 0.5555119398983334 0.3267377791486955 0.06291402384571008 0.016921260618143752
2 0.12644572279736302 0.3720582031237799 0.14529947487179237 0.01968957702748014
3 0.24102383251080084 0.36765888627253984 0.049838734632729045 0.01292122342984926
2 0.10592973805182329 0.4229915516110152 0.10041311602995874 0.013687030837818822
5 0.24431989505830243 0.4262247244997638 0.02407359514184246 0.015572721362683414
2 0.2940997171094482 0.41976162237761955 0.05333964849398385 0.012213825260130791
4 0.42074215574631274 0.42355330330917257 0.024073595141842426 0.0155727213626835
2 0.46052471635847136 0.4172415817211618 0.03334512561600932 0.011911064191863894
1 0.3726968089030062 0.4779484808237215 0.6306434954316782 0.04833022518315055
2 0.6704980055897831 0.5449960024899739 0.16171048983099587 0.01841725648487485
1 0.6782844768586964 0.5650510503709014 0.19926464472025526 0.016704679891610254