0 0.5 0.04851973684210526 0.6423529411764706 0.014802631578947368
0 0.5 0.11677631578947369 0.24941176470588236 0.019736842105263157
2 0.13117647058823528 0.1875 0.14470588235294118 0.013157894736842105
3 0.25058823529411767 0.18791118421052633 0.058823529411764705 0.013980263157894737
2 0.13117647058823528 0.22861842105263158 0.14470588235294118 0.013157894736842105
3 0.23823529411764705 0.22861842105263158 0.03411764705882353 0.013157894736842105
2 0.581764705882353 0.22861842105263158 0.14470588235294118 0.013157894736842105
3 0.6952941176470588 0.23067434210526316 0.047058823529411764 0.017269736842105265
2 0.13117647058823528 0.27261513157894735 0.14470588235294118 0.018914473684210526
3 0.24352941176470588 0.2701480263157895 0.04470588235294118 0.013980263157894737
2 0.0988235294117647 0.3120888157894737 0.08 0.015625
3 0.1776470588235294 0.31085526315789475 0.042352941176470586 0.013157894736842105
2 0.08352941176470588 0.3540296052631579 0.04941176470588235 0.017269736842105265
3 0.14 0.3519736842105263 0.02823529411764706 0.013157894736842105
2 0.11352941176470588 0.39432565789473684 0.10941176470588235 0.015625
3 0.21176470588235294 0.39350328947368424 0.05176470588235294 0.013980263157894737
2 0.5158823529411765 0.39432565789473684 0.08352941176470588 0.015625
3 0.591764705882353 0.3930921052631579 0.03294117647058824 0.013157894736842105
2 0.10882352941176471 0.4506578947368421 0.1 0.013157894736842105
4 0.24705882352941178 0.4564144736842105 0.023529411764705882 0.01644736842105263
2 0.29705882352941176 0.45024671052631576 0.052941176470588235 0.012335526315789474
5 0.4235294117647059 0.4564144736842105 0.023529411764705882 0.01644736842105263
2 0.46352941176470586 0.45024671052631576 0.03294117647058824 0.012335526315789474
1 0.43411764705882355 0.514391447368421 0.7505882352941177 0.04194078947368421
2 0.6688235294117647 0.5867598684210527 0.16117647058823528 0.017269736842105265
1 0.6758823529411765 0.6085526315789473 0.1988235294117647 0.014802631578947368