0 0.48404214085739783 0.049556967173118895 0.6426826568500185 0.026599795896454122
0 0.48657819468024627 0.12114224469486301 0.3078213980315711 0.029791602849205588
2 0.07279087817071078 0.20062113262709616 0.05001894816509486 0.018469211261530883
3 0.14570886818625498 0.19931195480363073 0.06177991429663427 0.01868036897499304
2 0.4432316498659809 0.19313240994518127 0.0805381372106564 0.01734371190081922
3 0.5267048479516901 0.1907959354717432 0.05225249559852099 0.015162423972796688
2 0.10373568880702265 0.24363048315198693 0.10894242461567358 0.022874018660268326
3 0.19180945827657597 0.23827915411566566 0.0334052883398375 0.013987316923400548
2 0.5052836978544313 0.23390768311368396 0.08406642705011817 0.01740705921485787
3 0.5887420652160302 0.23115258128631758 0.04869454431083869 0.014261821950901376
2 0.08516579589798733 0.28417767724199205 0.0688364939755579 0.018807063603070363
3 0.1686389939836965 0.28184120276855407 0.06407278462650123 0.01704809110197219
2 0.09958593105370316 0.32580813915001655 0.09471061946494454 0.01927161057268712
3 0.17948634712761982 0.3222791299288322 0.031053095113529574 0.013945085380708145
2 0.49413668331862903 0.31788654315550413 0.08406642705011817 0.01740705921485787
3 0.5829023161635309 0.31545504771100813 0.0593090752774446 0.015289118600874015
2 0.10452832034146839 0.3822700425019753 0.10044279528961196 0.015190915890134939
4 0.24292730252459932 0.3856497223237914 0.02411516122748778 0.017167409584057488
2 0.29268894772198834 0.37847289173265225 0.05336926931523391 0.013509030328429615
5 0.41934179449769005 0.3824823566218589 0.024115161227487747 0.017167409584057488
2 0.4591066184832706 0.3754850100871626 0.033375626891617 0.013150062215543934
1 0.41084805707884636 0.44169885546786913 0.7095228949779139 0.05541168445111195
2 0.6689923248492435 0.5032492971207428 0.16174812641471897 0.02047520953942142
1 0.6768349329060092 0.525309852250867 0.19929423369098384 0.01863915009893044