0 0.4898848524365453 0.04809983852574994 0.6426039156847224 0.02154421039619999
0 0.49144313192605055 0.1177168904285398 0.2087388444829598 0.02584572072269089
2 0.07658991367929767 0.19220689857892878 0.04978857045512154 0.01762877033206164
2 0.0945397391614988 0.23192146752940712 0.08386567230899142 0.01636614684827259
2 0.46686622232913827 0.22874293923324251 0.04978857045512153 0.01762877033206164
2 0.11134968621776987 0.2732771208946075 0.11566301731100119 0.018335230736469976
2 0.10930191176157895 0.31320615103928123 0.10974491928808702 0.01664368486429011
2 0.10258527065503585 0.3548141116917703 0.09448908796446845 0.01810815417791013
2 0.5278465771890072 0.3510678919992062 0.1451077034967296 0.020279083895938434
2 0.09642034327035248 0.39478729561171955 0.0803366840845693 0.01632830075517929
2 0.10766758938026316 0.45045512998937165 0.10027960754964534 0.014100058373838105
4 0.24601387327453367 0.4546724663528024 0.023891097984920628 0.016536997790865277
2 0.2958711819372238 0.4480295544284728 0.053208205732911705 0.012781209274081986
4 0.4224632844956399 0.4527801616981373 0.023891097984920662 0.016536997790865277
2 0.462321793189134 0.4462444803709053 0.0332106057945197 0.012566748079886602
1 0.43257065217962043 0.5100890804905115 0.7478986742157211 0.049536717155535995
2 0.6706713829064873 0.5816487340445337 0.16153986422848876 0.018827229946682882
1 0.6782123348696225 0.6031502567755861 0.19912772881567534 0.01678821803080829