0 0.5 0.04620203602192639 0.6423529411764706 0.014095536413469069
0 0.5 0.11119812059514488 0.2647058823529412 0.018794048551292093
2 0.14294117647058824 0.18050117462803444 0.16823529411764707 0.01644479248238058
3 0.2752941176470588 0.18050117462803444 0.0611764705882353 0.01644479248238058
2 0.5905882352941176 0.18050117462803444 0.11529411764705882 0.01644479248238058
3 0.68 0.17854346123727485 0.02823529411764706 0.012529365700861394
2 0.13117647058823528 0.22043852779953016 0.14470588235294118 0.018010963194988253
3 0.25588235294117645 0.21965544244322632 0.06941176470588235 0.01644479248238058
2 0.581764705882353 0.21769772905246673 0.14470588235294118 0.012529365700861394
3 0.7088235294117647 0.22004698512137824 0.07411764705882352 0.017227877838684416
2 0.09294117647058824 0.25880971025841815 0.06823529411764706 0.01644479248238058
3 0.16176470588235295 0.2580266249021143 0.03411764705882353 0.014878621769772905
2 0.13117647058823528 0.2960062646828504 0.14470588235294118 0.012529365700861394
3 0.2411764705882353 0.29639780736100235 0.04 0.01331245105716523
2 0.13117647058823528 0.33790133124510574 0.14470588235294118 0.018010963194988253
3 0.24235294117647058 0.3351605324980423 0.042352941176470586 0.012529365700861394
2 0.11294117647058824 0.3778386844166014 0.10823529411764705 0.01957713390759593
3 0.2076470588235294 0.37431480031323416 0.04588235294117647 0.012529365700861394
2 0.10882352941176471 0.4291307752545027 0.1 0.012529365700861394
4 0.24705882352941178 0.4346123727486296 0.023529411764705882 0.015661707126076743
2 0.29705882352941176 0.4287392325763508 0.052941176470588235 0.011746280344557557
5 0.4235294117647059 0.4346123727486296 0.023529411764705882 0.015661707126076743
2 0.46352941176470586 0.4287392325763508 0.03294117647058824 0.011746280344557557
1 0.39941176470588236 0.4898198903680501 0.6811764705882353 0.039937353171495694
2 0.6688235294117647 0.5516836335160532 0.16117647058823528 0.01644479248238058
1 0.6758823529411765 0.572435395458105 0.1988235294117647 0.014095536413469069