0 0.5 0.049003322259136214 0.6423529411764706 0.014950166112956811
0 0.5 0.12001661129568106 0.20823529411764705 0.02408637873754153
2 0.09294117647058824 0.19144518272425248 0.06823529411764706 0.01744186046511628
2 0.48 0.19144518272425248 0.09411764705882353 0.01744186046511628
2 0.11647058823529412 0.2329734219269103 0.11529411764705882 0.01744186046511628
3 0.2223529411764706 0.2329734219269103 0.0611764705882353 0.01744186046511628
2 0.11352941176470588 0.27367109634551495 0.10941176470588235 0.015780730897009966
2 0.11294117647058824 0.3176910299003322 0.10823529411764705 0.020764119601328904
2 0.11294117647058824 0.35921926910299 0.10823529411764705 0.020764119601328904
3 0.20176470588235293 0.3554817275747508 0.03411764705882353 0.013289036544850499
2 0.11294117647058824 0.4007475083056478 0.10823529411764705 0.020764119601328904
2 0.5305882352941177 0.39908637873754155 0.11529411764705882 0.01744186046511628
2 0.10882352941176471 0.45514950166112955 0.1 0.013289036544850499
4 0.24705882352941178 0.46096345514950166 0.023529411764705882 0.016611295681063124
2 0.29705882352941176 0.454734219269103 0.052941176470588235 0.012458471760797342
5 0.4235294117647059 0.46096345514950166 0.023529411764705882 0.016611295681063124
2 0.46352941176470586 0.454734219269103 0.03294117647058824 0.012458471760797342
1 0.45941176470588235 0.5195182724252492 0.8011764705882353 0.04235880398671096
2 0.6688235294117647 0.5959302325581395 0.16117647058823528 0.01744186046511628
1 0.6758823529411765 0.6179401993355482 0.1988235294117647 0.014950166112956811