0 0.5 0.044128646222887064 0.6423529411764706 0.013462976813762155
0 0.5 0.1080777860882573 0.3070588235294118 0.02169035153328347
2 0.13117647058823528 0.1705310396409873 0.14470588235294118 0.011967090501121914
3 0.24235294117647058 0.1705310396409873 0.042352941176470586 0.011967090501121914
2 0.5511764705882353 0.17165295437546746 0.08352941176470588 0.014210919970082274
3 0.6411764705882353 0.17090501121914733 0.0611764705882353 0.012715033657442034
2 0.11647058823529412 0.20979805534779356 0.11529411764705882 0.015706806282722512
3 0.21470588235294116 0.20792819745699326 0.04588235294117647 0.011967090501121914
2 0.5523529411764706 0.21054599850411368 0.14470588235294118 0.01720269259536275
3 0.668235294117647 0.20830216903515333 0.05176470588235294 0.012715033657442034
2 0.13117647058823528 0.24532535527299926 0.14470588235294118 0.011967090501121914
3 0.23823529411764705 0.24532535527299926 0.03411764705882353 0.011967090501121914
2 0.10588235294117647 0.28459237097980555 0.09411764705882353 0.015706806282722512
3 0.2076470588235294 0.2849663425579656 0.07411764705882352 0.016454749439042633
2 0.5311764705882352 0.28534031413612565 0.14470588235294118 0.01720269259536275
3 0.6470588235294118 0.2830964846671653 0.05176470588235294 0.012715033657442034
2 0.0988235294117647 0.3212415856394914 0.08 0.014210919970082274
3 0.17058823529411765 0.3201196709050112 0.02823529411764706 0.011967090501121914
2 0.10882352941176471 0.3724756918474196 0.1 0.011967090501121914
4 0.24705882352941178 0.3777112939416604 0.023529411764705882 0.014958863126402393
2 0.29705882352941176 0.37210172026925953 0.052941176470588235 0.011219147344801795
5 0.4235294117647059 0.3777112939416604 0.023529411764705882 0.014958863126402393
2 0.46352941176470586 0.37210172026925953 0.03294117647058824 0.011219147344801795
1 0.3835294117647059 0.43044128646222884 0.6494117647058824 0.0381451009723261
2 0.6688235294117647 0.4887808526551982 0.16117647058823528 0.015706806282722512
1 0.6758823529411765 0.5086013462976814 0.1988235294117647 0.013462976813762155