0 0.503792676444297 0.04929793809351927 0.6424680127205388 0.01776298603108835
0 0.5031880978081348 0.1211429377672122 0.30020554351055834 0.02633518250733894
2 0.13378766445886764 0.1889167081477151 0.14481577861025022 0.013980533991581013
3 0.24378218559511264 0.18980116851776524 0.04011879559524626 0.014371648315994115
2 0.5461156687816654 0.19275493988696796 0.0683817055540534 0.017833085461331808
3 0.6290553644719997 0.1931068795692359 0.06249945763275311 0.017808125200178056
2 0.13343616525179655 0.23068705679521098 0.14481577861025022 0.013980533991581038
3 0.24341662641975872 0.233242331111161 0.04014691553181194 0.01771327620779383
2 0.1330600611002305 0.2753813298480316 0.14486498849924015 0.019828382802230454
3 0.2583589718080684 0.27507757643765657 0.07073460472257352 0.017843069565793318
2 0.1003702582942906 0.315343583113282 0.08013214142837115 0.016212192037739475
3 0.18861100709793657 0.3148825800576384 0.061294888111927334 0.014461505256147658
2 0.09412948118177777 0.3579243784725741 0.0683817055540534 0.017833085461331808
3 0.16942225457442167 0.3582438698153421 0.047205613037372265 0.017743228521178312
2 0.5064926354252827 0.35758557534707736 0.1448157786102503 0.013980533991580989
3 0.6158883867931856 0.359720650150437 0.03896343596341045 0.016872877182613134
2 0.10953702663974263 0.41438174185180865 0.10011069440836794 0.013790836006812489
5 0.24772064290130982 0.4208161567995713 0.02366959136802965 0.01680798050361339
2 0.29777247511342303 0.4147627667222538 0.053045681053824026 0.012755746944632563
4 0.424188080540319 0.4215649646341839 0.023669591368029614 0.01680798050361344
2 0.4642400912862217 0.41546914211290503 0.033046038121403054 0.0126708820567098
1 0.41957489311343854 0.4804436840443455 0.72152212434263 0.04566588363789594
2 0.6683635663721263 0.5550178127368575 0.16132122271059837 0.01822745758756105
1 0.6752359692979389 0.5771860498334148 0.19894651945449596 0.015880982340095363