0 0.5 0.04758064516129032 0.6423529411764706 0.014516129032258065
0 0.5 0.11451612903225807 0.24941176470588236 0.01935483870967742
2 0.11294117647058824 0.1875 0.10823529411764705 0.020161290322580645
3 0.2011764705882353 0.18387096774193548 0.03294117647058824 0.012903225806451613
2 0.5147058823529411 0.18508064516129033 0.08352941176470588 0.01532258064516129
3 0.6035294117647059 0.1842741935483871 0.058823529411764705 0.013709677419354839
2 0.13117647058823528 0.22419354838709676 0.14470588235294118 0.012903225806451613
3 0.24294117647058824 0.2245967741935484 0.04352941176470588 0.013709677419354839
2 0.5435294117647059 0.22620967741935483 0.06823529411764706 0.016935483870967744
3 0.6182352941176471 0.22419354838709676 0.04588235294117647 0.012903225806451613
2 0.13117647058823528 0.26733870967741935 0.14470588235294118 0.018548387096774192
3 0.25176470588235295 0.26653225806451614 0.0611764705882353 0.016935483870967744
2 0.0988235294117647 0.3060483870967742 0.08 0.01532258064516129
3 0.17647058823529413 0.30685483870967745 0.04 0.016935483870967744
2 0.4864705882352941 0.3060483870967742 0.08352941176470588 0.01532258064516129
3 0.5688235294117647 0.30483870967741933 0.04588235294117647 0.012903225806451613
2 0.10882352941176471 0.36129032258064514 0.1 0.012903225806451613
5 0.24705882352941178 0.36693548387096775 0.023529411764705882 0.016129032258064516
2 0.29705882352941176 0.36088709677419356 0.052941176470588235 0.012096774193548387
4 0.4235294117647059 0.36693548387096775 0.023529411764705882 0.016129032258064516
2 0.46352941176470586 0.36088709677419356 0.03294117647058824 0.012096774193548387
1 0.4147058823529412 0.42379032258064514 0.711764705882353 0.04112903225806452
2 0.6688235294117647 0.4875 0.16117647058823528 0.016935483870967744
1 0.6758823529411765 0.5088709677419355 0.1988235294117647 0.014516129032258065