0 0.5 0.04847986852917009 0.6423529411764706 0.014790468364831553
0 0.5 0.11873459326211996 0.20823529411764705 0.0238290879211175
2 0.10588235294117647 0.18940016433853737 0.09411764705882353 0.01725554642563681
3 0.1952941176470588 0.18734593262119967 0.04941176470588235 0.01314708299096138
2 0.13117647058823528 0.228430566967954 0.14470588235294118 0.01314708299096138
3 0.24705882352941178 0.22884141331142152 0.05176470588235294 0.013968775677896467
2 0.11176470588235295 0.271569433032046 0.10588235294117647 0.01725554642563681
3 0.2023529411764706 0.26992604765817585 0.04 0.013968775677896467
2 0.11294117647058824 0.3142974527526705 0.10823529411764705 0.020542317173377157
3 0.20823529411764705 0.31183237469186526 0.047058823529411764 0.015612161051766639
2 0.52 0.3126540673788003 0.09411764705882353 0.01725554642563681
3 0.6141176470588235 0.31306491372226786 0.058823529411764705 0.018077239112571898
2 0.13117647058823528 0.35168447000821695 0.14470588235294118 0.01314708299096138
3 0.23823529411764705 0.35168447000821695 0.03411764705882353 0.01314708299096138
2 0.11647058823529412 0.39482333607230896 0.11529411764705882 0.01725554642563681
3 0.22647058823529412 0.39482333607230896 0.06941176470588235 0.01725554642563681
2 0.10882352941176471 0.45028759244042726 0.1 0.01314708299096138
4 0.24705882352941178 0.4560394412489729 0.023529411764705882 0.016433853738701727
2 0.29705882352941176 0.4498767460969597 0.052941176470588235 0.012325390304026294
5 0.4235294117647059 0.4560394412489729 0.023529411764705882 0.016433853738701727
2 0.46352941176470586 0.4498767460969597 0.03294117647058824 0.012325390304026294
1 0.4052941176470588 0.5139687756778965 0.6929411764705883 0.0419063270336894
2 0.6688235294117647 0.5895645028759244 0.16117647058823528 0.01725554642563681
1 0.6758823529411765 0.6113393590797042 0.1988235294117647 0.014790468364831553