0 0.49466092991959987 0.04474385803097214 0.6424946359575506 0.016774691480807135
0 0.49539888631705736 0.10766852045133735 0.2496180271267189 0.019409765123276274
2 0.09677649387042582 0.1759499710664135 0.08369595615625401 0.014811244676994545
2 0.5167511631841334 0.17276729969793275 0.1448440065782879 0.012834800159609482
2 0.09722104591708693 0.21385639421121183 0.08369595615625401 0.014811244676994524
2 0.11004485949463913 0.25397704160722345 0.10845447921803612 0.01948033772931954
2 0.5229564613403994 0.2504496838001374 0.10606604107180963 0.01643636461345482
2 0.11105095691412398 0.2896062145472636 0.10957756996368359 0.014937296584084232
2 0.5116277524336592 0.28765527480344416 0.08016664518251365 0.014794055780573237
2 0.11444549247983532 0.32825644207460686 0.11547753700178405 0.016482201670578366
2 0.14135987682954945 0.36603394849624526 0.16841720160789003 0.01674003511689805
2 0.10784334934638479 0.41737377907379575 0.10013940091090955 0.012617074138272746
4 0.2461369331044163 0.4220074465375659 0.02370656064360045 0.015277161900728115
2 0.2960688224254061 0.41607797369987753 0.05307303022010431 0.011629760389759339
4 0.4226024817914363 0.4211480017165 0.02370656064360045 0.015277161900728115
2 0.46253465668682825 0.4152672307520054 0.03307360136890873 0.011532356643371804
1 0.39205371990918825 0.4747478936023872 0.6674932171245298 0.04191325303132322
2 0.6693966259045752 0.5484561478760848 0.16135857966040923 0.01670565732405548
1 0.6766908604367863 0.5685121743499852 0.198977890257507 0.014614620163861594