0 0.5 0.04563031709203403 0.6423529411764706 0.013921113689095127
0 0.5 0.11175560711523588 0.20823529411764705 0.02242846094354215
2 0.11176470588235295 0.1782675947409126 0.10588235294117647 0.016241299303944315
3 0.21176470588235294 0.17865429234338748 0.058823529411764705 0.017014694508894045
2 0.5235294117647059 0.1782675947409126 0.10588235294117647 0.016241299303944315
3 0.6176470588235294 0.17672080433101314 0.047058823529411764 0.013147718484145398
2 0.11647058823529412 0.21693735498839908 0.11529411764705882 0.016241299303944315
3 0.20823529411764705 0.21500386697602475 0.03294117647058824 0.01237432327919567
2 0.09294117647058824 0.25560711523588553 0.06823529411764706 0.016241299303944315
3 0.17411764705882352 0.25406032482598606 0.058823529411764705 0.013147718484145398
2 0.5052941176470588 0.2536736272235112 0.14470588235294118 0.01237432327919567
3 0.6141176470588235 0.2536736272235112 0.03764705882352941 0.01237432327919567
2 0.11294117647058824 0.29582366589327147 0.10823529411764705 0.019334880123743233
3 0.21411764705882352 0.29273008507347253 0.058823529411764705 0.013147718484145398
2 0.14294117647058824 0.3329466357308585 0.16823529411764707 0.016241299303944315
3 0.2741176470588235 0.331399845320959 0.058823529411764705 0.013147718484145398
2 0.5670588235294117 0.3329466357308585 0.06823529411764706 0.016241299303944315
3 0.6388235294117647 0.331399845320959 0.04 0.013147718484145398
2 0.10882352941176471 0.3851508120649652 0.1 0.01237432327919567
5 0.24705882352941178 0.3905645784996133 0.023529411764705882 0.015467904098994586
2 0.29705882352941176 0.3847641144624903 0.052941176470588235 0.01160092807424594
4 0.4235294117647059 0.3905645784996133 0.023529411764705882 0.015467904098994586
2 0.46352941176470586 0.3847641144624903 0.03294117647058824 0.01160092807424594
1 0.4370588235294118 0.4450889404485692 0.7564705882352941 0.03944315545243619
2 0.6688235294117647 0.5146945088940449 0.16117647058823528 0.016241299303944315
1 0.6758823529411765 0.5351894818252126 0.1988235294117647 0.013921113689095127