0 0.2648645578686277 0.04904692772951996 0.4676125187974728 0.028188331654249985
0 0.4866869590374639 0.11656040190054963 0.24429576556107477 0.02845491138573234
2 0.1022168208010897 0.177553924595735 0.10992906610560614 0.017766731313211836
3 0.2274294787425538 0.17411292664863362 0.11337048878016279 0.015324987345454635
2 0.12130717174202267 0.21896914265754772 0.14532837096374315 0.021721318480865615
3 0.4453120309130306 0.21288853009024122 0.47578736946642425 0.026663285951820288
2 0.10443913382189113 0.25850792660334976 0.10881089809975111 0.019415117346931687
3 0.2661692646273473 0.25609861303351755 0.18763949405665728 0.021626889090805804
1 0.19554766758477665 0.30659666271948655 0.2876671108885164 0.025043153206351143
1 0.42219901458031367 0.3606660895972364 0.7267749447120003 0.07858617952538242
1 0.44124319428495373 0.43464624811516056 0.7588948896745288 0.05579656915964839
1 0.45854357703416926 0.5261914190106641 0.7887441019240893 0.10302032764165173
1 0.18921398551124927 0.6156491449730532 0.25344391980756203 0.021109122760579028
1 0.4596219245231722 0.6589340382466304 0.7800649376638178 0.056166590153518915
1 0.46162422899369776 0.7674461524435521 0.7789703187280325 0.12620051572313795
2 0.7098775053556844 0.8674792765172555 0.16173601807297353 0.020340169831607743
1 0.7177599152602001 0.8911383704532871 0.19928474028582915 0.01849457079841968