0 0.19452924729497875 0.05578567333312423 0.3098252308704587 0.030207454945912662
0 0.49399655277138554 0.13016122999570465 0.24394833437643637 0.029535144787808075
1 0.24736931712250493 0.19425046097837895 0.38734473005950804 0.023537751989936954
2 0.12689180267334652 0.23792754603840677 0.14493615530003864 0.016400818239034904
3 0.2698211406023413 0.23646887310609052 0.1131740802047065 0.016076668698520164
2 0.12767156946344396 0.28596461200365575 0.14504214301908103 0.022930128176059064
3 0.29940690850585316 0.28327904481473665 0.17089207015057759 0.021328732899021822
2 0.09778235824492638 0.3291836498775057 0.08381017472089324 0.018574805922376713
3 0.25245271603663033 0.3262057837161656 0.19787294712559222 0.016941067473226105
1 0.17806572994103648 0.382473272647276 0.2426811146084355 0.023926587874678402
1 0.47813636309600316 0.4577755851030197 0.8297867967730708 0.108257065310684
1 0.40991366958938413 0.567622666450552 0.689374440847104 0.08071116647661507
1 0.4731116648109623 0.6556044391083707 0.812469670897226 0.05585450827496461
1 0.12070926267865656 0.7268370992152354 0.11676376407062475 0.019843719563861013
1 0.4544934780102243 0.7770731491489408 0.7712966105884621 0.05543431442614929
2 0.6769386242570994 0.8541005857105969 0.16148108493714597 0.021232688590721163
1 0.6844283845947028 0.8806121715086839 0.19907960248271184 0.018818590136627785