0 0.4955188974819149 0.09740398079131471 0.2084921648792423 0.024746437321779082
1 0.2484778899181572 0.15251488308684163 0.387237810198065 0.019181823192297234
2 0.09537938161578896 0.19163860759935242 0.08016997205135254 0.015911770457152336
2 0.1040498417056229 0.2307132615351428 0.09664007068904439 0.01599974567066018
2 0.11390580847016371 0.2705966032259143 0.11548118267615001 0.01773023216941797
2 0.09845026735421998 0.3089851063112524 0.08369927890228651 0.015930622288618267
2 0.12949114628209352 0.34957030871203104 0.14491021521605751 0.019517274162573678
1 0.17882120361949935 0.3949479401763869 0.24255437142523045 0.020038841499798697
1 0.4329780531192797 0.4506417691989589 0.7383417454057823 0.06832279698182418
1 0.4350888076823362 0.5345775702318467 0.7406946166397383 0.068335364869468
1 0.4221689598988174 0.6422292417997074 0.7129681410650861 0.11382296535070872
1 0.11969627788618663 0.7379797305175276 0.11664854723539908 0.016921544414436964
1 0.47209910799022237 0.7943713077791681 0.8089278824244616 0.06869983361114337
2 0.7447446991695712 0.8727869432389835 0.16136217173829143 0.01797530597847548
1 0.7520618380167133 0.8959759329919372 0.19898089830840035 0.015731477084370053