0 0.5 0.09164110429447854 0.24352941176470588 0.02223926380368098
2 0.13117647058823528 0.14302147239263804 0.14470588235294118 0.01763803680981595
3 0.3029411764705882 0.14225460122699388 0.17058823529411765 0.016104294478527608
2 0.11235294117647059 0.17868098159509202 0.10705882352941176 0.015337423312883437
3 0.37529411764705883 0.17906441717791413 0.3905882352941176 0.016104294478527608
2 0.11352941176470588 0.2151073619631902 0.10941176470588235 0.014570552147239265
3 0.31 0.21779141104294478 0.25529411764705884 0.019938650306748466
2 0.11294117647058824 0.2526840490797546 0.10823529411764705 0.016104294478527608
3 0.2664705882352941 0.2526840490797546 0.17058823529411765 0.016104294478527608
1 0.2023529411764706 0.2983128834355828 0.28705882352941176 0.018404907975460124
1 0.42058823529411765 0.35161042944785276 0.711764705882353 0.060582822085889575
1 0.41705882352941176 0.4375 0.7047058823529412 0.060582822085889575
1 0.44941176470588234 0.5126533742331288 0.7694117647058824 0.03911042944785276
1 0.20529411764705882 0.5663343558282208 0.29294117647058826 0.01763803680981595
1 0.4541176470588235 0.6092791411042945 0.7788235294117647 0.03911042944785276
1 0.42823529411764705 0.7074386503067485 0.7270588235294118 0.1035276073619632
1 0.4082352941176471 0.807898773006135 0.6870588235294117 0.060582822085889575
2 0.7476470588235294 0.8815184049079755 0.16117647058823528 0.016104294478527608
1 0.7547058823529412 0.9033742331288345 0.1988235294117647 0.013803680981595092