0 0.21058823529411766 0.04004252303330971 0.3388235294117647 0.01630049610205528
0 0.6376470588235295 0.042523033309709427 0.6423529411764706 0.021261516654854713
0 0.5 0.10630758327427357 0.5364705882352941 0.021261516654854713
2 0.11235294117647059 0.15237420269312543 0.10705882352941176 0.01417434443656981
3 0.25588235294117645 0.1527285613040397 0.15176470588235294 0.014883061658398299
2 0.11058823529411765 0.18745570517363572 0.10352941176470588 0.01630049610205528
3 0.28647058823529414 0.18710134656272148 0.22 0.01559177888022679
2 0.0988235294117647 0.22005669737774627 0.08 0.013465627214741318
3 0.20941176470588235 0.21899362154500354 0.11294117647058824 0.011339475549255847
2 0.11294117647058824 0.25478384124734227 0.10823529411764705 0.014883061658398299
3 0.24588235294117647 0.25336640680368533 0.12941176470588237 0.012048192771084336
1 0.18529411764705883 0.2955350815024805 0.2529411764705882 0.01417434443656981
1 0.4641176470588235 0.35613040396881646 0.7988235294117647 0.07583274273564847
1 0.4176470588235294 0.4546420978029766 0.7058823529411765 0.07583274273564847
1 0.40647058823529414 0.5333097094259391 0.6835294117647058 0.03614457831325301
1 0.4323529411764706 0.6176470588235294 0.7352941176470589 0.09567682494684622
1 0.18529411764705883 0.7016300496102055 0.2529411764705882 0.01417434443656981
1 0.4435294117647059 0.7423812898653438 0.7576470588235295 0.03614457831325301
1 0.44941176470588234 0.7969525159461375 0.7694117647058824 0.03614457831325301
2 0.10941176470588235 0.8426647767540751 0.1011764705882353 0.011339475549255847
5 0.23529411764705882 0.8476257973068746 0.023529411764705882 0.01417434443656981
2 0.2852941176470588 0.8423104181431609 0.052941176470588235 0.010630758327427357
4 0.40588235294117647 0.8476257973068746 0.023529411764705882 0.01417434443656981
2 0.4464705882352941 0.8423104181431609 0.03411764705882353 0.010630758327427357
2 0.7464705882352941 0.8905031892274983 0.16117647058823528 0.014883061658398299
1 0.7535294117647059 0.9107016300496102 0.1988235294117647 0.012756909992912829