0 0.49988647970336675 0.07672636069639958 0.6423632027307661 0.0385667099919254
0 0.4999171747684686 0.19117648371051513 0.2082452311564976 0.03715038023487505
1 0.2511162913965145 0.27565430100084926 0.3847130682003759 0.026976119297072883
2 0.10054418169726911 0.3358043166367902 0.08353592448624535 0.024323141849756667
3 0.21289660365729748 0.33385055724309703 0.112946659057523 0.020496144486489527
2 0.13114836340704425 0.3952575373175191 0.14471136359015577 0.020506209664504435
3 0.30585423833652425 0.39520217883843717 0.17647606812278846 0.02051627484251927
2 0.13116602593053855 0.46111431201279224 0.1447137643215045 0.029457615933764916
3 0.2823414612102417 0.45723009224858857 0.1294175895545834 0.021780135791862536
1 0.1800087591185232 0.5327100916154823 0.242360818995894 0.029488557036551406
1 0.47591030533809575 0.604227586500279 0.8223703972763977 0.06547796480845776
1 0.4494668121956472 0.7052589877588497 0.7694292230553433 0.06546118951176637
2 0.6759634558911509 0.8023739234051316 0.1611836659337013 0.026905290266597603
1 0.6830320535268305 0.8388166979380379 0.19882969427269861 0.023080902393927082