0 0.49175214841870146 0.07623532103484236 0.2438758092883178 0.01988666959163819
2 0.12378075805533285 0.12107192171232171 0.1449833072940301 0.015495157346539725
3 0.2749115784223481 0.11829414971978144 0.1296155681551988 0.01158136911033562
2 0.09200057488329048 0.15059205758929664 0.08023137774181197 0.0125742110236416
3 0.2608333264352904 0.15058309622151317 0.22967206314337513 0.015341890255430589
2 0.09436096415331756 0.18119250597275535 0.08376059307373265 0.01259439654514418
3 0.4055635583262879 0.18164483445204327 0.5108825330533954 0.019500881897153557
2 0.10789720197442679 0.21172903353812264 0.1096415055078177 0.012742423702829755
3 0.23316572808248406 0.2100558681140245 0.11313348448948418 0.010849450402819226
2 0.10791719313992476 0.24298065854308745 0.10848992463068023 0.01401113441000432
3 0.2744095465873956 0.24362287379681008 0.1967823685124543 0.017704370483423985
1 0.19806250249528984 0.28041360862503245 0.28734073779824915 0.016947026320981468
1 0.44579644820944003 0.31439406031784484 0.7700019603130305 0.03692414365328549
1 0.4257878951925466 0.37446081652093827 0.7279989155990212 0.0545380663960437
1 0.43215673927979376 0.45988832985318784 0.738105235022221 0.09030419245496227
1 0.18604394779207079 0.5394253324904048 0.2531753411226769 0.014201021184439036
1 0.4102077218751574 0.6016033812956774 0.6886962203753312 0.09002159515392616
1 0.43581348065344894 0.677991799759268 0.7358862121044638 0.03672901694542726
1 0.4243128299795676 0.7520412877699518 0.7110479174774955 0.09014943679010917
1 0.45895263307243445 0.8392204757516937 0.7762315251352707 0.054813935189912254
2 0.7025084733059578 0.9003309247779455 0.16142815460949056 0.0143139172325431
1 0.7099206492972139 0.918465562539315 0.19903588179972384 0.01261607064039083