0 0.21058823529411766 0.08071428571428571 0.3388235294117647 0.032857142857142856
0 0.6376470588235295 0.08571428571428572 0.6423529411764706 0.04285714285714286
0 0.5 0.21 0.2647058823529412 0.03428571428571429
2 0.10058823529411764 0.30642857142857144 0.08352941176470588 0.027142857142857142
2 0.09294117647058824 0.37285714285714283 0.06823529411764706 0.022857142857142857
2 0.11352941176470588 0.44357142857142856 0.10941176470588235 0.027142857142857142
2 0.08352941176470588 0.5135714285714286 0.04941176470588235 0.030000000000000002
2 0.10941176470588235 0.5857142857142857 0.1011764705882353 0.022857142857142857
4 0.23529411764705882 0.5957142857142858 0.023529411764705882 0.028571428571428574
2 0.2852941176470588 0.5850000000000001 0.052941176470588235 0.02142857142857143
4 0.40588235294117647 0.5957142857142858 0.023529411764705882 0.028571428571428574
2 0.4464705882352941 0.5850000000000001 0.03411764705882353 0.02142857142857143
2 0.7347058823529412 0.6892857142857143 0.16117647058823528 0.030000000000000002
1 0.741764705882353 0.7300000000000001 0.1988235294117647 0.025714285714285717