0 0.1564705882352941 0.07236842105263158 0.23058823529411765 0.026315789473684213
0 0.6376470588235295 0.07894736842105264 0.6423529411764706 0.03947368421052632
0 0.5 0.19671052631578947 0.24352941176470588 0.0381578947368421
1 0.2523529411764706 0.2835526315789474 0.3870588235294118 0.02763157894736842
2 0.0988235294117647 0.34539473684210525 0.08 0.024999999999999998
3 0.33588235294117647 0.34671052631578947 0.3658823529411765 0.02763157894736842
2 0.13117647058823528 0.4111842105263158 0.14470588235294118 0.03026315789473684
3 0.2741176470588235 0.4065789473684211 0.11294117647058824 0.021052631578947368
2 0.13117647058823528 0.4697368421052631 0.14470588235294118 0.021052631578947368
3 0.2823529411764706 0.4703947368421053 0.12941176470588237 0.02236842105263158
2 0.11647058823529412 0.5361842105263158 0.11529411764705882 0.02763157894736842
3 0.26588235294117646 0.5368421052631579 0.15529411764705883 0.02894736842105263
1 0.18 0.6111842105263158 0.24235294117647058 0.03026315789473684
1 0.45 0.6848684210526316 0.7705882352941177 0.06710526315789474
2 0.7229411764705882 0.7967105263157894 0.16117647058823528 0.02763157894736842
1 0.73 0.8342105263157895 0.1988235294117647 0.02368421052631579