0 0.30364262381094653 0.04429869483850465 0.48767287064751125 0.03175875041584013
0 0.511049138062983 0.11555873857696361 0.24416945563135903 0.027466409997850123
2 0.14070726598375258 0.16576372091430824 0.14522340539837086 0.021094574725836566
3 0.31475363799977446 0.16948236221846247 0.1758767491350524 0.02401268984390309
2 0.10726672903007461 0.20337512107494002 0.0804356019959503 0.016863422201865482
3 0.22608975490496946 0.2042379791273001 0.1297896912883003 0.015911113127182963
2 0.14256429062684944 0.24444861021820447 0.15340944167238113 0.019556447643159735
3 0.3184106885194719 0.24695088999520878 0.17105289296595527 0.019807512503728687
1 0.20114858230010166 0.29413330593027287 0.27343248479834303 0.02291897937930458
1 0.45968542455626 0.36736290577758873 0.7847382339851373 0.09968859376064332
1 0.41765200038090616 0.4992421866550803 0.709615359610063 0.1449487851912311
1 0.4061702072053175 0.653083794348495 0.6948345579599968 0.12157386372291597
1 0.4560254527455222 0.7813027404481181 0.8012054551924733 0.09992292096384105
2 0.7204368813552708 0.8753155309644225 0.16164305227604914 0.0196736112447586
1 0.7268163276750793 0.8990038491595789 0.19921105354118748 0.017726280254225422