0 0.29058823529411765 0.043478260869565216 0.48705882352941177 0.022883295194508012
0 0.5 0.10450038138825324 0.24 0.01830663615560641
2 0.11352941176470588 0.1559877955758963 0.10941176470588235 0.014492753623188406
3 0.24705882352941178 0.15522501906941266 0.12941176470588237 0.012967200610221205
2 0.11058823529411765 0.1941266209000763 0.10352941176470588 0.017543859649122806
3 0.2411764705882353 0.19183829138062547 0.12941176470588237 0.012967200610221205
2 0.13529411764705881 0.2299771167048055 0.15294117647058825 0.016018306636155607
3 0.43117647058823527 0.2318840579710145 0.41058823529411764 0.01983218916857361
1 0.1952941176470588 0.2749809305873379 0.27294117647058824 0.017543859649122806
1 0.4435294117647059 0.3176964149504195 0.7576470588235295 0.038901601830663615
1 0.4158823529411765 0.41456903127383676 0.7023529411764706 0.10297482837528606
1 0.47058823529411764 0.5083905415713196 0.8117647058823529 0.038901601830663615
1 0.1952941176470588 0.5625476735316552 0.27294117647058824 0.017543859649122806
1 0.44941176470588234 0.6266209000762777 0.7694117647058824 0.08161708619374523
1 0.43 0.7257818459191457 0.7305882352941176 0.060259344012204424
1 0.42176470588235293 0.8127383676582761 0.7141176470588235 0.060259344012204424
2 0.7041176470588235 0.8821510297482837 0.16117647058823528 0.016018306636155607
1 0.7111764705882353 0.9038901601830663 0.1988235294117647 0.013729977116704806