0 0.5226524710746554 0.037212702570399374 0.6430476419109799 0.0271876460872233
0 0.519932361139073 0.09278422594420066 0.579539197434144 0.02633078625575511
2 0.131021647188195 0.12800744787081833 0.10883426438994899 0.014426524055647604
3 0.4214384179451415 0.1334704416381025 0.44534492087479766 0.022052014461597744
2 0.15191648568662297 0.15794708138865854 0.1535253919847595 0.015029499492606676
3 0.3072197968507904 0.15880670490171855 0.12988285210731285 0.012242298516190277
2 0.12873846118653245 0.18667421198604803 0.10994989980761817 0.013207469088664379
3 0.2857907840865255 0.1878663678465033 0.17689592086864783 0.012259548131642987
2 0.12428708323728133 0.2175076110904067 0.10419038205690001 0.015597975698660345
3 0.30189062303326103 0.2195949143781763 0.22412055373608367 0.01659902734283581
2 0.1434177982780194 0.2474234429462617 0.1453532627363307 0.016153347811649003
3 0.3151560382702305 0.24912267667533722 0.17116662656165835 0.015267516112458976
1 0.2157580237647305 0.28423587225720215 0.2935396331822813 0.01815268741840812
1 0.4628069184501979 0.32216974336303994 0.780107881623967 0.041994996734634554
1 0.43871955863795403 0.3935175763216673 0.7414837702177465 0.09330637977052714
1 0.17920417369429115 0.4660140839446711 0.23826376484133147 0.017406902009537668
1 0.40809540325917937 0.5383036429712342 0.6952867344370862 0.10996058716721477
1 0.3975881728427639 0.6567927550700497 0.6858780759960735 0.10983364496996019
1 0.39456319646960225 0.7426357533886886 0.6848452149087131 0.04070970698743228
1 0.440287820872029 0.8062753258605879 0.784152559083027 0.07660456904986893
2 0.0917844015073644 0.8574904541706947 0.10162665334054596 0.01124401055360664
4 0.21741364404980887 0.8635105356547144 0.02412611497710573 0.012666582909536707
2 0.2676238178456542 0.8595539557964791 0.053377055386627036 0.009975970421857059
5 0.3879455782931647 0.8658113629799531 0.024126114977105664 0.012666582909536707
2 0.4287470936479973 0.8617278409244632 0.03455973850460155 0.009722086027347903
2 0.6713170189407772 0.9070157112688423 0.16175796812064558 0.015140573915204432
1 0.677512144625269 0.9247085669851537 0.19930193155351042 0.013795958591762641