0 0.49665559481478794 0.11295828664345724 0.24376038802895483 0.028767762663083275
1 0.22251169084858777 0.17876104265523346 0.3331373300958749 0.02548580380791576
2 0.12875157812352978 0.2204002779400974 0.14483306826534287 0.01592956435371983
3 0.30053256279573265 0.2218052017564146 0.17075563277622144 0.020799699773187033
2 0.11445848592625892 0.2682127146292674 0.11546284749038514 0.02049131274776936
3 0.2897524632275757 0.2677076405490195 0.2072335092657001 0.02194826079061468
2 0.12956419916364845 0.3144433804528593 0.14489023758474817 0.022545662017934245
3 0.3089430561228825 0.310134714144663 0.18600854666968908 0.016159214266264862
2 0.09935238501936923 0.35809119075273027 0.08368257291577379 0.018423840625459077
3 0.2417304807340971 0.36060530703003885 0.17314935248461638 0.025538606671199893
2 0.09797973984939097 0.4034685597321667 0.08015324619540125 0.018404156347240897
3 0.26269390403521947 0.4039676952957468 0.2213508161471903 0.02202699790348724
1 0.1796279430644604 0.45783491626521156 0.2425349435150547 0.02309026038196965
1 0.4324321581263387 0.5093562716863294 0.7356929194047055 0.052303888563295244
1 0.46966956985934544 0.5979976075403829 0.8088610155700257 0.0791750876366612
1 0.44553578217604095 0.7323509451035812 0.7587313537999287 0.13182172762924965
2 0.7189357096509715 0.8527572033511274 0.16134409485522797 0.020747208364605328
1 0.7262271238921526 0.8796548038561355 0.19896574540231354 0.018121703571411785