0 0.1476470588235294 0.0412107950401167 0.21294117647058824 0.016776075857038657
0 0.6376470588235295 0.0437636761487965 0.6423529411764706 0.02188183807439825
0 0.5 0.10722100656455141 0.24 0.0175054704595186
2 0.11352941176470588 0.15645514223194748 0.10941176470588235 0.013858497447118891
2 0.11058823529411765 0.19292487235594458 0.10352941176470588 0.016776075857038657
2 0.13117647058823528 0.22793581327498177 0.14470588235294118 0.016776075857038657
1 0.2023529411764706 0.27060539752005836 0.28705882352941176 0.0175054704595186
1 0.4194117647058824 0.3212983223924143 0.7094117647058824 0.05762217359591539
1 0.46176470588235297 0.4022611232676878 0.7941176470588235 0.05762217359591539
1 0.44941176470588234 0.4722830051057622 0.7694117647058824 0.03719912472647702
1 0.20529411764705882 0.5335521517140773 0.29294117647058826 0.016776075857038657
1 0.46176470588235297 0.5948212983223924 0.7941176470588235 0.07804522246535375
1 0.42176470588235293 0.6823486506199854 0.7141176470588235 0.05762217359591539
1 0.45176470588235296 0.7698760029175784 0.7741176470588236 0.07804522246535375
2 0.10941176470588235 0.838074398249453 0.1011764705882353 0.011670313639679067
4 0.23529411764705882 0.8431801604668125 0.023529411764705882 0.014587892049598834
2 0.2852941176470588 0.837709700948213 0.052941176470588235 0.010940919037199124
4 0.40588235294117647 0.8431801604668125 0.023529411764705882 0.014587892049598834
2 0.4464705882352941 0.837709700948213 0.03411764705882353 0.010940919037199124
2 0.67 0.887308533916849 0.16117647058823528 0.015317286652078774
1 0.6770588235294117 0.9080962800875274 0.1988235294117647 0.01312910284463895