0 0.4901655658270306 0.06545487499853213 0.6429513843008887 0.045133349829408746
0 0.49238385924950495 0.16347257236728427 0.30067358508920633 0.03849216273126041
1 0.24287694324822934 0.239680160408064 0.3804341967998607 0.030242285512165568
2 0.12637717696931097 0.29151574673468855 0.14506848459138472 0.020232468122390726
3 0.3010447136804273 0.2881266873392417 0.17682621853886035 0.020848660739744673
2 0.09701571677262118 0.3460188509560653 0.08397938454736585 0.022312983364222945
3 0.262898632277591 0.34443458446602937 0.2204939623987513 0.02822758600292429
2 0.12882962358637975 0.39987975660347563 0.14524101852424381 0.027856066806626906
3 0.3005319816717394 0.39545866655368656 0.171068395220206 0.02617997862738756
1 0.17902270833889128 0.459921435202544 0.242866645103521 0.029750288556270668
1 0.45446046164479514 0.5155927106081575 0.7799096208367691 0.07065149194186057
1 0.11923792897665758 0.6000008140685889 0.11693797856796073 0.024041083456687304
1 0.4527941573053712 0.701940445352741 0.7702179043468282 0.1619064566647871
2 0.7162829214748134 0.8275756468538956 0.16165869627280594 0.025997403037060385
1 0.724042655269147 0.8584776526612552 0.19922354894832417 0.023460448819410465