0 0.5014253511807234 0.07663118002399835 0.6424776422095954 0.04086244098946501
0 0.5010405278604376 0.1909343757641255 0.30718146415885184 0.038255038553571666
1 0.2260441004312186 0.2766893725961582 0.33304644543430967 0.03324920348334705
2 0.10114556435445217 0.3336654853946004 0.08361054824059813 0.024596883928810136
3 0.22173729398883268 0.3328667857865234 0.1294839953476869 0.022224659759320663
2 0.11388026870465992 0.3950191017925201 0.10949272832366655 0.02469957157322811
3 0.24741308838057463 0.3942717460066521 0.1294839953476869 0.022224659759320663
2 0.10720333799256637 0.45629570245712625 0.09655163828213237 0.024648227751019085
3 0.2472088525401995 0.4549354532430324 0.15536187572885266 0.02105021672507799
2 0.1311058388839302 0.5202479226042749 0.14480380906273405 0.029948122893895104
3 0.3028736973189233 0.5196522644749334 0.1706773897419972 0.027496549180991786
1 0.17968825891589812 0.5919609468476045 0.2424502157397649 0.03033553537056288
1 0.4423267001720679 0.6824033074687318 0.7568052125145353 0.10389460340331554
2 0.7466263755347985 0.8036625048948434 0.16126568789360857 0.027459208219385283
1 0.7535626104168649 0.8400887349578763 0.1988995961814548 0.02377718002982957