0 0.5 0.16642958748221906 0.3 0.034139402560455195
2 0.09294117647058824 0.2603129445234708 0.06823529411764706 0.022759601706970126
3 0.30411764705882355 0.26386913229018494 0.32588235294117646 0.029871977240398292
2 0.11647058823529412 0.33214793741109533 0.11529411764705882 0.029871977240398292
3 0.2735294117647059 0.33214793741109533 0.17058823529411765 0.029871977240398292
2 0.0988235294117647 0.39900426742532 0.08 0.027027027027027025
3 0.23823529411764705 0.40042674253200566 0.17058823529411765 0.029871977240398292
2 0.10058823529411764 0.46728307254623047 0.08352941176470588 0.027027027027027025
3 0.3288235294117647 0.46870554765291605 0.3447058823529412 0.029871977240398292
2 0.08352941176470588 0.5369843527738265 0.04941176470588235 0.029871977240398292
3 0.31882352941176473 0.5376955903271693 0.39294117647058824 0.031294452347083924
2 0.13117647058823528 0.6066856330014225 0.14470588235294118 0.032716927453769556
3 0.2847058823529412 0.6017069701280228 0.13411764705882354 0.022759601706970126
2 0.10941176470588235 0.6770981507823614 0.1011764705882353 0.022759601706970126
4 0.23529411764705882 0.6870554765291608 0.023529411764705882 0.02844950213371266
2 0.2852941176470588 0.6763869132290186 0.052941176470588235 0.021337126600284494
5 0.40588235294117647 0.6870554765291608 0.023529411764705882 0.02844950213371266
2 0.4464705882352941 0.6763869132290186 0.03411764705882353 0.021337126600284494
2 0.6711764705882353 0.7802275960170696 0.16117647058823528 0.029871977240398292
1 0.678235294117647 0.8207681365576102 0.1988235294117647 0.025604551920341393