0 0.27309117880051004 0.06679315608142386 0.467473127617822 0.03591683000516515
0 0.4941295168538367 0.159326299584804 0.24983774589742946 0.031061205750477723
1 0.24672952463351405 0.24404530996768348 0.38507189868981917 0.03102094506501
2 0.10357782861357413 0.3013224476277989 0.09683848479366647 0.02380221919066282
3 0.22235385045413322 0.29755845320642677 0.11324635475965682 0.020581309461246224
2 0.09630874796721113 0.35746318512799546 0.0803703016446676 0.023523056655539654
3 0.21509482200493832 0.3542825360840466 0.12973464230299186 0.022027162751215808
2 0.1149383452350397 0.41433192939927366 0.11569947432405184 0.026454643597639466
3 0.27197423454870756 0.4116699152250642 0.17098551775283374 0.027391832108409807
2 0.11294250477794726 0.4692162453297626 0.10977777155359415 0.02402156118254521
3 0.26705775149505867 0.4677707723631002 0.17098551775283377 0.027391832108409807
1 0.18056944164361952 0.5357576888798307 0.24277995311928696 0.030941564663996383
1 0.4448795302329553 0.6129694112476606 0.7579483732101491 0.10499010606746036
1 0.4745329913809639 0.7291698924769315 0.8126714935975182 0.07325995344252711
2 0.6872467680852783 0.8165925088510637 0.16157512738197724 0.027232310659768017
1 0.6948775361020016 0.8497235542777094 0.19915637568239478 0.02437032418979555