0 0.5 0.08571428571428572 0.6423529411764706 0.04285714285714286
0 0.5 0.2092857142857143 0.23294117647058823 0.032857142857142856
2 0.11647058823529412 0.3078571428571429 0.11529411764705882 0.030000000000000002
3 0.25470588235294117 0.3078571428571429 0.13294117647058823 0.030000000000000002
2 0.0988235294117647 0.375 0.08 0.027142857142857142
3 0.21764705882352942 0.3735714285714286 0.12941176470588237 0.024285714285714285
2 0.10058823529411764 0.44357142857142856 0.08352941176470588 0.027142857142857142
3 0.21294117647058824 0.44142857142857145 0.11294117647058824 0.022857142857142857
2 0.13117647058823528 0.515 0.14470588235294118 0.032857142857142856
3 0.2823529411764706 0.5107142857142858 0.12941176470588237 0.024285714285714285
1 0.2888235294117647 0.5978571428571429 0.46 0.032857142857142856
2 0.6805882352941176 0.665 0.16117647058823528 0.030000000000000002
1 0.6876470588235294 0.7057142857142857 0.1988235294117647 0.025714285714285717