0 0.5 0.11738703339882121 0.3070588235294118 0.028487229862475438
1 0.2523529411764706 0.18222003929273084 0.3870588235294118 0.020628683693516697
2 0.11647058823529412 0.2293713163064833 0.11529411764705882 0.020628683693516697
3 0.2529411764705882 0.2274066797642436 0.12941176470588237 0.016699410609037325
2 0.13117647058823528 0.27406679764243613 0.14470588235294118 0.015717092337917484
3 0.3029411764705882 0.27652259332023577 0.17058823529411765 0.020628683693516697
2 0.0988235294117647 0.32269155206286837 0.08 0.01866404715127701
3 0.24588235294117647 0.3212180746561886 0.18588235294117647 0.015717092337917484
2 0.11352941176470588 0.3698428290766208 0.10941176470588235 0.01866404715127701
3 0.2388235294117647 0.368369351669941 0.11294117647058824 0.015717092337917484
2 0.13117647058823528 0.41895874263261296 0.14470588235294118 0.022593320235756383
3 0.2823529411764706 0.4160117878192534 0.12941176470588237 0.016699410609037325
1 0.18 0.47396856581532415 0.24235294117647058 0.022593320235756383
1 0.44941176470588234 0.5289783889980354 0.7694117647058824 0.05009823182711198
1 0.4052941176470588 0.6242632612966601 0.6811764705882353 0.07760314341846758
1 0.11705882352941177 0.7053045186640471 0.11647058823529412 0.019646365422396856
1 0.45 0.7617878192534381 0.7705882352941177 0.05009823182711198
2 0.6805882352941176 0.8482318271119842 0.16117647058823528 0.020628683693516697
1 0.6876470588235294 0.8762278978388998 0.1988235294117647 0.01768172888015717