0 0.2899249331876267 0.03871789796131911 0.48708788008906206 0.02055744010785623
0 0.49941747784596635 0.09485108739126774 0.5788525545152239 0.020601196190476286
2 0.09830397534452671 0.13874155202102179 0.08001848080562832 0.012910770642093373
3 0.20889071155392971 0.13767256051747448 0.11295672363230724 0.010893958325331243
2 0.11011738305975653 0.1726112694080381 0.10355178097390197 0.015632016321753373
3 0.26129282770861917 0.1718616775239747 0.17060863328146836 0.014308978834943175
2 0.13486904045750175 0.20444229643698225 0.15296158050720646 0.01430056420367005
3 0.281925378283065 0.20267840815264657 0.11295672363230728 0.010893958325331224
2 0.11315012554969062 0.23629548199494552 0.10943023542939817 0.01292479502754853
3 0.2784456477112489 0.2372329247629235 0.1929625409128479 0.014997143910713
1 0.20203255861099906 0.277242274191721 0.28708210394354033 0.01639703502981742
1 0.40151195611351215 0.32423389358460075 0.6741943712446457 0.053844455797725385
1 0.405142674869066 0.39469289111203876 0.6812531923543506 0.05384782165023463
1 0.4640635958480494 0.46241549662352516 0.7988729355646256 0.03493373599298412
1 0.4088688571214347 0.5315475298362254 0.6883120134640552 0.05385118750274379
1 0.18542378312848262 0.5902584311199577 0.2529605721107095 0.013670740571393619
1 0.4331267688062051 0.6290969720068035 0.7365200157622336 0.034904004295819184
1 0.444388957886908 0.6887122185088395 0.7588729492762987 0.034914662828765
1 0.4762773657795131 0.7747404031111919 0.8224841651180542 0.09185550509856136
2 0.10991454313058595 0.8497796199360114 0.10119202178279932 0.010888348571149077
4 0.23580367174152203 0.8544621413660309 0.02354888604530462 0.013561350364843445
2 0.28579634872207255 0.8493570008395777 0.05295577008250231 0.010187842036178833
5 0.40639184855938726 0.8543807999303912 0.023548886045304685 0.013561350364843445
2 0.4469727640603314 0.8492801472072832 0.03413224712328957 0.01017886642948752
2 0.6976271534322322 0.8952311043552352 0.16119687180186193 0.014304491031597422
1 0.7047137368853984 0.914536674973209 0.19884099536834424 0.01228992261650812