0 0.5062123594682398 0.17151517830500157 0.44892745326085004 0.055341949499282186
2 0.13578440053989382 0.25120922891028247 0.14509990402407888 0.026885293076946936
3 0.28690751797565395 0.25613789133582127 0.12983682795309948 0.02788711172950875
2 0.11971837639664354 0.3229230930566685 0.11583094314468015 0.03320631318398045
3 0.2562070133927043 0.3238712911510502 0.12983682795309942 0.02788711172950871
2 0.13309687981341614 0.3933146191652927 0.14528897583398184 0.03688265721549036
3 0.28431453315412775 0.39324459952155977 0.12983682795309948 0.02788711172950871
2 0.11421200061645627 0.45851961093770816 0.10989612019312771 0.03018593257458284
3 0.2705468094675373 0.4678804497640265 0.1759501792687285 0.04201999429504058
2 0.09237321507299892 0.524356704720827 0.06864947237639385 0.02475341195508203
3 0.20527111668491654 0.5282194265854334 0.12983682795309948 0.02788711172950871
2 0.09691700970883681 0.5952163419846265 0.08049210802094116 0.02936597829694246
3 0.21573622914302806 0.5971007623893587 0.12983682795309948 0.02788711172950871
2 0.7213587611359386 0.7112268146068654 0.1617012021332911 0.034485441857099446
1 0.7276459316883727 0.7521271576261402 0.1992573069380173 0.031250398701674675