0 0.27181831568046155 0.059930755204395204 0.46748399666856433 0.032387557751071785
0 0.4929796009414579 0.14634545717576594 0.4464352552679503 0.038324600297869334
2 0.10790678246995691 0.21978435817504677 0.10978881713683246 0.021563765082447173
3 0.24139470418373615 0.21664881984469803 0.12974422969676971 0.01978738045924892
2 0.09419869249881649 0.2701635645488887 0.08038162298592516 0.021103243357293567
3 0.24708499248652457 0.26620169703086294 0.1979481803955346 0.019811021163453933
2 0.10699855672617235 0.32221784076639504 0.10399033723201041 0.025650739530021897
3 0.23750427956218115 0.31703881521225896 0.12974422969676966 0.01978738045924889
2 0.10972738588253023 0.3707720004269239 0.10745698133609972 0.022571693042586216
3 0.2979956476423564 0.3709589704803949 0.24167822505227604 0.03094029029819481
1 0.19624226293488295 0.43160028446398413 0.27808092660538153 0.028377028142931193
1 0.45176477018701 0.530018017611993 0.7756209260167245 0.15314642018746974
1 0.45638385335546283 0.703431366636112 0.7779735015487971 0.15318326192548207
2 0.6825746939765398 0.8357514622846208 0.1615869583051091 0.02446382271502026
1 0.6902235029159436 0.8654168734678976 0.19916594762425074 0.02191898142876292