0 0.28683332371003983 0.08423275505145054 0.4874154753612908 0.04931852663568816
0 0.49726122768016 0.19573245990336172 0.30029067584962543 0.03826508097886554
2 0.08169629303434783 0.2991108981238424 0.049678833276720846 0.030653970564982355
3 0.1887487222205166 0.2976900796198878 0.1367324570105284 0.03180936143633001
2 0.5881494891933857 0.2938178197665666 0.1449929754276357 0.034775627374883614
3 0.7598910779335382 0.2901097787004379 0.1708480663116152 0.0322621497507771
2 0.11538127100320851 0.3815259172164737 0.11555725123744011 0.03152832041356979
3 0.25181799203553823 0.37685779175120526 0.12962262274213113 0.02600173668044964
2 0.5888502548808565 0.3716703124204014 0.14490296882557518 0.024776224648703077
3 0.760636846922039 0.3729619727173629 0.1708480663116152 0.0322621497507771
2 0.09846817709479397 0.4631838259819587 0.08023952544360893 0.028202946501489235
3 0.23020572588721952 0.4592923971291738 0.1554905717121193 0.024916745160083128
2 0.5513630134457258 0.4550299416173101 0.0684369479783117 0.023761354288735513
3 0.698413053536617 0.45307826784814176 0.197840983258296 0.025478827205603644
2 0.10984655227086941 0.550895200850594 0.10137615695867135 0.02419852921302915
4 0.23581139319073272 0.5592239708303663 0.02378516813471539 0.028881989877868608
2 0.28571197117657093 0.5478467559707986 0.05313088572285043 0.022129894113001893
5 0.40638943969616653 0.5569600292581312 0.023785168134715325 0.028881989877868688
2 0.4468788151161877 0.54570772151979 0.03430848059121632 0.021880079870548377
2 0.7454467365387821 0.6460370193840195 0.1614368637457983 0.0321372426295503
1 0.7528715939143911 0.6866551929996919 0.19904309975104043 0.02835141280323715