0 0.1476470588235294 0.0430640243902439 0.21294117647058824 0.01753048780487805
0 0.6376470588235295 0.04573170731707317 0.6423529411764706 0.022865853658536585
0 0.5 0.11814024390243902 0.4752941176470588 0.022865853658536585
1 0.4088235294117647 0.19245426829268292 0.6882352941176471 0.06478658536585366
1 0.44176470588235295 0.27477134146341464 0.7541176470588236 0.06478658536585366
1 0.44176470588235295 0.36089939024390244 0.7541176470588236 0.06478658536585366
1 0.43117647058823527 0.44931402439024387 0.7329411764705882 0.06478658536585366
1 0.44176470588235295 0.5560213414634146 0.7541176470588236 0.11051829268292683
1 0.4435294117647059 0.6894054878048781 0.7576470588235295 0.11051829268292683
1 0.19 0.7801067073170731 0.26235294117647057 0.01753048780487805
1 0.42823529411764705 0.8334603658536585 0.7270588235294118 0.060213414634146346
0 0.7511764705882353 0.9085365853658536 0.2223529411764706 0.022865853658536585