0 0.2692064913062428 0.05652025357562425 0.4675514356968992 0.03153772628564887
0 0.49069614914377 0.13591394354794067 0.2441963843305848 0.032493237604635655
1 0.241217693365544 0.20456021979141972 0.3804374472164746 0.0270936485794758
2 0.09418474264109293 0.25290858996149784 0.08398339153709632 0.019958184158007864
3 0.19706558830979842 0.24964679615523883 0.09449462966261693 0.017223010632296646
2 0.1259229011326795 0.29764065460378614 0.14507155428979335 0.018108346533017804
3 0.44362332252220615 0.29694902936329165 0.46289635871215723 0.0334023537167767
2 0.1095111799157305 0.3461373531214615 0.10985995762541918 0.020411146711865225
3 0.2636192455027657 0.34441365913486177 0.1710725034109536 0.023428769734629974
2 0.10423611550888785 0.39297821597837185 0.09692167458125776 0.020184665434936574
3 0.3742130630219249 0.38971323116768647 0.41574855030711877 0.028684816918832273
2 0.09719673977784138 0.4398499626457726 0.08045476888868867 0.019896416537027353
3 0.2077229345180968 0.4364543389940557 0.11331395045412442 0.01755243794419287
1 0.17979790387213024 0.49489185087717574 0.24287091714171083 0.026631695620336314
1 0.40761094711273277 0.5454439877857777 0.6846452931765571 0.061610427870331726
1 0.4529963719356534 0.6176940968433398 0.7716846518372793 0.0631340291878519
1 0.12203269583827485 0.6979929903331531 0.11694207952880192 0.021508174083377275
1 0.44962086441082205 0.7618944672588429 0.7582667062275377 0.09014473833135665
2 0.7341744474810735 0.8455408413695366 0.1616628430151999 0.023264056078681778
1 0.7419406760650615 0.8731618318197779 0.19922685477851232 0.021002434313821476