0 0.20352941176470588 0.03970588235294118 0.3129411764705882 0.017647058823529415
0 0.5 0.10073529411764706 0.24 0.017647058823529415
2 0.13529411764705881 0.1511029411764706 0.15294117647058825 0.015441176470588236
3 0.2964705882352941 0.15147058823529413 0.1411764705882353 0.016176470588235296
2 0.0988235294117647 0.18566176470588236 0.08 0.013970588235294118
3 0.21764705882352942 0.1849264705882353 0.12941176470588237 0.0125
2 0.11294117647058824 0.22169117647058825 0.10823529411764705 0.015441176470588236
3 0.25882352941176473 0.2198529411764706 0.15529411764705883 0.011764705882352941
2 0.11235294117647059 0.25661764705882356 0.10705882352941176 0.014705882352941178
3 0.23647058823529413 0.25514705882352945 0.11294117647058824 0.011764705882352941
2 0.10058823529411764 0.29154411764705884 0.08352941176470588 0.013970588235294118
3 0.24941176470588236 0.2904411764705882 0.18588235294117647 0.011764705882352941
1 0.20529411764705882 0.3356617647058824 0.29294117647058826 0.016911764705882352
1 0.47058823529411764 0.37683823529411764 0.8117647058823529 0.0375
1 0.45529411764705885 0.45772058823529416 0.7811764705882352 0.07867647058823529
1 0.4335294117647059 0.5481617647058824 0.7376470588235294 0.05808823529411765
1 0.1952941176470588 0.6099264705882353 0.27294117647058824 0.016911764705882352
1 0.4052941176470588 0.6613970588235295 0.6811764705882353 0.05808823529411765
1 0.4429411764705882 0.7408088235294118 0.7564705882352941 0.05808823529411765
1 0.46176470588235297 0.8158088235294119 0.7941176470588235 0.05808823529411765
2 0.7358823529411764 0.8863970588235294 0.16117647058823528 0.015441176470588236
1 0.7429411764705882 0.9073529411764706 0.1988235294117647 0.01323529411764706