0 0.5 0.11761811023622047 0.24352941176470588 0.02854330708661417
1 0.2523529411764706 0.18257874015748032 0.3870588235294118 0.020669291338582675
2 0.11352941176470588 0.22883858267716534 0.10941176470588235 0.0187007874015748
3 0.2447058823529412 0.2293307086614173 0.12470588235294118 0.01968503937007874
2 0.10705882352941176 0.27608267716535434 0.09647058823529411 0.0187007874015748
3 0.23411764705882354 0.2750984251968504 0.12941176470588237 0.016732283464566927
2 0.11647058823529412 0.3243110236220472 0.11529411764705882 0.020669291338582675
3 0.2529411764705882 0.32234251968503935 0.12941176470588237 0.016732283464566927
2 0.13117647058823528 0.37253937007874016 0.14470588235294118 0.02263779527559055
3 0.2823529411764706 0.36958661417322836 0.12941176470588237 0.016732283464566927
1 0.18 0.4276574803149606 0.24235294117647058 0.02263779527559055
1 0.43470588235294116 0.5241141732283464 0.74 0.1328740157480315
1 0.11705882352941177 0.6279527559055118 0.11647058823529412 0.01968503937007874
1 0.4758823529411765 0.7258858267716535 0.8223529411764706 0.1328740157480315
2 0.7452941176470588 0.8479330708661417 0.16117647058823528 0.020669291338582675
1 0.7523529411764706 0.8759842519685039 0.1988235294117647 0.017716535433070866