0 0.4956619645142547 0.054311134523987246 0.6425991833085202 0.03084800176303228
0 0.4964502978664866 0.13530433951912052 0.3073056549951223 0.028012022632136178
1 0.2223510720751912 0.19842316340666608 0.3331520497376015 0.024541276330240266
2 0.11098586742660431 0.2397896796136048 0.10957605382797787 0.017824212850342566
3 0.26687706363263847 0.2402493494079305 0.1743065472046117 0.02091172324014722
2 0.10493825385332975 0.28326464158295245 0.09663524006897892 0.017749681979052908
3 0.25258998266124294 0.2833192641079939 0.17076842616736868 0.019986444627767577
2 0.09712598385837354 0.3267497668529304 0.08016511346661663 0.017654824506502496
3 0.21593737472439328 0.3251604859326976 0.12955787688594414 0.01612949290191621
2 0.1299184279498552 0.3718110402306467 0.14490441503713014 0.021647286907425886
3 0.272824769427492 0.36782048084066793 0.1130789420897022 0.015129683418246932
2 0.1303103925775012 0.4120814047254337 0.14484275767997234 0.015312622829594294
3 0.294449864375536 0.41385107380016223 0.15548354537334044 0.020803314700089597
1 0.1796566411132022 0.4656448647362281 0.24254873703684943 0.022209656208975106
1 0.4324957682709441 0.5148688253687332 0.7357227269218951 0.05038726116306201
1 0.4205855131958684 0.6208227415409232 0.7105809876897909 0.12625416835446254
1 0.478428596934913 0.7616700296552843 0.8232723692487869 0.10156596328348197
2 0.7393814028622322 0.8588124059076878 0.16135692525173306 0.019932240357738776
1 0.7466910620745298 0.884562885022052 0.19897650433263633 0.017434201404497637