0 0.5 0.09365203761755488 0.3070588235294118 0.022727272727272728
1 0.2488235294117647 0.14537617554858936 0.38 0.0164576802507837
2 0.13117647058823528 0.18377742946708467 0.14470588235294118 0.018025078369905956
3 0.47352941176470587 0.18495297805642635 0.5117647058823529 0.020376175548589344
2 0.10058823529411764 0.21982758620689657 0.08352941176470588 0.014890282131661443
3 0.21294117647058824 0.2186520376175549 0.11294117647058824 0.012539184952978058
2 0.10705882352941176 0.2574451410658308 0.09647058823529411 0.014890282131661443
3 0.23411764705882354 0.2566614420062696 0.12941176470588237 0.013322884012539185
2 0.11352941176470588 0.2950626959247649 0.10941176470588235 0.014890282131661443
3 0.34352941176470586 0.2958463949843261 0.32235294117647056 0.0164576802507837
2 0.0988235294117647 0.3326802507836991 0.08 0.014890282131661443
3 0.23823529411764705 0.3334639498432602 0.17058823529411765 0.0164576802507837
1 0.18 0.3781347962382446 0.24235294117647058 0.018025078369905956
1 0.44941176470588234 0.44396551724137934 0.7694117647058824 0.08385579937304076
1 0.4688235294117647 0.5497648902821317 0.808235294117647 0.08385579937304076
1 0.43 0.6665360501567399 0.7305882352941176 0.10579937304075236
1 0.11705882352941177 0.7539184952978057 0.11647058823529412 0.015673981191222573
1 0.4088235294117647 0.8099529780564264 0.6882352941176471 0.06191222570532916
2 0.6817647058823529 0.8789184952978056 0.16117647058823528 0.0164576802507837
1 0.6888235294117647 0.9012539184952979 0.1988235294117647 0.014106583072100316