0 0.20176470588235293 0.04151359294636297 0.30941176470588233 0.021307861866274796
0 0.5 0.10066127847171198 0.37058823529411766 0.017634092578986044
1 0.18529411764705883 0.15797207935341662 0.2529411764705882 0.014695077149155035
1 0.4447058823529412 0.2237325495958854 0.76 0.08449669360764145
1 0.4647058823529412 0.3148420279206466 0.8 0.062454077883908894
1 0.4447058823529412 0.4309331373989713 0.76 0.12858192505510654
1 0.42058823529411765 0.5448199853049228 0.711764705882353 0.062454077883908894
1 0.4370588235294118 0.6513592946362969 0.7447058823529412 0.106539309331374
1 0.44176470588235295 0.7843497428361499 0.7541176470588236 0.106539309331374
2 0.6929411764705883 0.8864805290227773 0.17882352941176471 0.015429831006612785
1 0.6911764705882353 0.9074210139603233 0.1988235294117647 0.013225569434239531