0 0.5073297225150727 0.13284303183775711 0.20884144411583822 0.03592386492327194
1 0.25826294294247326 0.20175428854586888 0.3874557758111032 0.030220284416226158
2 0.10548285424223813 0.2512652506554172 0.08393594476883776 0.022594496249315813
3 0.2507178871336738 0.2555184008589431 0.17927966202946222 0.02762382961358147
2 0.1026539334070188 0.30455768847152803 0.08040716016783017 0.022531659495530536
3 0.24201874746901184 0.3081506539167347 0.17102365361597127 0.02636629685072819
2 0.13389224169259295 0.36067937558227187 0.14519025523086215 0.028127321331011153
3 0.33205904359914246 0.36587507709257716 0.22406631102011795 0.03286341651094549
1 0.18146514538269642 0.42375978290147254 0.2428199625254054 0.029865804852404254
1 0.4610063702714243 0.5376457901393806 0.7969705217305941 0.16411161514451325
1 0.11371150840846463 0.664262917500182 0.11689344538938178 0.024291886288666166
1 0.44943522133081093 0.7341413635512128 0.7798161968571423 0.07052257420702088
2 0.7434020721128614 0.8327259264146362 0.1616135613466178 0.0261987321739673
1 0.7498275774973892 0.8645126395368026 0.19918739739061225 0.02353624986894791