0 0.5 0.1059135039717564 0.44588235294117645 0.0264783759929391
2 0.0988235294117647 0.16284201235657547 0.08 0.01676963812886143
3 0.23823529411764705 0.16372462488967343 0.17058823529411765 0.018534863195057368
2 0.11294117647058824 0.206090026478376 0.10823529411764705 0.018534863195057368
3 0.2664705882352941 0.206090026478376 0.17058823529411765 0.018534863195057368
2 0.11235294117647059 0.24801412180052954 0.10705882352941176 0.0176522506619594
3 0.24529411764705883 0.24845542806707854 0.13058823529411764 0.018534863195057368
2 0.10058823529411764 0.28993821712268314 0.08352941176470588 0.01676963812886143
3 0.2211764705882353 0.2890556045895851 0.12941176470588237 0.015004413062665489
1 0.1952941176470588 0.3428949691085613 0.27294117647058824 0.020300088261253308
1 0.43411764705882355 0.41703442188879075 0.7388235294117647 0.09443954104148278
1 0.4158823529411765 0.5503089143865842 0.7023529411764706 0.11915269196822595
1 0.4541176470588235 0.6650485436893204 0.7788235294117647 0.04501323918799646
1 0.4641176470588235 0.7427184466019418 0.7988235294117647 0.04501323918799646
2 0.10941176470588235 0.8040600176522507 0.1011764705882353 0.014121800529567519
4 0.23529411764705882 0.8102383053839364 0.023529411764705882 0.0176522506619594
2 0.2852941176470588 0.8036187113857016 0.052941176470588235 0.01323918799646955
5 0.40588235294117647 0.8102383053839364 0.023529411764705882 0.0176522506619594
2 0.4464705882352941 0.8036187113857016 0.03411764705882353 0.01323918799646955
2 0.6805882352941176 0.8636363636363635 0.16117647058823528 0.018534863195057368
1 0.6876470588235294 0.8887908208296557 0.1988235294117647 0.01588702559576346