0 0.5 0.11887755102040815 0.24941176470588236 0.023469387755102038
1 0.2511764705882353 0.18928571428571428 0.3847058823529412 0.02142857142857143
2 0.10705882352941176 0.23724489795918366 0.09647058823529411 0.019387755102040816
3 0.24705882352941178 0.2387755102040816 0.15529411764705883 0.022448979591836733
2 0.11352941176470588 0.28622448979591836 0.10941176470588235 0.019387755102040816
3 0.2752941176470588 0.2846938775510204 0.18588235294117647 0.016326530612244896
2 0.10058823529411764 0.3352040816326531 0.08352941176470588 0.019387755102040816
3 0.37058823529411766 0.336734693877551 0.42823529411764705 0.022448979591836733
2 0.11647058823529412 0.3852040816326531 0.11529411764705882 0.02142857142857143
3 0.26588235294117646 0.38571428571428573 0.15529411764705883 0.022448979591836733
2 0.13117647058823528 0.43520408163265306 0.14470588235294118 0.023469387755102038
3 0.2823529411764706 0.4321428571428571 0.12941176470588237 0.0173469387755102
1 0.18 0.49234693877551017 0.24235294117647058 0.023469387755102038
1 0.4541176470588235 0.5494897959183673 0.7788235294117647 0.052040816326530605
1 0.11705882352941177 0.6153061224489795 0.11647058823529412 0.02040816326530612
1 0.4335294117647059 0.7168367346938774 0.7376470588235294 0.1377551020408163
2 0.6970588235294117 0.8423469387755101 0.16117647058823528 0.02142857142857143
1 0.7041176470588235 0.8714285714285714 0.1988235294117647 0.01836734693877551