0 0.5046273461337865 0.16719028667176353 0.2651448003550946 0.039706824843660574
2 0.08685570164311886 0.25649658527650043 0.049821780865126196 0.031008577822815776
3 0.19041008098897497 0.2557620168653888 0.12973094207476613 0.02693496291916034
2 0.5626901049407906 0.2648229524446143 0.08389484671786918 0.02885119268203283
3 0.6750568264874361 0.2649834345011163 0.11324284091429931 0.025168977521724277
2 0.11864031268496568 0.3400171566996183 0.11569474608838735 0.03235904793911402
3 0.28337237537974713 0.3398224123194599 0.18617362384005282 0.026664140864768666
2 0.574477565825576 0.34793355972528445 0.10977351162700756 0.02938173451343569
3 0.7080078105523727 0.3492423053962059 0.1297309420747662 0.0269349629191603
2 0.11038097377606104 0.4262887195087446 0.10147981141014557 0.024927822143813824
5 0.23610637048794636 0.43886765713091647 0.023923256101336426 0.029049668123051414
2 0.28624819479048574 0.42917980847432413 0.05323153058846368 0.02251071722601978
4 0.40667029829817614 0.4423644101106171 0.02392325610133646 0.029049668123051414
2 0.4474016989973925 0.4324836371516965 0.03441068338181762 0.022124868621363102
2 0.7035622757488048 0.5420357943183259 0.16157056115458707 0.03329955391296453
1 0.7100540875937308 0.5828889717933756 0.19915267600392486 0.029786147517193138