0 0.5056527343003451 0.07841752319920188 0.13439095517837119 0.021630634458792226
1 0.20845972024322043 0.13137719513686325 0.2896464394950713 0.02019352250508557
1 0.473708899605244 0.17942367684791322 0.8099680664744447 0.04901634049168376
1 0.430285093663587 0.25915777313711125 0.7255874923313194 0.07249018571498368
1 0.4661500300677688 0.3921856567183408 0.8018438430803767 0.14495399958371769
1 0.4538996659465958 0.5161148581798316 0.7797028900677763 0.07282570284764933
1 0.3955560638600156 0.6117571163181056 0.6655899861452474 0.07211819932876742
1 0.18761556759689488 0.6768706387723767 0.2625887406268428 0.0200257639387527
1 0.42509012223319687 0.7343453159815103 0.7278759782048994 0.06770497292151813
1 0.417482820327925 0.8191016752122529 0.7149353396157468 0.06762474056370675
0 0.7246112254812266 0.9026092725113627 0.16376931867331276 0.019413080479102427