0 0.5 0.12332301341589269 0.20823529411764705 0.029927760577915376
1 0.2252941176470588 0.1934984520123839 0.33294117647058824 0.02579979360165119
2 0.10705882352941176 0.23993808049535606 0.09647058823529411 0.0196078431372549
3 0.2723529411764706 0.24045407636738905 0.20588235294117646 0.020639834881320953
2 0.10058823529411764 0.2894736842105263 0.08352941176470588 0.0196078431372549
3 0.2211764705882353 0.2884416924664603 0.12941176470588237 0.017543859649122806
2 0.11647058823529412 0.34004127966976266 0.11529411764705882 0.021671826625386997
3 0.30176470588235293 0.34055727554179566 0.22705882352941176 0.022703818369453045
1 0.18 0.3988648090815274 0.24235294117647058 0.023735810113519093
1 0.4541176470588235 0.45665634674922606 0.7788235294117647 0.052631578947368425
1 0.45 0.543343653250774 0.7705882352941177 0.052631578947368425
1 0.45 0.6217750257997937 0.7705882352941177 0.052631578947368425
1 0.11705882352941177 0.695562435500516 0.11647058823529412 0.020639834881320953
1 0.4323529411764706 0.7549019607843138 0.7352941176470589 0.052631578947368425
2 0.7405882352941177 0.8405572755417957 0.16117647058823528 0.021671826625386997
1 0.7476470588235294 0.8699690402476781 0.1988235294117647 0.018575851393188857