0 0.1476470588235294 0.04299847792998478 0.21294117647058824 0.017503805175038054
0 0.6376470588235295 0.045662100456621 0.6423529411764706 0.0228310502283105
0 0.5 0.11757990867579908 0.19647058823529412 0.022070015220700154
1 0.3941176470588235 0.1921613394216134 0.6588235294117647 0.06468797564687977
1 0.4235294117647059 0.3070776255707763 0.7176470588235294 0.11035007610350077
1 0.44941176470588234 0.4417808219178082 0.7694117647058824 0.11035007610350077
1 0.46941176470588236 0.5437595129375952 0.8094117647058824 0.04185692541856926
1 0.4611764705882353 0.6251902587519026 0.7929411764705883 0.06468797564687977
1 0.19 0.6906392694063928 0.26235294117647057 0.017503805175038054
1 0.44941176470588234 0.7332572298325724 0.7694117647058824 0.03881278538812785
1 0.45705882352941174 0.8177321156773213 0.7847058823529411 0.08143074581430745
0 0.7588235294117647 0.906392694063927 0.2564705882352941 0.0182648401826484