0 0.496699316575466 0.16716698825744816 0.2650266765529533 0.0381535886095463
2 0.11416808210307601 0.27062475827580335 0.11558324566860383 0.03168358186314651
3 0.28356756497936597 0.26814772791919417 0.19557744591574078 0.03285329064265641
2 0.08190926288352018 0.3396728604220551 0.049705668994491074 0.030720292280020697
3 0.23072908606079054 0.3382110919909507 0.2202957031918143 0.03464299209788464
2 0.09786807484851567 0.4065872291191051 0.08026335468948091 0.028310598149074214
3 0.23728389865541055 0.40597730741636806 0.17087335466294848 0.032492057048984294
2 0.13092697170075915 0.4775375782051923 0.1450212101589667 0.03497055757872545
3 0.30266505914927183 0.47359767678762976 0.17087335466294848 0.032492057048984294
2 0.10986506184476937 0.5485649669466406 0.10139579197917335 0.024334823358982315
5 0.23583745086720365 0.5567236708097746 0.02381102642066554 0.02891338922509387
2 0.28572758084705474 0.5452790938609107 0.05314982874805955 0.0222010899097806
4 0.4064133190412456 0.5542294388534665 0.02381102642066547 0.02891338922509387
2 0.44689236663908066 0.5429224747021922 0.03432766398402731 0.021925864314601834
2 0.731435343096848 0.6430550430684007 0.16146227228093227 0.03235444425139479
1 0.738897386546876 0.6836631675245551 0.19906410373915298 0.02861949185708446