0 0.5 0.061855670103092786 0.6423529411764706 0.030927835051546393
0 0.5 0.15463917525773196 0.30470588235294116 0.030927835051546393
1 0.2523529411764706 0.22216494845360824 0.3870588235294118 0.021649484536082474
2 0.13117647058823528 0.2690721649484536 0.14470588235294118 0.016494845360824743
3 0.2823529411764706 0.26958762886597937 0.12941176470588237 0.017525773195876285
2 0.0988235294117647 0.3201030927835051 0.08 0.01958762886597938
3 0.21764705882352942 0.3190721649484536 0.12941176470588237 0.017525773195876285
2 0.13117647058823528 0.37164948453608243 0.14470588235294118 0.023711340206185563
3 0.3447058823529412 0.3731958762886598 0.2541176470588235 0.026804123711340205
2 0.11352941176470588 0.4190721649484536 0.10941176470588235 0.01958762886597938
3 0.24705882352941178 0.418041237113402 0.12941176470588237 0.017525773195876285
2 0.10705882352941176 0.4685567010309278 0.09647058823529411 0.01958762886597938
3 0.2564705882352941 0.47010309278350515 0.17411764705882352 0.02268041237113402
1 0.18 0.5283505154639174 0.24235294117647058 0.023711340206185563
1 0.43 0.6293814432989691 0.7305882352941176 0.13917525773195877
1 0.4441176470588235 0.7541237113402062 0.7588235294117647 0.05257731958762886
2 0.7511764705882353 0.8407216494845361 0.16117647058823528 0.021649484536082474
1 0.758235294117647 0.8701030927835052 0.1988235294117647 0.018556701030927835