0 0.29058823529411765 0.059006211180124224 0.48705882352941177 0.031055900621118012
0 0.5 0.14492753623188406 0.3 0.031055900621118012
1 0.2252941176470588 0.21480331262939956 0.33294117647058824 0.025879917184265012
2 0.11352941176470588 0.2613871635610766 0.10941176470588235 0.019668737060041408
3 0.4041176470588235 0.2644927536231884 0.4435294117647059 0.025879917184265012
2 0.13117647058823528 0.3131469979296066 0.14470588235294118 0.023809523809523808
3 0.2741176470588235 0.30952380952380953 0.11294117647058824 0.016563146997929604
2 0.13117647058823528 0.35921325051759834 0.14470588235294118 0.016563146997929604
3 0.2847058823529412 0.35921325051759834 0.13411764705882354 0.016563146997929604
2 0.10705882352941176 0.410455486542443 0.09647058823529411 0.019668737060041408
3 0.22588235294117648 0.40890269151138714 0.11294117647058824 0.016563146997929604
1 0.18 0.47049689440993786 0.24235294117647058 0.023809523809523808
1 0.4188235294117647 0.5719461697722567 0.7082352941176471 0.13975155279503107
1 0.11705882352941177 0.6915113871635611 0.11647058823529412 0.020703933747412008
1 0.44941176470588234 0.7510351966873705 0.7694117647058824 0.05279503105590062
2 0.7347058823529412 0.8400621118012422 0.16117647058823528 0.021739130434782608
1 0.741764705882353 0.8695652173913043 0.1988235294117647 0.018633540372670808