0 0.5110587443714484 0.0631367793719523 0.6429864399269403 0.04446402524019828
0 0.5087459781206886 0.1545000009936834 0.240576727197142 0.030045645652166428
2 0.14231224208342338 0.21907747251547868 0.15346038114241384 0.025138778583147264
3 0.2976198767622538 0.22011022629901308 0.12983064287425508 0.020463464975998776
2 0.11811420579457639 0.2684968531434167 0.10756315945634519 0.02316295046332009
3 0.2633446431332786 0.27247831291543184 0.15583930508130392 0.02623640112746025
2 0.11741299017326981 0.3194410914605125 0.10876591318585203 0.024236837721808333
3 0.2503733908738193 0.3200228748133775 0.12983064287425503 0.020463464975998744
2 0.10204952221485868 0.3685134107458041 0.08048466112040778 0.02156688691668816
3 0.21905187452836392 0.3719252236580262 0.12640846632660013 0.024592867009178957
1 0.1992528085956275 0.4335162931148942 0.278187590377281 0.029755022825893564
1 0.42011996340631647 0.5409408907426194 0.7163479221029185 0.1561540995193564
1 0.41648126881134395 0.7079269220390404 0.7175240923123017 0.15617783480518102
2 0.6802287168862433 0.8414333725862055 0.16169357260809633 0.025304925583920206
1 0.6865281078190179 0.8715051155220657 0.19925126874798788 0.022913998812320157