0 0.1476470588235294 0.08071428571428571 0.21294117647058824 0.032857142857142856
0 0.6376470588235295 0.08571428571428572 0.6423529411764706 0.04285714285714286
0 0.5 0.21 0.3 0.03428571428571429
2 0.11647058823529412 0.3078571428571429 0.11529411764705882 0.030000000000000002
3 0.2529411764705882 0.305 0.12941176470588237 0.024285714285714285
2 0.5517647058823529 0.30428571428571427 0.06823529411764706 0.022857142857142857
3 0.6647058823529411 0.305 0.12941176470588237 0.024285714285714285
2 0.10058823529411764 0.3892857142857143 0.08352941176470588 0.027142857142857142
3 0.24176470588235294 0.39071428571428574 0.17058823529411765 0.030000000000000002
2 0.59 0.3921428571428572 0.14470588235294118 0.032857142857142856
3 0.7329411764705882 0.3871428571428571 0.11294117647058824 0.022857142857142857
2 0.08352941176470588 0.4735714285714286 0.04941176470588235 0.030000000000000002
3 0.3517647058823529 0.4742857142857143 0.4588235294117647 0.03142857142857143
2 0.5723529411764706 0.4721428571428571 0.10941176470588235 0.027142857142857142
3 0.7688235294117647 0.47714285714285715 0.25529411764705884 0.037142857142857144
2 0.59 0.5528571428571429 0.14470588235294118 0.022857142857142857
3 0.7658823529411765 0.56 0.17882352941176471 0.037142857142857144
2 0.10941176470588235 0.6428571428571429 0.1011764705882353 0.022857142857142857
5 0.23529411764705882 0.6528571428571428 0.023529411764705882 0.028571428571428574
2 0.2852941176470588 0.6421428571428571 0.052941176470588235 0.02142857142857143
4 0.40588235294117647 0.6528571428571428 0.023529411764705882 0.028571428571428574
2 0.4464705882352941 0.6421428571428571 0.03411764705882353 0.02142857142857143
2 0.6958823529411765 0.7464285714285714 0.16117647058823528 0.030000000000000002
1 0.7029411764705882 0.7871428571428573 0.1988235294117647 0.025714285714285717