0 0.16365075625596887 0.04259383822463677 0.21357517428014874 0.02416635857099376
0 0.6533761218317158 0.05512682894032487 0.6430555533637273 0.038577229704540875
0 0.5128727285655218 0.1348237945906495 0.19729453805726754 0.029076869493328113
1 0.46517128709849964 0.21936977718418937 0.783521477153625 0.08919859870777383
1 0.41555643619629257 0.3248100066003586 0.6917880659697055 0.08742274699146894
1 0.4047561817798874 0.447572244431942 0.6806946530066051 0.13946484174562448
1 0.47510471418002653 0.5719054280125645 0.8282121133714319 0.09006375723623006
1 0.41032385142400485 0.6735635131172952 0.7059008984595392 0.08769595494782352
1 0.18134980668597503 0.7423903516839132 0.26297008799456695 0.025122586418234828
1 0.3979481351003878 0.8076330329516922 0.6904276615802946 0.08217072612369136
0 0.7042282140020915 0.8994677529119665 0.2231987867911723 0.030449293002991783