0 0.20885154742714832 0.042987516075974105 0.3131503427082134 0.020342006700791112
0 0.5044846241401095 0.1155462547358807 0.13435038143779474 0.02098483738345815
1 0.47918849376153455 0.21651225924433612 0.8236486546573208 0.11741287199789179
1 0.476828299756959 0.3179863935355421 0.8204762587371416 0.047145281001741916
1 0.4429319972436399 0.3997819719458351 0.7548690543066989 0.07022542432478175
1 0.4228068971488923 0.5113134920232044 0.7177694733100521 0.11686908086593449
1 0.4644901820191388 0.6192591398859503 0.8031029035871212 0.07047315139600677
1 0.18783299096178557 0.684975301663178 0.2625545168953675 0.019301578640536245
1 0.4770594141098028 0.752036491451227 0.8315376803343776 0.08779173068089545
1 0.44547045311400224 0.837747237817162 0.7698531154168432 0.04376300271652805
0 0.7676051955891419 0.9077097656642721 0.22261945590378834 0.024560463626701345