0 0.15241816248355897 0.07488294325062848 0.21329241545158917 0.036402021506034644
0 0.6423155321930009 0.08804672838598565 0.6427767539689118 0.05355583009889297
0 0.5032770023489777 0.21002730157656516 0.2650683908989286 0.03869294885823852
2 0.13342276589113694 0.29815889528676115 0.14495054515331116 0.02526604375741089
3 0.30513094409388086 0.30459188764249057 0.17091117578619472 0.03283947365472199
2 0.5774582450473297 0.3091297633442505 0.11562226371357202 0.031918177075962964
3 0.8244829901467681 0.31793460433891274 0.3510340197064639 0.045215406994500426
2 0.10011236984100266 0.3826118365916782 0.08029918303617203 0.028473241553853574
3 0.23949486698517708 0.38636311703148946 0.17091117578619472 0.03283947365472199
2 0.5912103136848483 0.3936525683748328 0.14506354523431034 0.03526510232373629
3 0.8387516305831402 0.39756443485447207 0.3224967388337197 0.03779628046886688
1 0.3107271386708411 0.4861307921310301 0.5038532937906903 0.04124372905823642
2 0.6869917497833067 0.5595497868041565 0.1615002971355355 0.03268265721578424
1 0.6935898370129471 0.6003778518676842 0.19909538313202957 0.029024612157395737