0 0.5 0.04524886877828054 0.6423529411764706 0.02262443438914027
0 0.5 0.11312217194570136 0.5788235294117647 0.02262443438914027
2 0.10058823529411764 0.16176470588235295 0.08352941176470588 0.014328808446455505
3 0.24176470588235294 0.1625188536953243 0.17058823529411765 0.01583710407239819
2 0.13529411764705881 0.1987179487179487 0.15294117647058825 0.01583710407239819
3 0.29058823529411765 0.19720965309200603 0.12941176470588237 0.01282051282051282
2 0.11294117647058824 0.23491704374057315 0.10823529411764705 0.01583710407239819
3 0.25882352941176473 0.2352941176470588 0.15529411764705883 0.016591251885369532
2 0.0988235294117647 0.2703619909502262 0.08 0.014328808446455505
3 0.21764705882352942 0.2696078431372549 0.12941176470588237 0.01282051282051282
1 0.1776470588235294 0.3156108597285068 0.2376470588235294 0.017345399698340872
1 0.47058823529411764 0.3578431372549019 0.8117647058823529 0.03846153846153846
1 0.46941176470588236 0.4490950226244344 0.8094117647058824 0.10180995475113122
1 0.20529411764705882 0.5441176470588236 0.29294117647058826 0.017345399698340872
1 0.45235294117647057 0.5969079939668175 0.7752941176470588 0.059577677224736045
1 0.4688235294117647 0.6836349924585219 0.808235294117647 0.059577677224736045
1 0.4335294117647059 0.7914781297134238 0.7376470588235294 0.10180995475113122
2 0.7064705882352941 0.8834841628959276 0.16117647058823528 0.01583710407239819
1 0.7135294117647059 0.9049773755656109 0.1988235294117647 0.013574660633484163