0 0.20176470588235293 0.05873180873180873 0.30941176470588233 0.030145530145530144
0 0.5 0.145010395010395 0.3070588235294118 0.030145530145530144
1 0.2523529411764706 0.21361746361746362 0.3870588235294118 0.02182952182952183
2 0.13117647058823528 0.2609147609147609 0.14470588235294118 0.016632016632016633
3 0.39 0.26351351351351354 0.3447058823529412 0.02182952182952183
2 0.10705882352941176 0.3123700623700624 0.09647058823529411 0.019750519750519748
3 0.23411764705882354 0.3113305613305613 0.12941176470588237 0.01767151767151767
2 0.10058823529411764 0.3622661122661123 0.08352941176470588 0.019750519750519748
3 0.21235294117647058 0.3633056133056133 0.11176470588235295 0.02182952182952183
2 0.13117647058823528 0.41424116424116425 0.14470588235294118 0.023908523908523906
3 0.3029411764705882 0.41320166320166324 0.17058823529411765 0.02182952182952183
1 0.18 0.4724532224532224 0.24235294117647058 0.023908523908523906
1 0.4429411764705882 0.5597713097713097 0.7564705882352941 0.11122661122661122
1 0.4052941176470588 0.7167359667359666 0.6811764705882353 0.14033264033264034
2 0.6829411764705883 0.8393970893970893 0.16117647058823528 0.02182952182952183
1 0.69 0.8690228690228691 0.1988235294117647 0.018711018711018712