0 0.5 0.07623888182973317 0.44588235294117645 0.01905972045743329
2 0.13117647058823528 0.1184879288437103 0.14470588235294118 0.014612452350698857
3 0.31529411764705884 0.11785260482846253 0.1952941176470588 0.013341804320203304
2 0.0988235294117647 0.147712833545108 0.08 0.01207115628970775
3 0.38941176470588235 0.14993646759847523 0.47294117647058825 0.016518424396442185
2 0.13529411764705881 0.17884371029224905 0.15294117647058825 0.013341804320203304
3 0.2823529411764706 0.1772554002541296 0.11294117647058824 0.010165184243964422
2 0.11352941176470588 0.20870393900889456 0.10941176470588235 0.01207115628970775
3 0.2388235294117647 0.2077509529860229 0.11294117647058824 0.010165184243964422
2 0.10058823529411764 0.2391994917407878 0.08352941176470588 0.01207115628970775
3 0.2235294117647059 0.2382465057179161 0.13411764705882354 0.010165184243964422
1 0.2023529411764706 0.2776365946632783 0.28705882352941176 0.015247776365946635
1 0.4088235294117647 0.32179161372299875 0.6882352941176471 0.05019059720457433
1 0.4117647058823529 0.41200762388818296 0.6941176470588235 0.08576874205844982
1 0.4505882352941176 0.5117534942820838 0.7717647058823529 0.06797966963151207
1 0.1976470588235294 0.5778271918678527 0.2776470588235294 0.014612452350698857
1 0.45 0.613405336721728 0.7705882352941177 0.032401524777636595
1 0.47058823529411764 0.6635959339263025 0.8117647058823529 0.032401524777636595
1 0.46176470588235297 0.7315756035578145 0.7941176470588235 0.06797966963151207
1 0.42823529411764705 0.8059085133418044 0.7270588235294118 0.05019059720457433
2 0.10941176470588235 0.8589580686149937 0.1011764705882353 0.010165184243964422
5 0.23529411764705882 0.8634053367217281 0.023529411764705882 0.012706480304955529
2 0.2852941176470588 0.8586404066073697 0.052941176470588235 0.009529860228716646
4 0.40588235294117647 0.8634053367217281 0.023529411764705882 0.012706480304955529
2 0.4464705882352941 0.8586404066073697 0.03411764705882353 0.009529860228716646
2 0.6805882352941176 0.9018424396442186 0.16117647058823528 0.013341804320203304
1 0.6876470588235294 0.9199491740787803 0.1988235294117647 0.011435832274459976