0 0.28801303279158913 0.07649684420843031 0.48728689143030673 0.04310883565043213
0 0.4980580108559137 0.18003363350215032 0.26489120754745105 0.03354103479709354
2 0.12976932697287716 0.2695523003427193 0.14483016236578233 0.02212017281644453
2 0.11546653592419545 0.33602217858221034 0.11545895005144857 0.028467623108600383
2 0.11290026682910709 0.39780387054949523 0.10956078164430152 0.025795022409357722
2 0.0832917465864554 0.46241850791487893 0.04957811094202781 0.027968772934380683
2 0.09896035260201029 0.524062125280371 0.08014969275616726 0.025572321438723972
2 0.09344898696072844 0.5852090722184403 0.0683613312566332 0.02154115029279678
2 0.11034188842036935 0.6547279630604543 0.10130175081134363 0.02179057537990661
4 0.23627717606490478 0.662973014674047 0.023688377405709556 0.026458765827664963
2 0.2862162123140322 0.6527391961297854 0.053059589720043286 0.020111315535509374
4 0.4068614916160835 0.6616813490443713 0.02368837740570959 0.02645876582766504
2 0.447388979421008 0.6515187948107125 0.03423649283163734 0.01996878691430371
1 0.2902559631252552 0.7368104081770152 0.4601728624499024 0.03370573898954381
2 0.6965038295752332 0.795496556652491 0.16134024871693808 0.02881503662278901
1 0.7037897873790484 0.8328929706174389 0.19896251654946942 0.025158003107526413