0 0.48881850850259895 0.1062845196476175 0.3053901855067166 0.03143792410678855
1 0.2393451478329459 0.16827122034916359 0.38044098558372685 0.024684790373617392
2 0.09056033026137068 0.21226450523043214 0.08045916351079999 0.018095578346853786
3 0.20108564928680595 0.20916069910566404 0.11331744505747812 0.01597053910899672
2 0.12416223889478732 0.25598242762509826 0.1452507938478568 0.022674137954482827
3 0.27581694548473684 0.25088996263338187 0.13098560542693136 0.017138805012128982
2 0.12528038804452743 0.2953539756603365 0.1450749052175606 0.01648086073545663
3 0.26818895876489846 0.29305752834126697 0.11331744505747816 0.01597053910899677
2 0.11184677102548853 0.34027030703841865 0.1157954842497064 0.02043211015311836
3 0.2399899965260066 0.3359982350105183 0.11331744505747816 0.01597053910899672
2 0.11008723197281356 0.38190099179718767 0.10986421921458005 0.01856809837135373
3 0.24356105792078983 0.3788709969975258 0.12980940319878012 0.017119904211149
1 0.1780000208000964 0.43214882207089245 0.24287557878440658 0.024242904435822516
1 0.40794213936439166 0.4904148388710357 0.6888871300679307 0.08093362495847098
1 0.42381003536590317 0.6140819248412706 0.7149944859014753 0.1308767595312607
1 0.12315151511403956 0.7176083900543133 0.11694655953067241 0.019566257065666007
1 0.43605358118377235 0.7758690312180152 0.7288780058250715 0.0815762521917907
2 0.7214429117726534 0.8597987774255582 0.16166737114760335 0.0211692413913381
1 0.7292162431363381 0.8849008584399994 0.19923046160688634 0.019119805357401064