0 0.5 0.043668122270742356 0.6423529411764706 0.021834061135371178
0 0.5 0.1091703056768559 0.5364705882352941 0.021834061135371178
2 0.10058823529411764 0.15611353711790393 0.08352941176470588 0.013828238719068412
3 0.25529411764705884 0.15720524017467247 0.1976470588235294 0.01601164483260553
2 0.0988235294117647 0.19104803493449782 0.08 0.013828238719068412
3 0.23058823529411765 0.19213973799126635 0.15529411764705883 0.01601164483260553
2 0.11294117647058824 0.2267103347889374 0.10823529411764705 0.015283842794759825
3 0.28 0.22489082969432314 0.1976470588235294 0.011644832605531294
2 0.11235294117647059 0.2612809315866084 0.10705882352941176 0.01455604075691412
3 0.23647058823529413 0.25982532751091697 0.11294117647058824 0.011644832605531294
2 0.11058823529411765 0.2973071324599709 0.10352941176470588 0.016739446870451237
3 0.23294117647058823 0.2947598253275109 0.11294117647058824 0.011644832605531294
1 0.1776470588235294 0.3395196506550218 0.2376470588235294 0.016739446870451237
1 0.4429411764705882 0.3904657933042212 0.7564705882352941 0.05749636098981077
1 0.45705882352941174 0.4836244541484716 0.7847058823529411 0.07787481804949054
1 0.40176470588235297 0.5724163027656477 0.6741176470588235 0.05749636098981077
1 0.18529411764705883 0.6419213973799126 0.2529411764705882 0.01455604075691412
1 0.4688235294117647 0.6939592430858806 0.808235294117647 0.05749636098981077
1 0.4052941176470588 0.7783842794759825 0.6811764705882353 0.05749636098981077
2 0.10941176470588235 0.8384279475982532 0.1011764705882353 0.011644832605531294
4 0.23529411764705882 0.8435225618631731 0.023529411764705882 0.01455604075691412
2 0.2852941176470588 0.8380640465793303 0.052941176470588235 0.010917030567685589
5 0.40588235294117647 0.8435225618631731 0.023529411764705882 0.01455604075691412
2 0.4464705882352941 0.8380640465793303 0.03411764705882353 0.010917030567685589
2 0.7488235294117647 0.8875545851528384 0.16117647058823528 0.015283842794759825
1 0.7558823529411764 0.908296943231441 0.1988235294117647 0.013100436681222707