0 0.49243304057778875 0.11895921496214164 0.20877888372359682 0.03180931562812586
1 0.24494856740285859 0.18815575290347716 0.38506652930917845 0.026356733667504795
2 0.09354569367594308 0.23707926728889508 0.08036410273124237 0.02003908407025372
3 0.2123327094024334 0.2343966764432282 0.1297293851930155 0.018751133414776147
2 0.09625849025978825 0.28480866104326413 0.08389301677482752 0.020089213960038852
3 0.21680996300807118 0.2821010052527047 0.1297293851930155 0.018751133414776175
2 0.1277611159215979 0.3306363338633695 0.14500158897434168 0.01797347838094372
3 0.30132532762049563 0.3311562679509717 0.17452774844947438 0.02436053479989408
1 0.17775330610665338 0.3891385014839684 0.24277317703299658 0.02632459722530765
1 0.4608612724475272 0.45477838421921307 0.7955664686692019 0.08987510514418626
1 0.4430176139560391 0.5635048702242353 0.7555721095085701 0.08930696639328825
1 0.1200665088653217 0.6541743341987605 0.11684930492249827 0.021551977487601293
1 0.47347083838754694 0.7342406847415701 0.8102353229214062 0.11793239227789598
2 0.7321378082737329 0.8430198676050301 0.16156863988211934 0.0231818406477807
1 0.7397587129758717 0.8712738176781465 0.1991511184577328 0.02073190580345146