0 0.22823529411764706 0.036414565826330535 0.3623529411764706 0.01680672268907563
0 0.2447058823529412 0.07394957983193277 0.28705882352941176 0.013445378151260505
2 0.19705882352941176 0.13025210084033614 0.27647058823529413 0.014005602240896359
3 0.40588235294117647 0.12913165266106444 0.11294117647058824 0.011764705882352941
2 0.13117647058823528 0.15322128851540617 0.14470588235294118 0.01288515406162465
3 0.28823529411764703 0.15126050420168066 0.1411764705882353 0.008963585434173669
2 0.10058823529411764 0.17563025210084032 0.08352941176470588 0.010644257703081233
3 0.20705882352941177 0.17759103641456583 0.1011764705882353 0.014565826330532213
1 0.1976470588235294 0.20868347338935575 0.2776470588235294 0.01288515406162465
1 0.44823529411764707 0.2495798319327731 0.7788235294117647 0.047619047619047616
1 0.4 0.31848739495798317 0.6823529411764706 0.06442577030812324
1 0.43411764705882355 0.38795518207282914 0.7505882352941177 0.047619047619047616
1 0.43529411764705883 0.45294117647058824 0.7529411764705882 0.047619047619047616
1 0.4 0.5252100840336135 0.6823529411764706 0.06442577030812324
2 0.7129411764705882 0.6126050420168068 0.17882352941176471 0.011764705882352941
1 0.7111764705882353 0.6285714285714286 0.1988235294117647 0.010084033613445379