0 0.4949273740516219 0.03861838132277707 0.6425535701097851 0.021417547342956627
0 0.49541907210380076 0.0833408673730797 0.24373017731147645 0.019462217055302346
2 0.10473076051335325 0.1283848078923676 0.10014676246493219 0.013842196920784628
3 0.3047448311545692 0.12933567490315034 0.27194373651078285 0.017624623750467656
2 0.10976199821337658 0.15796982330344342 0.1095442074059167 0.012586176811255059
2 0.09711819701014193 0.18503892875717176 0.0836623224615621 0.01250104256891229
3 0.20361162184910334 0.18694092896979306 0.10135858574117311 0.017063511698663044
2 0.12801717007028446 0.21325183191006883 0.14486598604396184 0.015276224991576362
3 0.2850483919374788 0.21048301032086666 0.14128711455218068 0.010760192721285249
1 0.17720770585998188 0.2465526661828413 0.24251127924311772 0.015597413269505877
1 0.42124917402463624 0.2927263279351774 0.7299999330345411 0.05709580341178268
1 0.45500335595643915 0.3666192111736775 0.7956405517790789 0.03543388248671506
2 0.6402860314675286 0.41877776091169117 0.15311528083776466 0.01659029117543055
1 0.6516497819573458 0.43579345710777984 0.19894728060338768 0.012236787913248386