0 0.2984466000689853 0.0467978782923323 0.4747430816399961 0.0291986535200894
0 0.20743310498683953 0.09670120331914221 0.26523045214358715 0.02183141154893377
2 0.1474640400014939 0.16952511615782317 0.1098482186147593 0.01594819673754892
3 0.3032892533825898 0.17236571133204381 0.17458880020873915 0.01833598496998482
2 0.1258400505276148 0.20204312249230666 0.11577770515308733 0.017551841609031175
3 0.26233016808948983 0.20233710455433238 0.12979561390091818 0.014689574944886284
2 0.09188991960843021 0.23363384345329646 0.04990927869075729 0.01667360104476301
2 0.10795340800293109 0.2651284710034035 0.0839713367902725 0.015603173658729314
3 0.2143168302463259 0.2692169239236566 0.10178398492163798 0.02117672354086938
2 0.13747088271108765 0.29909129732961015 0.14523162971367606 0.019469143824894827
1 0.42006055888802185 0.36770884895056705 0.7158775867697449 0.06976610654975826
2 0.6425661640426655 0.4385770354141249 0.1522405840875914 0.018038010492822446
1 0.6536390103369255 0.46046839921557836 0.19921689458296848 0.016377479378505255