0 0.23091569624982405 0.043598475441878816 0.36247053802740203 0.021075516570786105
0 0.5024015807806427 0.09131260084394602 0.24364370242390926 0.02016412565503904
2 0.11096406292847837 0.1353534251645791 0.10008320114963494 0.014452212391705917
3 0.25743380906904906 0.13564003179839704 0.16478871149285895 0.014578825764075282
2 0.11548640873130099 0.16659123866096937 0.10948693307132315 0.013112863436531176
2 0.10237775451516949 0.1950789903462202 0.08360472893403355 0.013062218087583444
3 0.20883376794642625 0.19766341642527777 0.10127961165828184 0.017848928067274686
2 0.13279028312897154 0.2250096837458571 0.14479680515137044 0.01589745616740775
3 0.28986216636829976 0.22294091940154018 0.14123948832018932 0.011138370923506233
1 0.19905304369289303 0.26044165179843065 0.2777372173110852 0.016157589096093914
1 0.40811254279770115 0.32059309832349603 0.6969253577951404 0.0794343334267752
1 0.4075540356394121 0.4156366795225784 0.6968056776897928 0.05906785174125757
1 0.4583033529593736 0.4883772705348289 0.7990223929618016 0.0361861184988127
2 0.7038531773054962 0.5452056673464314 0.16125932001959212 0.014571919580127872
1 0.7107982641519496 0.5645676373155679 0.1988941943905697 0.012608937373681914