0 0.18870729967317984 0.02945289113683126 0.2556110149477755 0.013371264545857967
0 0.6456311577824775 0.0356172988983216 0.6428005267403448 0.02191826092744275
0 0.5126757927502804 0.07505990476032776 0.3004842217211323 0.01946176679765211
2 0.12013849859746274 0.1192763279057436 0.10035072661614536 0.01283395084380174
3 0.33010742047689084 0.12107163261737465 0.2921121220668784 0.014786897513870068
2 0.12405217815285663 0.14585081971633945 0.1097270624377617 0.011747538738545098
3 0.23993934104778478 0.14610534113884932 0.0944001597528369 0.010483853861035517
2 0.10862501371962405 0.1699781365974591 0.08031844516806991 0.011536499723958283
3 0.3132831736381651 0.17231242658142676 0.30152287959317964 0.014854429998537838
2 0.1161365707567511 0.1942700639099565 0.09678727083909731 0.011654681572126908
3 0.2326119059970731 0.1945288061127581 0.10851629604228893 0.010585152588037213
2 0.1394943594148266 0.21982989688025523 0.14508624657076197 0.01430867473589817
3 0.2965966136181797 0.2189374421857811 0.14143673653200123 0.010244543989412219
1 0.19094673383306593 0.250208105664255 0.24978092405086472 0.015059973627827227
1 0.4346282000810343 0.285428343373426 0.7396910626934973 0.03703477626934296
1 0.4029103252316947 0.342910313074769 0.6802138090336023 0.05391342552845231
1 0.4609418672948164 0.4091156742902188 0.7996157985142983 0.03515740667925125
2 0.7052833526632962 0.46165352240883967 0.1615206505371043 0.013272911994142367
1 0.7118509115162599 0.47814788217876364 0.19911204808528216 0.011812125047926838