0 0.2526588406457389 0.05286839612766998 0.26529689046058264 0.02501007141304883
2 0.12528886019372773 0.13397788961327298 0.10990736519592532 0.01808940634988817
3 0.28285076773566314 0.13795066527521566 0.17820680719474138 0.021815879389569713
2 0.559286350572597 0.14139141288408827 0.08403217606764589 0.0176474076724954
2 0.1268176395458678 0.17756858132350445 0.11584344619579921 0.019897329794271765
3 0.2633058111475154 0.17819165060478115 0.12984647332433094 0.016723481582897395
2 0.5502298252813501 0.18480128695356815 0.06879764778074572 0.019093695835375814
2 0.11803088859635394 0.23080644871471964 0.10159131617630267 0.015387566607799009
4 0.25547378036640916 0.2382794856430551 0.02407646118744862 0.017476508974663837
2 0.3056398488258782 0.23358407182593685 0.05334169470187673 0.013710107200169876
5 0.4318955244228601 0.24129311298891495 0.02407646118744872 0.017476508974663837
2 0.47265243319931843 0.23643697238001757 0.03452337533585525 0.013388653616611469
2 0.6743124216132234 0.3321361168753807 0.16171309965047645 0.02068087290419533
1 0.6805804655540929 0.35658809806239766 0.19926670408553104 0.01876257627202973