0 0.5094637065222591 0.04631149955631419 0.24972662394744938 0.01782451783012853
2 0.11725742228741538 0.09425316540027763 0.10029720145816731 0.015342451121032573
3 0.31720591271871856 0.09745233793754894 0.2721214084643127 0.020075169948920658
2 0.12129526165141749 0.12629620609355072 0.10967922004353861 0.014019454222752912
3 0.28358504375549876 0.12991647741549625 0.18742197322449766 0.019456999383151992
2 0.10774544488967448 0.15542709621889184 0.08379883705359514 0.013830568772101365
3 0.21415712735637774 0.1586395466814761 0.10154615693968513 0.018830243115080976
2 0.13769269701822823 0.18626733984611804 0.14502871094267789 0.017060390325220012
3 0.2947903686309496 0.18497808669925858 0.14139796359655704 0.012163744409868487
1 0.18928687938080188 0.22283314903273133 0.2497266239474493 0.017824517830128523
1 0.4029168333196354 0.2751964515624013 0.6800056283843647 0.06410045718813473
1 0.4610979057014947 0.3626144796734722 0.7999964949741027 0.06497619882297363
1 0.41010777909545804 0.4381005773368378 0.7007450405751962 0.043379762079100624
1 0.4562997226874462 0.5080324241150038 0.7959738456707718 0.04129183893219352
2 0.7061507359370307 0.572491184807983 0.16852730206801828 0.01584042185456841
1 0.7092662047838568 0.5923484177778426 0.19906966457603925 0.013976126339381759