0 0.5103682829641818 0.04711342548975654 0.30514163293845187 0.022452292632127852
2 0.11809379884373865 0.0936116096985145 0.1003147254223029 0.014869175523573523
3 0.31803818867586336 0.09678868428960419 0.2721416983065698 0.019516146223201535
2 0.12209112533186028 0.12457892867203645 0.10969489505300253 0.013594699878987319
3 0.2920534783326 0.12685916871281622 0.20267429797714856 0.016307203252630412
2 0.12437008091664736 0.15351573567602736 0.11560753361804511 0.014983574081682634
3 0.26085977407610417 0.15319164805265534 0.12966239343460054 0.01239942323616897
2 0.09078515036399477 0.18151170868428176 0.049730821390232556 0.01449078029290494
2 0.1378200418780264 0.2084293806482944 0.14493980700084877 0.01184138441564372
3 0.2966299731415031 0.20961736567481215 0.1449398070008488 0.011841384415643759
1 0.1857849891813656 0.24611485055954216 0.24268626788781442 0.017278836860165556
1 0.39323591215083875 0.3068513201920098 0.6617138745311419 0.08226703631981429
1 0.4121783483760115 0.40451313809752815 0.7040631895347358 0.08258383232688564
1 0.11579659158358888 0.47661309622075343 0.11323939926612929 0.014293536924877621
1 0.38227383511177737 0.528711655695923 0.6494883370342137 0.06200591606993023
1 0.39575007702723236 0.6081736649328869 0.6800739534256981 0.06223471318614849
1 0.45241013294878996 0.6771978720633152 0.7960111522827864 0.04024303133202646
2 0.6634671386493657 0.7345985544698668 0.16148595820527162 0.015326769756010116
1 0.6700866108760535 0.7538158190954581 0.19908360987553986 0.01359105407083706