0 0.2088235294117647 0.03829389788293898 0.3235294117647059 0.014321295143212951
0 0.5 0.08405977584059776 0.30470588235294116 0.0186799501867995
2 0.10882352941176471 0.12733499377334995 0.1 0.013075965130759652
3 0.31882352941176473 0.12764632627646327 0.2917647058823529 0.0136986301369863
2 0.11352941176470588 0.15597758405977585 0.10941176470588235 0.011830635118306352
2 0.0988235294117647 0.18212951432129515 0.08 0.011830635118306352
3 0.3035294117647059 0.18306351183063513 0.30117647058823527 0.0136986301369863
2 0.10705882352941176 0.20828144458281445 0.09647058823529411 0.011830635118306352
3 0.2235294117647059 0.2076587795765878 0.10823529411764705 0.010585305105853052
2 0.13117647058823528 0.23567870485678705 0.14470588235294118 0.014321295143212951
3 0.28823529411764703 0.23349937733499376 0.1411764705882353 0.009962640099626401
1 0.09823529411764706 0.2671232876712329 0.07882352941176471 0.012453300124533
1 0.4582352941176471 0.3135118306351183 0.7988235294117647 0.05292652552926526
1 0.43470588235294116 0.3820049813200498 0.7517647058823529 0.03424657534246575
1 0.3982352941176471 0.44925280199252804 0.6788235294117647 0.05292652552926526
2 0.7076470588235294 0.5339352428393525 0.16823529411764707 0.013075965130759652
1 0.7111764705882353 0.5516811955168119 0.1988235294117647 0.0112079701120797