0 0.5 0.05337078651685393 0.23294117647058823 0.018459069020866775
2 0.11352941176470588 0.11356340288924559 0.10941176470588235 0.015248796147672551
3 0.21705882352941178 0.11276083467094702 0.06941176470588235 0.013643659711075442
2 0.5782352941176471 0.11235955056179775 0.14470588235294118 0.012841091492776886
3 0.7370588235294118 0.11235955056179775 0.14470588235294118 0.012841091492776886
2 0.0988235294117647 0.15369181380417335 0.08 0.015248796147672551
3 0.3035294117647059 0.1548956661316212 0.30117647058823527 0.01765650080256822
2 0.5835294117647059 0.1544943820224719 0.15529411764705883 0.016853932584269662
3 0.74 0.1528892455858748 0.12941176470588237 0.013643659711075442
2 0.5588235294117647 0.19462279293739967 0.10588235294117647 0.016853932584269662
2 0.10941176470588235 0.2447833065810594 0.1011764705882353 0.012841091492776886
5 0.24705882352941178 0.24959871589085073 0.023529411764705882 0.016051364365971106
2 0.29705882352941176 0.2443820224719101 0.052941176470588235 0.012038523274478331
4 0.4235294117647059 0.24959871589085073 0.023529411764705882 0.016051364365971106
2 0.4641176470588235 0.2443820224719101 0.03411764705882353 0.012038523274478331
2 0.6994117647058824 0.3166131621187801 0.15176470588235294 0.016853932584269662
1 0.7111764705882353 0.3394863563402889 0.1988235294117647 0.014446227929373997