0 0.5 0.03525264394829612 0.6423529411764706 0.01762632197414806
0 0.5 0.07432432432432433 0.24941176470588236 0.013513513513513514
2 0.10882352941176471 0.12602820211515864 0.1 0.012338425381903642
3 0.25529411764705884 0.12602820211515864 0.16470588235294117 0.012338425381903642
2 0.11352941176470588 0.15305522914218567 0.10941176470588235 0.011163337250293772
3 0.2188235294117647 0.15217391304347827 0.07294117647058823 0.009400705052878966
2 0.11647058823529412 0.17831962397179787 0.11529411764705882 0.012338425381903642
3 0.2529411764705882 0.17714453584018802 0.12941176470588237 0.0099882491186839
2 0.08352941176470588 0.20299647473560517 0.04941176470588235 0.012338425381903642
3 0.18058823529411766 0.20152761457109283 0.11647058823529412 0.009400705052878966
2 0.13117647058823528 0.22620446533490013 0.14470588235294118 0.009400705052878966
3 0.29 0.22620446533490013 0.14470588235294118 0.009400705052878966
1 0.09823529411764706 0.2579318448883666 0.07882352941176471 0.011750881316098707
1 0.43470588235294116 0.2928907168037603 0.7517647058823529 0.03231492361927144
1 0.11529411764705882 0.3407755581668625 0.11294117647058824 0.011750881316098707
1 0.4088235294117647 0.3845475910693302 0.7 0.0499412455934195
1 0.4582352941176471 0.449764982373678 0.7988235294117647 0.0499412455934195
1 0.4582352941176471 0.5161574618096357 0.7988235294117647 0.029964747356051705
2 0.6411764705882353 0.5707990599294948 0.15294117647058825 0.014688601645123384
1 0.6523529411764706 0.5863689776733255 0.1988235294117647 0.010575793184488837