0 0.28411764705882353 0.053497942386831275 0.47411764705882353 0.024691358024691357
0 0.5 0.10864197530864197 0.2647058823529412 0.019753086419753086
2 0.11352941176470588 0.1683127572016461 0.10941176470588235 0.015637860082304528
3 0.2605882352941176 0.17119341563786009 0.1564705882352941 0.02139917695473251
2 0.11647058823529412 0.2037037037037037 0.11529411764705882 0.01728395061728395
3 0.2529411764705882 0.20205761316872428 0.12941176470588237 0.013991769547325103
2 0.10705882352941176 0.2382716049382716 0.04941176470588235 0.01728395061728395
3 0.20411764705882354 0.23621399176954733 0.11647058823529412 0.01316872427983539
2 0.11235294117647059 0.2720164609053498 0.08352941176470588 0.015637860082304528
3 0.2188235294117647 0.2748971193415638 0.1011764705882353 0.02139917695473251
2 0.13117647058823528 0.3082304526748971 0.14470588235294118 0.018930041152263374
3 0.28823529411764703 0.30534979423868314 0.1411764705882353 0.01316872427983539
2 0.10941176470588235 0.3522633744855967 0.1011764705882353 0.01316872427983539
4 0.24705882352941178 0.35720164609053495 0.023529411764705882 0.01646090534979424
2 0.29705882352941176 0.35185185185185186 0.052941176470588235 0.012345679012345678
5 0.4235294117647059 0.35720164609053495 0.023529411764705882 0.01646090534979424
2 0.4641176470588235 0.35185185185185186 0.03411764705882353 0.012345679012345678
2 0.6405882352941177 0.43580246913580245 0.15176470588235294 0.01728395061728395
1 0.6523529411764706 0.45925925925925926 0.1988235294117647 0.014814814814814815