0 0.17541584466242516 0.06492985058805432 0.249952748268747 0.02481458487163947
2 0.10295662220712985 0.14227430048325768 0.10988265160712689 0.018860724213576242
2 0.5199381217503557 0.13609801441268177 0.04994997313501405 0.01963347754461793
2 0.1072339367719497 0.1878711099125209 0.11581597042880303 0.0207505265209748
2 0.5382771523862568 0.17966539041250185 0.08400672409885267 0.01842188354429318
3 0.6448130545878908 0.18099277461288824 0.10183289366696091 0.02498632336231507
2 0.5702208753470857 0.2256884711135844 0.14527285971254675 0.023039274891357975
3 0.7271489623206076 0.21989289100777046 0.14156083242167905 0.016714202711126887
1 0.3956438262064339 0.31192859954938035 0.6866067355894552 0.08231692920312196
2 0.6407790180921293 0.38478231049011774 0.1593345757836279 0.021488576737496358
1 0.6497593411916226 0.4101511168991199 0.1992460062599038 0.019481686357091566