0 0.47652095868152466 0.030722697455792192 0.6429674087523407 0.021345457223549125
0 0.4782308453862398 0.06489832709759863 0.287603771881891 0.01494252300417664
2 0.1777216190813848 0.11493101904516195 0.27704354882337556 0.015352998185465629
3 0.41173313406105416 0.11170838879616382 0.16402686597529256 0.012250167759814475
2 0.11290111762703267 0.1364642524076353 0.1452588073595061 0.013093253420884783
3 0.2698336608953127 0.13320142714750483 0.1415515812280421 0.009489462301614232
2 0.08334090799426457 0.1571553722682188 0.08399464953880477 0.010477399562065372
3 0.18987576486538227 0.15793904409720594 0.10181620067773657 0.014214002472290007
1 0.18188261354863786 0.18633724865117915 0.2781687011798273 0.014343897785702657
1 0.4136915026825265 0.22140965701238569 0.7396427408924395 0.05029655816024089
1 0.4360846211267747 0.2809068716668589 0.7784571346629758 0.05066179058536472
1 0.45494915831915583 0.34043728926907063 0.810214365929778 0.05096061711501145
2 0.7084632279183388 0.40949717723489865 0.1793173847333826 0.012394047200014748
1 0.7074262771593365 0.42405117340714826 0.19923611640270605 0.011051945163686011