0 0.2464705882352941 0.04244996967859309 0.30470588235294116 0.018192844147968467
2 0.10882352941176471 0.08520315342631898 0.1 0.012734990903577926
3 0.25529411764705884 0.08520315342631898 0.16470588235294117 0.012734990903577926
2 0.11352941176470588 0.1130988477865373 0.10941176470588235 0.011522134627046696
3 0.24941176470588236 0.11249241964827168 0.13411764705882354 0.010309278350515464
2 0.10058823529411764 0.13856882959369315 0.08352941176470588 0.011522134627046696
3 0.20705882352941177 0.1406913280776228 0.1011764705882353 0.015767131594906003
2 0.13117647058823528 0.16525166767738023 0.14470588235294118 0.013947847180109158
3 0.28823529411764703 0.16312916919345058 0.1411764705882353 0.009702850212249849
1 0.09823529411764706 0.1958762886597938 0.07882352941176471 0.01212856276531231
1 0.4088235294117647 0.23195876288659795 0.7 0.03335354760460885
1 0.4088235294117647 0.28350515463917525 0.7 0.03335354760460885
1 0.4370588235294118 0.34172225591267436 0.7564705882352941 0.05154639175257732
1 0.4582352941176471 0.41328077622801696 0.7988235294117647 0.030927835051546393
2 0.7041176470588235 0.46058217101273496 0.16117647058823528 0.012734990903577926
1 0.7111764705882353 0.47786537295330506 0.1988235294117647 0.010915706488781079