0 0.19911851521967003 0.0410332442543887 0.30951533333032466 0.018736352489630317
0 0.49760773949685605 0.08485426151002674 0.304813095171492 0.01935714496226509
2 0.10667397856833609 0.12729506757284698 0.10007558586573924 0.013363659504128449
3 0.3166747943399281 0.1272639336159226 0.29184300488207787 0.01430759952504296
2 0.11154644571073821 0.15619982406069569 0.10948006218340416 0.012122074558858886
3 0.255071555406518 0.1553352196654067 0.14947262883971854 0.01093080001032749
2 0.09875745008469596 0.1826194756427461 0.08359783189685469 0.012079504223157359
3 0.20524021038989237 0.1846442206296421 0.1012701603451014 0.0165082571877447
2 0.12950490372711268 0.21022459672755042 0.14478850014722322 0.014694255151319353
1 0.18204593525663107 0.2428221802994317 0.24949388630644617 0.014866471509384629
1 0.4581913790195111 0.2882512941791723 0.8014805347977414 0.05474301075355881
1 0.4573879690130324 0.35299208016258776 0.7990044604005984 0.03336903457821216
2 0.6994123055049206 0.39784877695117266 0.15303099902493306 0.015964865325476384
1 0.7106847033002451 0.41448650644850327 0.1988877812800349 0.011640603184883646