0 0.16468812619021037 0.04259142507582355 0.25085106411819813 0.018056118531624768
0 0.6241179948056074 0.04224628399580789 0.642679366468502 0.025512645347327615
0 0.49315770429634087 0.09076732142949766 0.2143823710795928 0.01782941199818872
2 0.10312895087241271 0.16062727851666483 0.10024666713848356 0.015685394267735978
3 0.31959428695179326 0.1596403269625665 0.3049539054427468 0.017675198937679267
2 0.10838629000263325 0.19359487656773688 0.1096339557474891 0.014309253505373095
3 0.2642485489994194 0.19190856612803867 0.1743124886408319 0.013276829100155155
2 0.09594951331225958 0.22380287998010134 0.0837529477846079 0.014148364997773341
3 0.20245654607018554 0.22565167309462808 0.10148304412599259 0.019279321567261202
2 0.127063873391501 0.2551749438493563 0.14497421336095687 0.017397938273262036
3 0.28407255807382 0.2516880132029045 0.141361030453871 0.012354739071555886
1 0.09473008081144371 0.2916045143148353 0.07905930348010512 0.014836435378954774
1 0.4209008107930434 0.3430229896634621 0.7303933088611706 0.06550657182295888
1 0.3972751050198842 0.44288809597217765 0.6801675075961713 0.08671179303500155
1 0.4023754827863106 0.5368354482914695 0.6868661591054159 0.06523598660563193
1 0.11702918040637034 0.6049685539785926 0.113175177612994 0.015048515684427154
1 0.4112569525568452 0.645824640848098 0.7006232673318098 0.04380405886015321
1 0.4618535067629775 0.7165324509346215 0.799393687344181 0.04154906908619025
2 0.6535232472566568 0.7806241046464584 0.16847841540426114 0.016109554878680963
1 0.6573942905627411 0.8010458661621103 0.199029080657785 0.014147727330881677