0 0.5029351859383192 0.04933614474875883 0.24952078776736444 0.017708054211445227
2 0.1277638000918476 0.12032364623742037 0.1095026420772122 0.014378172337764747
3 0.2595322263682145 0.11992303423420794 0.12596342825045118 0.01293715801251367
2 0.14226180041126246 0.15226056977770877 0.11539460857537445 0.015877072453766752
3 0.2787409009370842 0.15113031075017333 0.12949281025119871 0.0129462978742112
2 0.10911797530237677 0.18333227167849428 0.04951281122808671 0.015706461702079733
3 0.20618805927741324 0.18172903410871002 0.11654691133333292 0.012170951541400552
2 0.11421395345004776 0.2137611552410832 0.08362050740506347 0.01431114668531631
3 0.22066673326966224 0.21663329167534406 0.10130123848134152 0.01954968053990868
2 0.14458934119103514 0.24648104166559684 0.1448157884118537 0.01743690498108554
3 0.3016637507605715 0.24429134823808396 0.14125258533856577 0.012234930573283162
2 0.1108017225580896 0.2860823055818431 0.10125292266342684 0.012131345474044665
5 0.24841863109649548 0.2908897612275647 0.023625844974146496 0.01489760254304492
2 0.2984496147220637 0.2861973248088012 0.05301320373808537 0.011264600524258815
4 0.42488773113387324 0.2913467543124406 0.02362584497414646 0.014897602543044876
2 0.4655070294241147 0.2866299449291504 0.03418983306743177 0.011215854595205417
2 0.6685177455488697 0.3665331954917859 0.158923653251261 0.01598979741470278
1 0.6766152701362236 0.3876967767734593 0.19890882118102554 0.013867881994182043