0 0.5200266194942273 0.03676911368219102 0.6429832431652768 0.02580698967743583
0 0.5181916161259363 0.0792141322703093 0.20894853193257845 0.020137456429713384
2 0.12497503191999298 0.1241240113064954 0.10052927501595793 0.01399042288589651
3 0.34137789747155306 0.12695192316944093 0.30521000218422684 0.016986599376485136
2 0.12846519442553367 0.15227195522192832 0.1098858633816609 0.012878659676717448
3 0.27779972324748264 0.15492914403239622 0.16171674035930161 0.015314037713047596
2 0.1126540930610417 0.1777508132594807 0.08048150645032374 0.012535921630931042
3 0.3172688129139044 0.18105234959602703 0.3016814793524664 0.016945470810990765
2 0.1197783901029927 0.2034970069727465 0.09694794633187255 0.01272785493657137
3 0.23624604647725023 0.20424352994214523 0.10865688325208245 0.011643510771055188
2 0.14272823403554083 0.23064971861456765 0.14527670340391535 0.01573282409932254
3 0.2998399102904497 0.23034242085736314 0.14156336008901763 0.011416657690420572
1 0.10846200650123891 0.2611071964450131 0.07933173509923275 0.013132931801014925
1 0.4368079171641751 0.301290538987701 0.7400896070541242 0.0421991627654995
1 0.4130228904835286 0.36150501709435656 0.6985394208578726 0.060027210737028186
1 0.18760318403239676 0.4175361531311713 0.251132388356729 0.016966681064153527
1 0.4365969353699663 0.4558780234123629 0.7530275241039124 0.04234996750564546
1 0.40842404669425547 0.5087090271287081 0.701275855904759 0.04174674854506142
1 0.4536564386422376 0.5648397547271808 0.7964403606576416 0.04041434104574786
2 0.6948010565314124 0.6214209586348448 0.15356272919701455 0.01705023013597342
1 0.7052750346220152 0.637735270928001 0.19924870552676324 0.013309863643992646