0 0.1723529411764706 0.02822177822177822 0.25058823529411767 0.011488511488511488
0 0.6317647058823529 0.029970029970029972 0.6423529411764706 0.014985014985014986
0 0.5 0.06318681318681318 0.24941176470588236 0.011488511488511488
2 0.10882352941176471 0.10714285714285714 0.1 0.01048951048951049
3 0.25529411764705884 0.10714285714285714 0.16470588235294117 0.01048951048951049
2 0.1388235294117647 0.13161838161838163 0.16 0.012487512487512488
3 0.33705882352941174 0.13186813186813187 0.20823529411764705 0.012987012987012988
2 0.0988235294117647 0.1510989010989011 0.08 0.00949050949050949
3 0.3035294117647059 0.15184815184815184 0.30117647058823527 0.01098901098901099
2 0.11058823529411765 0.1725774225774226 0.10352941176470588 0.01048951048951049
3 0.2411764705882353 0.17157842157842157 0.12941176470588237 0.008491508491508492
2 0.13117647058823528 0.19405594405594406 0.14470588235294118 0.011488511488511488
1 0.18823529411764706 0.22252747252747251 0.25882352941176473 0.011488511488511488
1 0.40058823529411763 0.25899100899100896 0.6835294117647058 0.042457542457542456
1 0.46 0.3244255744255744 0.8023529411764706 0.05744255744255744
1 0.4152941176470588 0.3983516483516483 0.7129411764705882 0.05744255744255744
1 0.4152941176470588 0.4612887112887113 0.7129411764705882 0.042457542457542456
1 0.1976470588235294 0.5072427572427572 0.2776470588235294 0.011488511488511488
1 0.43941176470588234 0.5437062937062938 0.7611764705882353 0.042457542457542456
1 0.4329411764705882 0.5996503496503497 0.7482352941176471 0.042457542457542456
1 0.42470588235294116 0.6600899100899101 0.731764705882353 0.042457542457542456
1 0.4 0.7145354645354646 0.6823529411764706 0.025474525474525476
2 0.6723529411764706 0.758991008991009 0.16823529411764707 0.01048951048951049
1 0.6758823529411765 0.7732267732267732 0.1988235294117647 0.008991008991008992