0 0.18864271494375437 0.03546363315250641 0.31332127148410993 0.01503756459382764
0 0.486279444098902 0.07093554719865756 0.1427341096975936 0.013353285330423818
2 0.10147060501240436 0.12419855418537971 0.10972752150875896 0.010976030139217057
3 0.27735993463223024 0.12382629680602181 0.2144738757103336 0.013296055964947817
2 0.1021686986229502 0.14602909481157866 0.10967581087094075 0.009358953055794912
3 0.19921710417362332 0.14537748502236 0.056740316934209965 0.009003529534402914
2 0.10234756759573439 0.1700196873659115 0.10858565095759934 0.01204618322768977
3 0.2294013714835247 0.16943618376180775 0.11801364231451313 0.012648395325966844
1 0.193925818440848 0.2006750085088022 0.2897771484107346 0.014340572889846031
1 0.4069260863746809 0.23860219011983974 0.7143297864194906 0.05060355411837302
1 0.3995665205304955 0.3028094341660545 0.6955082774642086 0.05047718131076698
1 0.4408356378670728 0.3607596161033266 0.7738062398362702 0.034835596608395844
1 0.40311731766067915 0.4138487272277085 0.6955082774642086 0.05047718131076698
2 0.6325929061104407 0.470265668241683 0.09085430191565887 0.009232580248188871
1 0.6754756445172803 0.48669112595326497 0.19911245216707604 0.011037275280871733