0 0.187069553756424 0.028304538291145744 0.2555626730431695 0.01240480917973786
0 0.6440223182596659 0.0336434057967635 0.6427363910994117 0.02008336987717796
0 0.5113110850619301 0.06930929192227957 0.233254546706622 0.013920424673046402
2 0.11876883321016127 0.12020095022550159 0.10029454047208172 0.012068728096926388
3 0.26935300736780793 0.12078405506926296 0.17321588525438938 0.011936188193207338
2 0.122812812875661 0.14541752204702343 0.10967683884386147 0.01102707636895195
3 0.23752450598350225 0.14552263992933057 0.0920023355136135 0.009831449173974681
2 0.10396766563571343 0.1685869347296076 0.07322335722515641 0.011367148423848845
3 0.23810405455295047 0.16825490906695084 0.16727644566131486 0.009712298441299368
2 0.10689997957055532 0.1913325930382716 0.08026727177644001 0.01085971173090535
3 0.26627826075863337 0.19306111568559628 0.210888894190484 0.013245623342056327
2 0.15098411508244092 0.21513396814931288 0.16970111875119642 0.012463708642716394
1 0.19485252742086315 0.24714940635147403 0.25913496572595285 0.014067705554527408
1 0.45201867349530184 0.28859397491697353 0.7764586192135224 0.05095808937525498
1 0.4367213426218882 0.3558723045306554 0.7494018175114947 0.05080411390825211
1 0.4172922908141381 0.4236748073010853 0.714110337030589 0.05060327634259615
1 0.39809334372474886 0.4827156427743206 0.6788188565496833 0.050402438776940194
1 0.4183607426852946 0.5397903300382398 0.72185604328295 0.03203159543471078
2 0.6467055130336602 0.5810708812584536 0.1685247360684996 0.012457014057194573
1 0.6498247870521704 0.596697684888147 0.19906754118392514 0.010988260662538968