0 0.20352941176470588 0.027216856892010536 0.3129411764705882 0.010535557506584723
0 0.24411764705882352 0.05794556628621598 0.37058823529411766 0.010535557506584723
2 0.19705882352941176 0.10206321334503951 0.27647058823529413 0.010974539069359086
3 0.4152941176470588 0.10118525021949078 0.13176470588235295 0.009218612818261633
2 0.13117647058823528 0.12006145741878842 0.14470588235294118 0.01009657594381036
3 0.28823529411764703 0.11852502194907814 0.1411764705882353 0.007023705004389816
2 0.10058823529411764 0.13762071992976296 0.08352941176470588 0.008340649692712906
3 0.20705882352941177 0.1391571553994732 0.1011764705882353 0.01141352063213345
1 0.1976470588235294 0.1635206321334504 0.2776470588235294 0.01009657594381036
1 0.4370588235294118 0.20873573309920984 0.7564705882352941 0.0636523266022827
1 0.40647058823529414 0.27897278314310797 0.6952941176470588 0.0504828797190518
1 0.40941176470588236 0.3439420544337138 0.7011764705882353 0.0504828797190518
1 0.43 0.39881474978050924 0.7423529411764705 0.03731343283582089
1 0.43529411764705883 0.44885864793678665 0.7529411764705882 0.03731343283582089
2 0.6541176470588236 0.5068042142230026 0.17882352941176471 0.009218612818261633
1 0.6523529411764706 0.5193151887620719 0.1988235294117647 0.007901668129938543