0 0.22823529411764706 0.05332239540607055 0.3623529411764706 0.02461033634126333
0 0.5 0.10787530762920426 0.24941176470588236 0.018867924528301886
2 0.11352941176470588 0.17186218211648893 0.10941176470588235 0.015586546349466776
2 0.5476470588235294 0.17186218211648893 0.08352941176470588 0.015586546349466776
2 0.11647058823529412 0.2136997538966366 0.11529411764705882 0.017227235438884332
3 0.2529411764705882 0.21205906480721903 0.12941176470588237 0.01394585726004922
2 0.54 0.2136997538966366 0.06823529411764706 0.017227235438884332
3 0.7129411764705882 0.21575061525840852 0.24941176470588236 0.02132895816242822
1 0.43176470588235294 0.2908121410992617 0.7458823529411764 0.06480721903199343
2 0.7041176470588235 0.36546349466776046 0.16117647058823528 0.017227235438884332
1 0.7111764705882353 0.3888433141919606 0.1988235294117647 0.014766201804757998