0 0.5 0.04491017964071856 0.6423529411764706 0.02245508982035928
0 0.23647058823529413 0.09505988023952096 0.28 0.017964071856287425
2 0.13705882352941176 0.15456586826347304 0.10941176470588235 0.014221556886227544
2 0.11058823529411765 0.18600299401197604 0.08 0.014221556886227544
2 0.15470588235294117 0.21631736526946108 0.14470588235294118 0.011976047904191617
2 0.14823529411764705 0.24962574850299402 0.15529411764705883 0.015718562874251496
3 0.30470588235294116 0.24812874251497005 0.12941176470588237 0.012724550898203593
2 0.13529411764705881 0.281062874251497 0.10588235294117647 0.015718562874251496
3 0.30411764705882355 0.281437125748503 0.20352941176470588 0.016467065868263474
2 0.10941176470588235 0.3218562874251497 0.1011764705882353 0.011976047904191617
5 0.24705882352941178 0.3263473053892216 0.023529411764705882 0.014970059880239521
2 0.29705882352941176 0.32148203592814373 0.052941176470588235 0.01122754491017964
4 0.4235294117647059 0.3263473053892216 0.023529411764705882 0.014970059880239521
2 0.4641176470588235 0.32148203592814373 0.03411764705882353 0.01122754491017964
2 0.6441176470588236 0.4000748502994012 0.1588235294117647 0.015718562874251496
1 0.6523529411764706 0.4214071856287425 0.1988235294117647 0.01347305389221557