0 0.1776470588235294 0.028916929547844375 0.2611764705882353 0.010515247108307046
0 0.6317647058823529 0.031545741324921134 0.6423529411764706 0.015772870662460567
0 0.5 0.06808622502628812 0.3070588235294118 0.015247108307045216
2 0.10882352941176471 0.10436382754994743 0.1 0.011041009463722398
3 0.2782352941176471 0.1046267087276551 0.21058823529411766 0.011566771819137749
2 0.11352941176470588 0.12854889589905363 0.10941176470588235 0.009989484752891693
3 0.25470588235294117 0.12933753943217666 0.14470588235294118 0.011566771819137749
2 0.11647058823529412 0.15115667718191378 0.11529411764705882 0.011041009463722398
2 0.10058823529411764 0.17271293375394323 0.08352941176470588 0.009989484752891693
3 0.20705882352941177 0.17455310199789695 0.1011764705882353 0.013669821240799159
2 0.13117647058823528 0.19584647739221872 0.14470588235294118 0.012092534174553101
3 0.28823529411764703 0.19400630914826497 0.1411764705882353 0.008412197686645636
1 0.1976470588235294 0.2258149316508938 0.2776470588235294 0.012092534174553101
1 0.4 0.26419558359621453 0.6823529411764706 0.04468980021030494
1 0.40058823529411763 0.32097791798107256 0.6835294117647058 0.04468980021030494
1 0.4511764705882353 0.3909043112513144 0.7847058823529411 0.06046267087276551
1 0.4 0.45662460567823343 0.6823529411764706 0.04468980021030494
1 0.1776470588235294 0.5081493165089379 0.2376470588235294 0.012092534174553101
1 0.42823529411764705 0.554416403785489 0.7388235294117647 0.06046267087276551
1 0.4535294117647059 0.6232912723449001 0.7894117647058824 0.04468980021030494
1 0.4052941176470588 0.6842797055730809 0.6929411764705883 0.04468980021030494
1 0.46294117647058824 0.7468454258675079 0.808235294117647 0.04468980021030494
1 0.4194117647058824 0.8004731861198738 0.7211764705882353 0.026813880126182965
2 0.6688235294117647 0.8414826498422713 0.16117647058823528 0.011041009463722398
1 0.6758823529411765 0.8564668769716088 0.1988235294117647 0.00946372239747634