0 0.29573399230736996 0.03072513761637348 0.47445430020222956 0.01659847412536314
0 0.5107614560876753 0.06568426557836335 0.3215211475822243 0.01595079671998792
2 0.20670941361343662 0.10987563392811336 0.2767573561491615 0.013329696604146206
3 0.43554503991563825 0.10987194735798575 0.15318622157615444 0.010861149323465194
2 0.14033643009057903 0.12953722246096994 0.14497546131734787 0.011798985997499352
3 0.2974291919020196 0.1285000920152697 0.14136187839970826 0.00837954895647351
2 0.10926776345962722 0.14886191920482825 0.08375399665865069 0.009594491812855929
3 0.2156905877011189 0.15101504764132878 0.10148448597198304 0.013073714460531793
1 0.19327627493004232 0.17718609166807 0.253168924309638 0.010798274898279496
1 0.4423653667712399 0.21447830263810244 0.7539260011642195 0.04452880916598433
1 0.46568409915621883 0.2705138450964233 0.8033351735491443 0.04473805878925942
2 0.6506746943397949 0.330638921603639 0.16374979956757643 0.009933276917206036
1 0.6562012370424575 0.3450113285389648 0.1990300146541348 0.009596385128207752