0 0.5127966497415636 0.03527583259605126 0.6427773103027947 0.022020285897116226
0 0.19934955696821094 0.073939846372233 0.2369171180424413 0.01864914545579146
2 0.1189975496974455 0.12917782907873163 0.10033007625200925 0.013015928075122448
3 0.3189382443195946 0.1320175126295375 0.27215940001758404 0.01712980130642932
2 0.14820250468838816 0.15815363965306697 0.16038908070469624 0.01577604987322945
3 0.3141015282164608 0.15811715983342467 0.1438553774482341 0.013314501648324942
2 0.10757574584634398 0.1807778755423448 0.08029962970587957 0.011704458402345208
3 0.3122380460285036 0.18306269370716832 0.3015037169409267 0.014982965766792264
2 0.11864413427164976 0.20610574633750217 0.10385915472737883 0.01304013674321993
3 0.24925237304602652 0.20582717983688487 0.12967439317535182 0.010869092535485443
2 0.1385352188853795 0.2314941388029032 0.145064072125726 0.014496858424582214
3 0.29563579761430464 0.2305164218978486 0.14142182050039942 0.010362644485698036
1 0.18407986601857226 0.26528007204259263 0.23799647197712512 0.015134353351149675
1 0.4538079807052479 0.3188087423979733 0.7817856162345435 0.07287163081247101
1 0.4177919258901833 0.40899887600835355 0.7147331252025213 0.0724116661186185
1 0.46334886582989426 0.4850672187321668 0.8095332162519703 0.055450991853879576
1 0.4068050438766521 0.5516263559294668 0.7001317835155131 0.054700523142857074
1 0.1090286255353995 0.5980321756435483 0.10619570611810757 0.012469132245172616
1 0.38426862043861804 0.6436707202645578 0.6601355607946577 0.05442615823775213
1 0.3936394116145691 0.7306486701215151 0.6846328062015148 0.08981616596514491
1 0.396453241218162 0.7993767507287937 0.6920712358080121 0.01824920197969455
2 0.6394807746363926 0.8398026618729545 0.16855892677582127 0.013483962325007367
1 0.6425490767155089 0.8565604634292548 0.19909577078380467 0.011932339951515292