0 0.5 0.03454231433506045 0.6423529411764706 0.017271157167530225
0 0.22764705882352942 0.0745538284398388 0.23647058823529413 0.01669545192861255
2 0.1388235294117647 0.12521588946459414 0.16 0.014392630972941854
3 0.30058823529411766 0.12291306850892343 0.13529411764705881 0.00978698906160046
2 0.0988235294117647 0.14766839378238342 0.08 0.010938399539435808
2 0.11058823529411765 0.17242371905584342 0.10352941176470588 0.012089810017271158
3 0.2411764705882353 0.17127230857800807 0.12941176470588237 0.00978698906160046
2 0.13117647058823528 0.1971790443293034 0.14470588235294118 0.013241220495106506
3 0.28823529411764703 0.19516407599309155 0.1411764705882353 0.009211283822682787
1 0.2023529411764706 0.23028209556706966 0.28705882352941176 0.013816925734024179
1 0.4 0.27202072538860106 0.6823529411764706 0.048934945308002305
1 0.46294117647058824 0.3422567645365573 0.808235294117647 0.048934945308002305
1 0.46294117647058824 0.4067357512953368 0.808235294117647 0.048934945308002305
1 0.3976470588235294 0.47063903281519864 0.6776470588235294 0.048934945308002305
2 0.6723529411764706 0.5356937248128958 0.16823529411764707 0.012089810017271158
1 0.6758823529411765 0.5521013241220495 0.1988235294117647 0.010362694300518135