0 0.5158368763409775 0.03220996286681742 0.6428207945816563 0.02058711480693474
0 0.2358310658033162 0.06615293174965041 0.28746007323528405 0.014876494413254605
2 0.2100019850371351 0.11662059644562829 0.2768912375251232 0.015337965130755587
3 0.44588350512349556 0.11747365966314664 0.16743805849582902 0.012961936319148968
2 0.1433836940045199 0.1381273626489979 0.14510591560568684 0.01334077231505799
3 0.30048733748864986 0.1373550892979825 0.14144993818893545 0.009565088130044
2 0.11207346526367129 0.15934619105020964 0.08386415526249393 0.01076770389504464
3 0.21846790261112434 0.16196948216488516 0.10163610129522296 0.014642549745969012
1 0.20805044514099463 0.1916426035524359 0.2780312867394765 0.014274544669047247
1 0.4090550537536373 0.23218038434998314 0.6838137803438264 0.05033938104170486
1 0.4535609159177419 0.29037772392911876 0.7767439070656794 0.05099219534228146
2 0.7631116659685575 0.35686858008335853 0.26983325321713425 0.015288384297800467
1 0.7155777073253378 0.3707378533207356 0.19912642487448906 0.011041682199712216