0 0.5 0.05181347150259067 0.6423529411764706 0.025906735751295335
0 0.5 0.10924006908462867 0.24941176470588236 0.019861830742659757
2 0.13705882352941176 0.17314335060449051 0.10941176470588235 0.016407599309153715
2 0.14 0.21027633851468047 0.11529411764705882 0.018134715025906734
3 0.27647058823529413 0.20854922279792745 0.12941176470588237 0.01468048359240069
2 0.10705882352941176 0.24654576856649396 0.04941176470588235 0.018134715025906734
3 0.20411764705882354 0.24438687392055267 0.11647058823529412 0.013816925734024179
2 0.11235294117647059 0.2819516407599309 0.08352941176470588 0.016407599309153715
2 0.15470588235294117 0.31994818652849744 0.14470588235294118 0.019861830742659757
3 0.31176470588235294 0.3169257340241796 0.1411764705882353 0.013816925734024179
2 0.6676470588235294 0.39421416234887735 0.1588235294117647 0.018134715025906734
1 0.6758823529411765 0.41882556131260795 0.1988235294117647 0.015544041450777202