0 0.21164117166116692 0.04008416175957561 0.3097963451078464 0.020932812783671463
0 0.5088739679353859 0.08765142820705836 0.20862705793679132 0.020265202308681167
2 0.11663179572074762 0.1358809842871799 0.10028729715143701 0.014339658001118805
3 0.33308000533105503 0.13763506995950742 0.30499266452049545 0.016341824320795787
2 0.1206924742534771 0.16587733499322257 0.10967035581908349 0.013098922211724725
3 0.2906313382686339 0.16927904425589438 0.20270306591607565 0.018272129112091973
2 0.12303062891608658 0.19390778269642572 0.11558032893310814 0.014440575863617328
2 0.0895029971514664 0.22105004202368564 0.049702653565909444 0.014005852763623625
3 0.18658997687879905 0.22006193344318484 0.11668662145978181 0.01119124105263428
2 0.13659292627237918 0.2470955119954464 0.14491991090286702 0.011377550952631543
3 0.2954051793897332 0.24814350518293118 0.14491991090286707 0.011377550952631581
1 0.18816410112675058 0.2835947463323521 0.2497164916011446 0.016628386977997678
1 0.4016210758114051 0.34233639779688146 0.6803875079636343 0.07939244815254284
1 0.41066647961655495 0.4140624139260054 0.7007213406444898 0.04044700789574536
1 0.4094468347344404 0.47073591431460876 0.7007213406444898 0.04044700789574536
1 0.4556605821871674 0.5374951058299064 0.7959526168881382 0.03847012562944993
2 0.6627175225745695 0.5929369635522035 0.15328079048398555 0.01729466724240009
1 0.67352169861848 0.6102733291554121 0.19906175348216226 0.01303748401701956