0 0.5203317573385111 0.03437262933238542 0.2875432748896293 0.014651752756720877
2 0.16642974675513947 0.08186693139940067 0.17926047314252005 0.012222556478179738
3 0.3622767724828349 0.08348516840960953 0.1851417652064149 0.012271152184192027
2 0.13020360557153196 0.10306585119413998 0.10868496837578301 0.01163940800603241
3 0.26316549139651724 0.10314075729140733 0.12976824944387666 0.009767638830456329
2 0.12689035735525317 0.12504858537185312 0.10402461990563096 0.012623888299832738
3 0.24330642633464655 0.12677829799485385 0.1017391308515187 0.014139485305343044
1 0.20034275279497224 0.1540639036646405 0.2533424105571121 0.012323183944629366
1 0.4109928733106729 0.19393825163491152 0.6794239659516358 0.049090891823545466
1 0.4642063796503293 0.25528964392933157 0.7911685151656361 0.05001421023777874
2 0.6855131260649665 0.3205892655622282 0.1792604731425202 0.012222556478179797
1 0.6831119746170644 0.33515752208561905 0.19918983838831664 0.010852746590706256