0 0.5147903468622863 0.04145481639489313 0.2087645765461754 0.01899107478968407
2 0.12222539972594605 0.08288499705555184 0.10039004365117588 0.01333233850508779
3 0.3321878037699636 0.08491853128612885 0.2921483966050763 0.015512903560851317
2 0.12604707564768247 0.11031750240419676 0.10976213733569525 0.0122191060090269
2 0.11053640731476301 0.13520750481909516 0.08035429305483298 0.011975999900084817
3 0.3151861911455471 0.1377927931755238 0.30155890677495223 0.015590697515712787
2 0.11796385752091611 0.16028712999896838 0.09682268585211586 0.012112139321092386
2 0.14123312715337824 0.18668905892859275 0.14512838344344314 0.01489288624160212
3 0.29833824446255686 0.1859029492612293 0.14146498443099162 0.010695120930300811
1 0.2066960266088557 0.21820516645878307 0.27805183959294066 0.015991725854020318
1 0.44467367733955904 0.26365651564423753 0.7580024555314326 0.05687131328619034
1 0.408735794919321 0.31994826897667666 0.6892000095194835 0.03844191034960939
1 0.46027962251462595 0.3817285843174525 0.7961677297311089 0.03694476368431384
2 0.7020670395617975 0.43674217996553777 0.153400996327441 0.0161519824030283
1 0.7127330019575503 0.45261566076165693 0.19914277570683828 0.012362635354749602