0 0.5 0.04878048780487805 0.6423529411764706 0.024390243902439025
0 0.5 0.10528455284552846 0.2541176470588235 0.023577235772357725
2 0.12529411764705883 0.17276422764227642 0.10941176470588235 0.015447154471544716
3 0.3088235294117647 0.17398373983739837 0.22941176470588234 0.01788617886178862
2 0.11058823529411765 0.20691056910569106 0.08 0.015447154471544716
3 0.31529411764705884 0.208130081300813 0.30117647058823527 0.01788617886178862
2 0.14294117647058824 0.23983739837398374 0.14470588235294118 0.013008130081300813
3 0.30176470588235293 0.23983739837398374 0.14470588235294118 0.013008130081300813
2 0.13647058823529412 0.2760162601626016 0.15529411764705883 0.01707317073170732
2 0.13529411764705881 0.3101626016260163 0.10588235294117647 0.01707317073170732
3 0.30411764705882355 0.3105691056910569 0.20352941176470588 0.01788617886178862
2 0.10941176470588235 0.3544715447154472 0.1011764705882353 0.013008130081300813
4 0.24705882352941178 0.359349593495935 0.023529411764705882 0.016260162601626018
2 0.29705882352941176 0.3540650406504065 0.052941176470588235 0.012195121951219513
5 0.4235294117647059 0.359349593495935 0.023529411764705882 0.016260162601626018
2 0.4641176470588235 0.3540650406504065 0.03411764705882353 0.012195121951219513
2 0.7029411764705882 0.4215447154471545 0.1588235294117647 0.01707317073170732
1 0.7111764705882353 0.44471544715447153 0.1988235294117647 0.014634146341463415