0 0.17470588235294118 0.035256410256410256 0.25529411764705884 0.01282051282051282
0 0.6317647058823529 0.038461538461538464 0.6423529411764706 0.019230769230769232
0 0.26294117647058823 0.08333333333333333 0.30470588235294116 0.019230769230769232
2 0.10882352941176471 0.13942307692307693 0.1 0.013461538461538462
3 0.32529411764705884 0.13974358974358975 0.30470588235294116 0.014102564102564103
2 0.11352941176470588 0.16891025641025642 0.10941176470588235 0.01217948717948718
3 0.2323529411764706 0.16955128205128206 0.1 0.013461538461538462
2 0.0988235294117647 0.19583333333333333 0.08 0.01217948717948718
3 0.3035294117647059 0.1967948717948718 0.30117647058823527 0.014102564102564103
2 0.10705882352941176 0.22275641025641027 0.09647058823529411 0.01217948717948718
3 0.2235294117647059 0.2221153846153846 0.10823529411764705 0.010897435897435897
2 0.13117647058823528 0.25096153846153846 0.14470588235294118 0.014743589743589743
3 0.28823529411764703 0.24871794871794872 0.1411764705882353 0.010256410256410256
1 0.18352941176470589 0.2842948717948718 0.24941176470588236 0.014743589743589743
1 0.3947058823529412 0.3310897435897436 0.6717647058823529 0.05448717948717949
1 0.45647058823529413 0.3958333333333333 0.7952941176470588 0.032692307692307694
2 0.6411764705882353 0.4426282051282051 0.15294117647058825 0.016025641025641024
1 0.6523529411764706 0.4596153846153846 0.1988235294117647 0.011538461538461539