0 0.15576822780549665 0.03724643574244022 0.21648447251008118 0.013660915660429904
0 0.6322352520927256 0.040805970008816604 0.6423737119845946 0.020599903977671603
0 0.5004221897422305 0.08797561560306273 0.30707895692231035 0.019805996311976114
2 0.10919636393323852 0.1360756495269879 0.10001460077133721 0.014300468855687355
3 0.3091945886522868 0.13784235280525617 0.27178275712829186 0.017755894247471392
2 0.11387022447619563 0.16732725191574846 0.10942497161289975 0.012944989159486966
3 0.2879854046763722 0.16976445967631518 0.210606297248986 0.017734992079599585
2 0.1008998137183219 0.19585543400433852 0.08354262320242418 0.01293614593461812
2 0.13145741488854676 0.22575718420363344 0.14472186751531446 0.015674438931158913
1 0.19789179385158037 0.26110597598565277 0.2776630207145754 0.015719860949803478
1 0.414899763471972 0.3107725211083303 0.7118237505017461 0.05798774379310956
1 0.3877622844304436 0.38752956682859396 0.6577061129162062 0.05796925341383834
1 0.3982676809719575 0.4683755616643976 0.6788825797975042 0.057976488779640095
1 0.4564243046467691 0.5451617498302518 0.7953294799591772 0.03491846124786336
2 0.6645976086656157 0.6056948435318547 0.1529585524081669 0.01703594809886086
1 0.6757556304249155 0.623701376437071 0.19883602455887373 0.012296190774593927