0 0.1723529411764706 0.02829243865798698 0.25058823529411767 0.011517275913870806
0 0.6317647058823529 0.030045067601402103 0.6423529411764706 0.015022533800701052
0 0.5 0.06484727090635954 0.3070588235294118 0.014521782674011016
2 0.10882352941176471 0.1129193790686029 0.1 0.010515773660490736
3 0.25941176470588234 0.11266900350525788 0.17294117647058824 0.010015022533800702
2 0.1388235294117647 0.13745618427641462 0.16 0.012518778167250876
3 0.31470588235294117 0.13645468202303454 0.1635294117647059 0.010515773660490736
2 0.0988235294117647 0.156985478217326 0.08 0.009514271407110666
3 0.3035294117647059 0.15773660490736105 0.30117647058823527 0.011016524787180772
2 0.11058823529411765 0.1785177766649975 0.10352941176470588 0.010515773660490736
3 0.2411764705882353 0.17751627441161744 0.12941176470588237 0.008512769153730596
2 0.13117647058823528 0.200050075112669 0.14470588235294118 0.011517275913870806
3 0.28823529411764703 0.19829744616925388 0.1411764705882353 0.00801201802704056
1 0.12352941176470589 0.22859288933400101 0.12941176470588237 0.011517275913870806
1 0.43529411764705883 0.26514772158237354 0.7529411764705882 0.04256384576865298
1 0.4 0.32223335002503756 0.6823529411764706 0.04256384576865298
1 0.42470588235294116 0.38382573860791186 0.731764705882353 0.04256384576865298
1 0.43529411764705883 0.4409113670505759 0.7529411764705882 0.04256384576865298
1 0.12352941176470589 0.48397596394591885 0.12941176470588237 0.011517275913870806
1 0.46 0.5205307961942914 0.8023529411764706 0.04256384576865298
1 0.4582352941176471 0.5746119178768152 0.7988235294117647 0.04256384576865298
1 0.4194117647058824 0.628192288432649 0.7211764705882353 0.02553830746119179
2 0.7 0.6647471206810215 0.15294117647058825 0.012518778167250876
1 0.7111764705882353 0.6780170255383074 0.1988235294117647 0.009013520280420632