0 0.22823529411764706 0.05171042163882259 0.3623529411764706 0.02386634844868735
0 0.5 0.10501193317422435 0.28 0.01909307875894988
2 0.13705882352941176 0.16984884645982498 0.10941176470588235 0.015115354017501989
2 0.12823529411764706 0.20405727923627684 0.11529411764705882 0.016706443914081145
3 0.2647058823529412 0.2024661893396977 0.12941176470588237 0.013524264120922832
2 0.08352941176470588 0.23747016706443913 0.04941176470588235 0.016706443914081145
3 0.18058823529411766 0.2354813046937152 0.11647058823529412 0.012728719172633254
2 0.12411764705882353 0.27008750994431185 0.08352941176470588 0.015115354017501989
2 0.13117647058823528 0.3050914876690533 0.14470588235294118 0.018297533810660304
3 0.28823529411764703 0.3023070803500398 0.1411764705882353 0.012728719172633254
2 0.6441176470588236 0.3719172633253779 0.1588235294117647 0.016706443914081145
1 0.6523529411764706 0.39459029435163084 0.1988235294117647 0.014319809069212411