0 0.18646985616721698 0.03620336273732278 0.3240465997902519 0.015658842275728065
0 0.47946605253863234 0.0726102976412652 0.307735365552134 0.01872644757714405
2 0.09505703029090296 0.11746843417857773 0.10987724612998771 0.011343567948970417
3 0.23970196402480778 0.11547006427415021 0.15216813940620164 0.010692808437046305
2 0.09911093656551408 0.14061374878807464 0.11580996210070442 0.012480799773568895
2 0.08429408536413442 0.1628710003184892 0.0840011631194396 0.011082534025096366
3 0.19082951040890272 0.16368353705951388 0.10182520503847663 0.015033182465296245
2 0.11601424704326348 0.18627643620297965 0.14526638989919213 0.013855335165325564
1 0.17453520661816552 0.21642129413767505 0.25935639226388163 0.015006257466042937
1 0.4234244433125101 0.2532731732300391 0.7549597690740654 0.05340471629344195
1 0.3962800514896689 0.31286056158265624 0.6949743039132492 0.05279959219718847
1 0.4022501142739158 0.3758883957060829 0.700855231870192 0.0528589180889781
1 0.4338891080136151 0.43434357217439995 0.7576079296140741 0.035115910970764184
2 0.7065092085908266 0.47526977143084154 0.16873831371318937 0.013014732799674883
1 0.7107757445612709 0.4905943354382948 0.1992414570686306 0.01170636853776723