0 0.5 0.033112582781456956 0.6423529411764706 0.016556291390728478
0 0.5 0.07146799116997793 0.23647058823529413 0.016004415011037526
2 0.1388235294117647 0.1216887417218543 0.16 0.01379690949227373
2 0.0988235294117647 0.14321192052980133 0.08 0.010485651214128035
2 0.11058823529411765 0.16694260485651213 0.10352941176470588 0.011589403973509934
3 0.2411764705882353 0.16583885209713023 0.12941176470588237 0.009381898454746136
2 0.13117647058823528 0.19067328918322296 0.14470588235294118 0.012693156732891833
3 0.28823529411764703 0.18874172185430463 0.1411764705882353 0.008830022075055188
1 0.18823529411764706 0.22213024282560706 0.25882352941176473 0.012693156732891833
1 0.43529411764705883 0.2706953642384106 0.7529411764705882 0.06346578366445917
1 0.43411764705882355 0.34078366445916114 0.7505882352941177 0.04690949227373068
1 0.43411764705882355 0.4031456953642384 0.7505882352941177 0.04690949227373068
1 0.42764705882352944 0.46771523178807944 0.7376470588235294 0.04690949227373068
2 0.6688235294117647 0.5389072847682119 0.16117647058823528 0.011589403973509934
1 0.6758823529411765 0.554635761589404 0.1988235294117647 0.009933774834437087