0 0.1819595774425691 0.027774805111203903 0.2612685343552726 0.010761561451356644
0 0.6360500499641875 0.03114655683657678 0.6424890305284308 0.016581464628531727
0 0.21984383866026497 0.06622377723773462 0.3071928896234679 0.015478712192278633
2 0.11235746776529698 0.11291884554402197 0.10009806194516388 0.010994315415630247
3 0.2629468512673791 0.11292513422321879 0.17303394668079305 0.010606940869843703
2 0.1168467563119992 0.13662602639421617 0.10950033581322707 0.009980419824650456
3 0.2562503432247659 0.1376431182527625 0.14127891060186162 0.011581665913506877
2 0.11958547633103375 0.15878453215326832 0.11539205714207366 0.011021116316425833
3 0.25606438741811016 0.1579932901996672 0.12949076020222786 0.008985078703452224
2 0.10351023313006066 0.1798796637352566 0.08361819009537973 0.009935064454073342
3 0.20996349182714039 0.18186941902971257 0.10129806182386022 0.013572348155903314
2 0.13389108287849152 0.20260181150302006 0.14481300185078153 0.012103044963271295
1 0.11421819391239979 0.23116107454605456 0.10597566004818852 0.010489429227893874
1 0.45504120614580884 0.2701409106691131 0.7886291412903064 0.0451727864476819
1 0.4597750601153399 0.33145830085796985 0.7992172918112439 0.04519134091746344
1 0.38514015485530523 0.38799978448492983 0.6509831845181182 0.044931578340521666
1 0.43759130229816506 0.4416727563902449 0.7567046265015115 0.027600519337204022
2 0.70782429052102 0.480786493161345 0.16833280974676132 0.011113888665333575
1 0.7112195033826907 0.4954757134399671 0.19890667691475916 0.009621907787412984