0 0.5 0.049248747913188645 0.6423529411764706 0.015025041736227046
0 0.5 0.11602671118530884 0.2647058823529412 0.015025041736227046
2 0.11352941176470588 0.1898998330550918 0.10941176470588235 0.012520868113522538
2 0.08294117647058824 0.2337228714524207 0.04823529411764706 0.01669449081803005
3 0.1476470588235294 0.23205342237061768 0.04588235294117647 0.01335559265442404
2 0.4447058823529412 0.23163606010016694 0.06352941176470588 0.012520868113522538
3 0.5141176470588236 0.23247078464106843 0.04 0.014190317195325543
2 0.08294117647058824 0.27545909849749584 0.04823529411764706 0.01669449081803005
2 0.08294117647058824 0.31719532554257096 0.04823529411764706 0.01669449081803005
2 0.10882352941176471 0.3739565943238731 0.1 0.01335559265442404
4 0.24705882352941178 0.3797996661101836 0.023529411764705882 0.01669449081803005
2 0.29705882352941176 0.3735392320534224 0.052941176470588235 0.012520868113522538
5 0.4235294117647059 0.3797996661101836 0.023529411764705882 0.01669449081803005
2 0.46352941176470586 0.3735392320534224 0.03294117647058824 0.012520868113522538
1 0.2605882352941176 0.4248747913188648 0.40352941176470586 0.015025041736227046
2 0.6670588235294118 0.46786310517529217 0.15764705882352942 0.017529215358931552
1 0.6758823529411765 0.48747913188647746 0.1988235294117647 0.015025041736227046