0 0.5 0.057337220602526724 0.6423529411764706 0.01749271137026239
0 0.5 0.13508260447035958 0.30470588235294116 0.01749271137026239
2 0.10058823529411764 0.22157434402332363 0.08352941176470588 0.015549076773566569
2 0.09058823529411765 0.2696793002915452 0.06352941176470588 0.014577259475218658
2 0.4823529411764706 0.272108843537415 0.10823529411764705 0.019436345966958212
3 0.5770588235294117 0.271622934888241 0.04588235294117647 0.0184645286686103
2 0.10058823529411764 0.31875607385811466 0.08352941176470588 0.015549076773566569
2 0.11352941176470588 0.36686103012633625 0.10941176470588235 0.014577259475218658
3 0.28411764705882353 0.37026239067055394 0.19647058823529412 0.021379980563654033
2 0.09058823529411765 0.41545189504373176 0.06352941176470588 0.014577259475218658
2 0.10882352941176471 0.4839650145772595 0.1 0.015549076773566569
5 0.24705882352941178 0.49076773566569487 0.023529411764705882 0.019436345966958212
2 0.29705882352941176 0.4834791059280855 0.052941176470588235 0.014577259475218658
4 0.4235294117647059 0.49076773566569487 0.023529411764705882 0.019436345966958212
2 0.46352941176470586 0.4834791059280855 0.03294117647058824 0.014577259475218658
1 0.2605882352941176 0.543245869776482 0.40352941176470586 0.01749271137026239
2 0.6670588235294118 0.5932944606413995 0.15764705882352942 0.02040816326530612
1 0.6758823529411765 0.6161321671525753 0.1988235294117647 0.01749271137026239