0 0.5 0.05086206896551724 0.6423529411764706 0.015517241379310345
0 0.5 0.11939655172413793 0.23294117647058823 0.014655172413793103
2 0.09294117647058824 0.19870689655172413 0.06823529411764706 0.01810344827586207
2 0.10058823529411764 0.2396551724137931 0.08352941176470588 0.013793103448275862
2 0.11352941176470588 0.2823275862068966 0.10941176470588235 0.01293103448275862
2 0.1411764705882353 0.3280172413793103 0.16470588235294117 0.01810344827586207
2 0.10058823529411764 0.3689655172413793 0.08352941176470588 0.013793103448275862
2 0.10882352941176471 0.42931034482758623 0.1 0.013793103448275862
4 0.24705882352941178 0.4353448275862069 0.023529411764705882 0.017241379310344827
2 0.29705882352941176 0.42887931034482757 0.052941176470588235 0.01293103448275862
4 0.4235294117647059 0.4353448275862069 0.023529411764705882 0.017241379310344827
2 0.46352941176470586 0.42887931034482757 0.03294117647058824 0.01293103448275862
1 0.2605882352941176 0.4818965517241379 0.40352941176470586 0.015517241379310345
2 0.6670588235294118 0.5262931034482758 0.15764705882352942 0.01810344827586207
1 0.6758823529411765 0.5465517241379311 0.1988235294117647 0.015517241379310345