0 0.5 0.05519176800748363 0.6423529411764706 0.01683816651075772
0 0.5 0.13002806361085126 0.28352941176470586 0.01683816651075772
2 0.10058823529411764 0.21328344246959777 0.08352941176470588 0.014967259120673527
3 0.17647058823529413 0.21328344246959777 0.03294117647058824 0.014967259120673527
2 0.09294117647058824 0.2623947614593078 0.06823529411764706 0.019644527595884004
3 0.16176470588235295 0.2600561272217025 0.03411764705882353 0.014967259120673527
2 0.11352941176470588 0.30636108512628624 0.10941176470588235 0.01403180542563143
3 0.2529411764705882 0.30729653882132835 0.13411764705882354 0.015902712815715623
2 0.10529411764705883 0.35547240411599623 0.09294117647058824 0.018709073900841908
3 0.19058823529411764 0.3540692235734331 0.042352941176470586 0.015902712815715623
2 0.1411764705882353 0.40271281571562206 0.16470588235294117 0.019644527595884004
3 0.2647058823529412 0.4008419083255379 0.047058823529411764 0.015902712815715623
2 0.611764705882353 0.40271281571562206 0.16470588235294117 0.019644527595884004
3 0.7341176470588235 0.40271281571562206 0.04470588235294118 0.019644527595884004
2 0.11294117647058824 0.4490177736202058 0.10823529411764705 0.018709073900841908
3 0.20411764705882354 0.4490177736202058 0.03882352941176471 0.018709073900841908
2 0.5552941176470588 0.44948550046772684 0.16470588235294117 0.019644527595884004
3 0.6905882352941176 0.44948550046772684 0.07058823529411765 0.019644527595884004
2 0.10882352941176471 0.5126286248830683 0.1 0.014967259120673527
5 0.24705882352941178 0.5191768007483629 0.023529411764705882 0.018709073900841908
2 0.29705882352941176 0.5121608980355472 0.052941176470588235 0.01403180542563143
4 0.4235294117647059 0.5191768007483629 0.023529411764705882 0.018709073900841908
2 0.46352941176470586 0.5121608980355472 0.03294117647058824 0.01403180542563143
1 0.2605882352941176 0.5696913002806361 0.40352941176470586 0.01683816651075772
2 0.6670588235294118 0.617867165575304 0.15764705882352942 0.019644527595884004
1 0.6758823529411765 0.6398503274087932 0.1988235294117647 0.01683816651075772