0 0.5 0.051982378854625554 0.6423529411764706 0.015859030837004406
0 0.5 0.12246696035242291 0.28352941176470586 0.015859030837004406
2 0.1411764705882353 0.20308370044052865 0.16470588235294117 0.018502202643171806
2 0.08294117647058824 0.24669603524229075 0.04823529411764706 0.01762114537444934
2 0.10058823529411764 0.2889867841409692 0.08352941176470588 0.014096916299559472
2 0.11294117647058824 0.33480176211453744 0.10823529411764705 0.01762114537444934
2 0.5270588235294118 0.33480176211453744 0.10823529411764705 0.01762114537444934
2 0.10882352941176471 0.3947136563876652 0.1 0.014096916299559472
4 0.24705882352941178 0.4008810572687225 0.023529411764705882 0.01762114537444934
2 0.29705882352941176 0.394273127753304 0.052941176470588235 0.013215859030837005
4 0.4235294117647059 0.4008810572687225 0.023529411764705882 0.01762114537444934
2 0.46352941176470586 0.394273127753304 0.03294117647058824 0.013215859030837005
1 0.2605882352941176 0.4484581497797357 0.40352941176470586 0.015859030837004406
2 0.6670588235294118 0.49383259911894273 0.15764705882352942 0.018502202643171806
1 0.6758823529411765 0.5145374449339207 0.1988235294117647 0.015859030837004406