0 0.5 0.05324909747292419 0.6423529411764706 0.016245487364620937
0 0.5 0.12545126353790614 0.2647058823529412 0.016245487364620937
2 0.09294117647058824 0.20803249097472923 0.06823529411764706 0.01895306859205776
3 0.16176470588235295 0.20712996389891697 0.03411764705882353 0.017148014440433214
2 0.4647058823529412 0.20532490974729242 0.06352941176470588 0.013537906137184115
3 0.5388235294117647 0.20577617328519857 0.04941176470588235 0.01444043321299639
2 0.09294117647058824 0.25315884476534295 0.06823529411764706 0.01895306859205776
3 0.17941176470588235 0.25315884476534295 0.06941176470588235 0.01895306859205776
2 0.09294117647058824 0.2982851985559567 0.06823529411764706 0.01895306859205776
3 0.1676470588235294 0.296028880866426 0.04588235294117647 0.01444043321299639
2 0.46705882352941175 0.2982851985559567 0.06823529411764706 0.01895306859205776
3 0.5488235294117647 0.2973826714801444 0.06 0.017148014440433214
2 0.11352941176470588 0.3407039711191336 0.10941176470588235 0.013537906137184115
3 0.2676470588235294 0.34386281588447654 0.1635294117647059 0.019855595667870037
2 0.11352941176470588 0.3858303249097473 0.10941176470588235 0.013537906137184115
3 0.2576470588235294 0.3907942238267148 0.14352941176470588 0.023465703971119134
2 0.10058823529411764 0.4314079422382672 0.08352941176470588 0.01444043321299639
3 0.18352941176470589 0.43276173285198555 0.047058823529411764 0.017148014440433214
2 0.10882352941176471 0.49458483754512633 0.1 0.01444043321299639
5 0.24705882352941178 0.5009025270758123 0.023529411764705882 0.018050541516245487
2 0.29705882352941176 0.49413357400722024 0.052941176470588235 0.013537906137184115
4 0.4235294117647059 0.5009025270758123 0.023529411764705882 0.018050541516245487
2 0.46352941176470586 0.49413357400722024 0.03294117647058824 0.013537906137184115
1 0.2605882352941176 0.5496389891696751 0.40352941176470586 0.016245487364620937
2 0.6670588235294118 0.5961191335740073 0.15764705882352942 0.01895306859205776
1 0.6758823529411765 0.6173285198555957 0.1988235294117647 0.016245487364620937