0 0.5 0.056137012369172214 0.6423529411764706 0.017126546146527116
0 0.5 0.131779257849667 0.24941176470588236 0.016175071360608945
2 0.09294117647058824 0.2193149381541389 0.06823529411764706 0.019980970504281638
3 0.16705882352941176 0.21693625118934348 0.04470588235294118 0.015223596574690771
2 0.48705882352941177 0.21883920076117983 0.10823529411764705 0.019029495718363463
3 0.5729411764705883 0.21693625118934348 0.02823529411764706 0.015223596574690771
2 0.11294117647058824 0.2664129400570885 0.10823529411764705 0.019029495718363463
3 0.20529411764705882 0.26498572787821123 0.041176470588235294 0.016175071360608945
2 0.09294117647058824 0.3144624167459562 0.06823529411764706 0.019980970504281638
3 0.16117647058823528 0.3120837297811608 0.03294117647058824 0.015223596574690771
2 0.10529411764705883 0.3615604186489058 0.09294117647058824 0.019029495718363463
3 0.1952941176470588 0.36013320647002856 0.05176470588235294 0.016175071360608945
2 0.09294117647058824 0.40960989533777353 0.06823529411764706 0.019980970504281638
3 0.16823529411764707 0.40960989533777353 0.047058823529411764 0.019980970504281638
2 0.10882352941176471 0.4738344433872502 0.1 0.015223596574690771
5 0.24705882352941178 0.4804947668886774 0.023529411764705882 0.019029495718363463
2 0.29705882352941176 0.47335870599429114 0.052941176470588235 0.014272121788772598
4 0.4235294117647059 0.4804947668886774 0.023529411764705882 0.019029495718363463
2 0.46352941176470586 0.47335870599429114 0.03294117647058824 0.014272121788772598
1 0.2605882352941176 0.5318744053282588 0.40352941176470586 0.017126546146527116
2 0.6670588235294118 0.5808753568030447 0.15764705882352942 0.019980970504281638
1 0.6758823529411765 0.6032350142721218 0.1988235294117647 0.017126546146527116