0 0.5 0.05744888023369036 0.6423529411764706 0.017526777020447908
0 0.5 0.13534566699123662 0.2647058823529412 0.017526777020447908
2 0.09058823529411765 0.22151898734177214 0.06352941176470588 0.014605647517039922
3 0.1711764705882353 0.22444011684518014 0.06235294117647059 0.02044790652385589
2 0.11352941176470588 0.27020447906523853 0.10941176470588235 0.014605647517039922
3 0.27176470588235296 0.2736124634858812 0.17176470588235293 0.021421616358325218
2 0.09294117647058824 0.32181110029211296 0.06823529411764706 0.02044790652385589
3 0.1652941176470588 0.3198636806231743 0.041176470588235294 0.016553067185978577
2 0.11352941176470588 0.3675754625121714 0.10941176470588235 0.014605647517039922
3 0.23941176470588235 0.3704965920155794 0.10705882352941176 0.02044790652385589
2 0.09058823529411765 0.4162609542356378 0.06352941176470588 0.014605647517039922
3 0.15529411764705883 0.41674780915287246 0.03058823529411765 0.01557935735150925
2 0.10882352941176471 0.48490749756572543 0.1 0.01557935735150925
5 0.24705882352941178 0.4917234664070107 0.023529411764705882 0.019474196689386564
2 0.29705882352941176 0.4844206426484908 0.052941176470588235 0.014605647517039922
4 0.4235294117647059 0.4917234664070107 0.023529411764705882 0.019474196689386564
2 0.46352941176470586 0.4844206426484908 0.03294117647058824 0.014605647517039922
1 0.2605882352941176 0.5443037974683544 0.40352941176470586 0.017526777020447908
2 0.6670588235294118 0.5944498539435248 0.15764705882352942 0.02044790652385589
1 0.6758823529411765 0.617332035053554 0.1988235294117647 0.017526777020447908