0 0.5 0.05656759348034516 0.6423529411764706 0.01725790987535954
0 0.5 0.1332694151486098 0.30470588235294116 0.01725790987535954
2 0.10529411764705883 0.22051773729626079 0.09294117647058824 0.019175455417066157
3 0.20470588235294118 0.22099712368168745 0.07058823529411765 0.020134228187919462
2 0.08294117647058824 0.2684563758389262 0.04823529411764706 0.019175455417066157
3 0.15058823529411763 0.2670182166826462 0.05176470588235294 0.016299137104506232
2 0.4676470588235294 0.2660594439117929 0.10941176470588235 0.014381591562799617
3 0.6341176470588236 0.2694151486097795 0.18823529411764706 0.02109300095877277
2 0.08294117647058824 0.31639501438159157 0.04823529411764706 0.019175455417066157
3 0.1411764705882353 0.3144774688398849 0.03294117647058824 0.015340364333652923
2 0.10529411764705883 0.36433365292425696 0.09294117647058824 0.019175455417066157
3 0.2088235294117647 0.3652924256951103 0.07882352941176471 0.02109300095877277
2 0.49941176470588233 0.3624161073825503 0.08352941176470588 0.015340364333652923
3 0.5823529411764706 0.3624161073825503 0.047058823529411764 0.015340364333652923
2 0.10882352941176471 0.42953020134228187 0.1 0.015340364333652923
5 0.24705882352941178 0.436241610738255 0.023529411764705882 0.019175455417066157
2 0.29705882352941176 0.4290508149568552 0.052941176470588235 0.014381591562799617
4 0.4235294117647059 0.436241610738255 0.023529411764705882 0.019175455417066157
2 0.46352941176470586 0.4290508149568552 0.03294117647058824 0.014381591562799617
1 0.2605882352941176 0.48801534036433364 0.40352941176470586 0.01725790987535954
2 0.6670588235294118 0.537392138063279 0.15764705882352942 0.020134228187919462
1 0.6758823529411765 0.5599232981783318 0.1988235294117647 0.01725790987535954