0 0.5 0.049413735343383586 0.6423529411764706 0.01507537688442211
0 0.5 0.1159966499162479 0.23294117647058823 0.01423785594639866
2 0.1411764705882353 0.19304857621440535 0.16470588235294117 0.017587939698492462
3 0.27941176470588236 0.1934673366834171 0.07647058823529412 0.018425460636515914
2 0.11352941176470588 0.23241206030150754 0.10941176470588235 0.01256281407035176
3 0.2641176470588235 0.23492462311557788 0.1564705882352941 0.017587939698492462
2 0.08294117647058824 0.27638190954773867 0.04823529411764706 0.01675041876046901
3 0.14411764705882352 0.27638190954773867 0.03882352941176471 0.01675041876046901
2 0.10058823529411764 0.3165829145728643 0.08352941176470588 0.01340033500837521
3 0.18176470588235294 0.31700167504187604 0.04352941176470588 0.01423785594639866
2 0.10882352941176471 0.37520938023450584 0.1 0.01340033500837521
5 0.24705882352941178 0.38107202680067004 0.023529411764705882 0.01675041876046901
2 0.29705882352941176 0.37479061976549416 0.052941176470588235 0.01256281407035176
4 0.4235294117647059 0.38107202680067004 0.023529411764705882 0.01675041876046901
2 0.46352941176470586 0.37479061976549416 0.03294117647058824 0.01256281407035176
1 0.2605882352941176 0.42629815745393634 0.40352941176470586 0.01507537688442211
2 0.6670588235294118 0.4694304857621441 0.15764705882352942 0.017587939698492462
1 0.6758823529411765 0.48911222780569513 0.1988235294117647 0.01507537688442211