0 0.5 0.04933110367892977 0.6423529411764706 0.015050167224080268
0 0.5 0.11580267558528429 0.24941176470588236 0.014214046822742474
2 0.10529411764705883 0.19230769230769232 0.09294117647058824 0.016722408026755852
2 0.5117647058823529 0.19230769230769232 0.10823529411764705 0.016722408026755852
2 0.09058823529411765 0.23202341137123747 0.06352941176470588 0.01254180602006689
3 0.16176470588235295 0.23285953177257526 0.04352941176470588 0.014214046822742474
2 0.47 0.23244147157190637 0.08352941176470588 0.013377926421404682
3 0.5529411764705883 0.23369565217391305 0.047058823529411764 0.01588628762541806
2 0.09294117647058824 0.2763377926421405 0.06823529411764706 0.017558528428093644
2 0.10058823529411764 0.31605351170568563 0.08352941176470588 0.013377926421404682
2 0.10882352941176471 0.3745819397993311 0.1 0.013377926421404682
5 0.24705882352941178 0.3804347826086957 0.023529411764705882 0.016722408026755852
2 0.29705882352941176 0.3741638795986622 0.052941176470588235 0.01254180602006689
4 0.4235294117647059 0.3804347826086957 0.023529411764705882 0.016722408026755852
2 0.46352941176470586 0.3741638795986622 0.03294117647058824 0.01254180602006689
1 0.2605882352941176 0.42558528428093645 0.40352941176470586 0.015050167224080268
2 0.6670588235294118 0.46864548494983277 0.15764705882352942 0.017558528428093644
1 0.6758823529411765 0.4882943143812709 0.1988235294117647 0.015050167224080268