0 0.5 0.05353901996370236 0.6423529411764706 0.016333938294010888
0 0.5 0.12613430127041741 0.30470588235294116 0.016333938294010888
2 0.09058823529411765 0.20644283121597096 0.06352941176470588 0.013611615245009074
2 0.4823529411764706 0.20871143375680581 0.10823529411764705 0.018148820326678767
2 0.08294117647058824 0.2540834845735027 0.04823529411764706 0.018148820326678767
2 0.09294117647058824 0.2999092558983666 0.06823529411764706 0.019056261343012703
2 0.46705882352941175 0.2999092558983666 0.06823529411764706 0.019056261343012703
2 0.1411764705882353 0.3452813067150635 0.16470588235294117 0.019056261343012703
2 0.5635294117647058 0.3452813067150635 0.06823529411764706 0.019056261343012703
2 0.10882352941176471 0.40653357531760437 0.1 0.014519056261343012
4 0.24705882352941178 0.4128856624319419 0.023529411764705882 0.018148820326678767
2 0.29705882352941176 0.40607985480943737 0.052941176470588235 0.013611615245009074
4 0.4235294117647059 0.4128856624319419 0.023529411764705882 0.018148820326678767
2 0.46352941176470586 0.40607985480943737 0.03294117647058824 0.013611615245009074
1 0.2605882352941176 0.4618874773139746 0.40352941176470586 0.016333938294010888
2 0.6670588235294118 0.5086206896551724 0.15764705882352942 0.019056261343012703
1 0.6758823529411765 0.52994555353902 0.1988235294117647 0.016333938294010888