0 0.5 0.05812807881773399 0.6423529411764706 0.017733990147783252
0 0.5 0.13645320197044336 0.24941176470588236 0.016748768472906402
2 0.1411764705882353 0.2270935960591133 0.16470588235294117 0.020689655172413793
3 0.25588235294117645 0.2270935960591133 0.029411764705882353 0.020689655172413793
2 0.08294117647058824 0.27586206896551724 0.04823529411764706 0.019704433497536946
3 0.14176470588235293 0.2738916256157635 0.03411764705882353 0.015763546798029555
2 0.08294117647058824 0.3251231527093596 0.04823529411764706 0.019704433497536946
3 0.1476470588235294 0.32315270935960594 0.04588235294117647 0.015763546798029555
2 0.1411764705882353 0.3748768472906404 0.16470588235294117 0.020689655172413793
3 0.2635294117647059 0.3729064039408867 0.04470588235294118 0.016748768472906402
2 0.5635294117647058 0.3748768472906404 0.06823529411764706 0.020689655172413793
3 0.65 0.3748768472906404 0.06941176470588235 0.020689655172413793
2 0.10882352941176471 0.4413793103448276 0.1 0.015763546798029555
4 0.24705882352941178 0.4482758620689655 0.023529411764705882 0.019704433497536946
2 0.29705882352941176 0.4408866995073892 0.052941176470588235 0.014778325123152709
5 0.4235294117647059 0.4482758620689655 0.023529411764705882 0.019704433497536946
2 0.46352941176470586 0.4408866995073892 0.03294117647058824 0.014778325123152709
1 0.2605882352941176 0.5014778325123153 0.40352941176470586 0.017733990147783252
2 0.6670588235294118 0.5522167487684729 0.15764705882352942 0.020689655172413793
1 0.6758823529411765 0.5753694581280788 0.1988235294117647 0.017733990147783252