0 0.5 0.05038428693424424 0.6423529411764706 0.015371477369769428
0 0.5 0.11827497865072588 0.24941176470588236 0.014517506404782237
2 0.11294117647058824 0.1964133219470538 0.10823529411764705 0.017079419299743808
3 0.2011764705882353 0.19470538001707943 0.03294117647058824 0.013663535439795047
2 0.09058823529411765 0.23697694278394535 0.06352941176470588 0.012809564474807857
2 0.09058823529411765 0.27967549103330486 0.06352941176470588 0.012809564474807857
2 0.10529411764705883 0.32450896669513235 0.09294117647058824 0.017079419299743808
2 0.4894117647058824 0.3223740392826644 0.06352941176470588 0.012809564474807857
2 0.10529411764705883 0.3672075149444919 0.09294117647058824 0.017079419299743808
2 0.54 0.3676345004269855 0.16470588235294117 0.017933390264730998
2 0.10882352941176471 0.4252775405636208 0.1 0.013663535439795047
5 0.24705882352941178 0.43125533731853116 0.023529411764705882 0.017079419299743808
2 0.29705882352941176 0.42485055508112723 0.052941176470588235 0.012809564474807857
4 0.4235294117647059 0.43125533731853116 0.023529411764705882 0.017079419299743808
2 0.46352941176470586 0.42485055508112723 0.03294117647058824 0.012809564474807857
1 0.2605882352941176 0.47736976942783943 0.40352941176470586 0.015371477369769428
2 0.6670588235294118 0.5213492741246798 0.15764705882352942 0.017933390264730998
1 0.6758823529411765 0.5414175918018788 0.1988235294117647 0.015371477369769428