0 0.5 0.049663299663299666 0.6423529411764706 0.015151515151515152
0 0.5 0.11658249158249158 0.23294117647058823 0.01430976430976431
2 0.11294117647058824 0.1936026936026936 0.10823529411764705 0.016835016835016835
2 0.10058823529411764 0.234006734006734 0.08352941176470588 0.013468013468013467
3 0.18 0.23442760942760943 0.04 0.01430976430976431
2 0.09058823529411765 0.2756734006734007 0.06352941176470588 0.012626262626262626
3 0.16941176470588235 0.2765151515151515 0.058823529411764705 0.01430976430976431
2 0.11294117647058824 0.31986531986531985 0.10823529411764705 0.016835016835016835
3 0.20411764705882354 0.31986531986531985 0.03882352941176471 0.016835016835016835
2 0.5147058823529411 0.3181818181818182 0.08352941176470588 0.013468013468013467
2 0.09294117647058824 0.36237373737373735 0.06823529411764706 0.017676767676767676
2 0.11294117647058824 0.40404040404040403 0.10823529411764705 0.016835016835016835
2 0.10882352941176471 0.4612794612794613 0.1 0.013468013468013467
5 0.24705882352941178 0.4671717171717172 0.023529411764705882 0.016835016835016835
2 0.29705882352941176 0.46085858585858586 0.052941176470588235 0.012626262626262626
4 0.4235294117647059 0.4671717171717172 0.023529411764705882 0.016835016835016835
2 0.46352941176470586 0.46085858585858586 0.03294117647058824 0.012626262626262626
1 0.2605882352941176 0.5126262626262627 0.40352941176470586 0.015151515151515152
2 0.6670588235294118 0.555976430976431 0.15764705882352942 0.017676767676767676
1 0.6758823529411765 0.5757575757575758 0.1988235294117647 0.015151515151515152