0 0.5 0.056676272814601344 0.6423529411764706 0.01729106628242075
0 0.5 0.13304514889529298 0.24941176470588236 0.01633045148895293
2 0.11294117647058824 0.22094140249759847 0.10823529411764705 0.01921229586935639
3 0.20411764705882354 0.22094140249759847 0.03882352941176471 0.01921229586935639
2 0.5270588235294118 0.22094140249759847 0.10823529411764705 0.01921229586935639
3 0.6370588235294118 0.2219020172910663 0.07647058823529412 0.021133525456292025
2 0.11294117647058824 0.2689721421709894 0.10823529411764705 0.01921229586935639
3 0.2076470588235294 0.26849183477425553 0.04588235294117647 0.01825168107588857
2 0.5270588235294118 0.2689721421709894 0.10823529411764705 0.01921229586935639
3 0.6223529411764706 0.2670509125840538 0.047058823529411764 0.01536983669548511
2 0.10529411764705883 0.3170028818443804 0.09294117647058824 0.01921229586935639
3 0.1923529411764706 0.3150816522574448 0.04588235294117647 0.01536983669548511
2 0.49176470588235294 0.3174831892411143 0.06823529411764706 0.020172910662824207
3 0.5729411764705883 0.31556195965417866 0.058823529411764705 0.01633045148895293
2 0.10058823529411764 0.3631123919308357 0.08352941176470588 0.01536983669548511
3 0.18352941176470589 0.3655139289145053 0.047058823529411764 0.020172910662824207
2 0.08294117647058824 0.41306436119116235 0.04823529411764706 0.01921229586935639
3 0.15235294117647058 0.41354466858789624 0.05529411764705883 0.020172910662824207
2 0.4676470588235294 0.4106628242074928 0.10941176470588235 0.01440922190201729
3 0.6035294117647059 0.4140249759846302 0.12705882352941175 0.021133525456292025
2 0.10882352941176471 0.4783861671469741 0.1 0.01536983669548511
5 0.24705882352941178 0.4851104707012488 0.023529411764705882 0.01921229586935639
2 0.29705882352941176 0.47790585975024014 0.052941176470588235 0.01440922190201729
4 0.4235294117647059 0.4851104707012488 0.023529411764705882 0.01921229586935639
2 0.46352941176470586 0.47790585975024014 0.03294117647058824 0.01440922190201729
1 0.2605882352941176 0.5369836695485111 0.40352941176470586 0.01729106628242075
2 0.6670588235294118 0.5864553314121037 0.15764705882352942 0.020172910662824207
1 0.6758823529411765 0.6090297790585975 0.1988235294117647 0.01729106628242075