0 0.5 0.051618547681539804 0.6423529411764706 0.015748031496062992
0 0.5 0.12117235345581802 0.23294117647058823 0.014873140857392825
2 0.08294117647058824 0.20122484689413822 0.04823529411764706 0.017497812773403325
2 0.4370588235294118 0.20122484689413822 0.04823529411764706 0.017497812773403325
2 0.08294117647058824 0.24496937882764655 0.04823529411764706 0.017497812773403325
2 0.1411764705882353 0.2891513560804899 0.16470588235294117 0.01837270341207349
2 0.5711764705882353 0.2869641294838145 0.08352941176470588 0.01399825021872266
2 0.10058823529411764 0.33070866141732286 0.08352941176470588 0.01399825021872266
2 0.11294117647058824 0.3762029746281715 0.10823529411764705 0.017497812773403325
2 0.5552941176470588 0.3766404199475066 0.16470588235294117 0.01837270341207349
2 0.10882352941176471 0.4356955380577428 0.1 0.01399825021872266
4 0.24705882352941178 0.44181977252843396 0.023529411764705882 0.017497812773403325
2 0.29705882352941176 0.4352580927384077 0.052941176470588235 0.013123359580052493
4 0.4235294117647059 0.44181977252843396 0.023529411764705882 0.017497812773403325
2 0.46352941176470586 0.4352580927384077 0.03294117647058824 0.013123359580052493
1 0.2605882352941176 0.4890638670166229 0.40352941176470586 0.015748031496062992
2 0.6670588235294118 0.5341207349081365 0.15764705882352942 0.01837270341207349
1 0.6758823529411765 0.5546806649168854 0.1988235294117647 0.015748031496062992