0 0.5 0.05344202898550725 0.6423529411764706 0.016304347826086956
0 0.5 0.12590579710144928 0.2647058823529412 0.016304347826086956
2 0.10529411764705883 0.20833333333333334 0.09294117647058824 0.018115942028985508
2 0.5117647058823529 0.20833333333333334 0.10823529411764705 0.018115942028985508
3 0.6147058823529412 0.20878623188405798 0.06235294117647059 0.019021739130434784
2 0.09294117647058824 0.25407608695652173 0.06823529411764706 0.019021739130434784
2 0.09294117647058824 0.29936594202898553 0.06823529411764706 0.019021739130434784
2 0.10058823529411764 0.3423913043478261 0.08352941176470588 0.014492753623188406
2 0.09058823529411765 0.38722826086956524 0.06352941176470588 0.01358695652173913
3 0.17823529411764705 0.3903985507246377 0.07647058823529412 0.019927536231884056
2 0.10529411764705883 0.43478260869565216 0.09294117647058824 0.018115942028985508
2 0.10882352941176471 0.4963768115942029 0.1 0.014492753623188406
5 0.24705882352941178 0.5027173913043478 0.023529411764705882 0.018115942028985508
2 0.29705882352941176 0.49592391304347827 0.052941176470588235 0.01358695652173913
4 0.4235294117647059 0.5027173913043478 0.023529411764705882 0.018115942028985508
2 0.46352941176470586 0.49592391304347827 0.03294117647058824 0.01358695652173913
1 0.2605882352941176 0.5516304347826086 0.40352941176470586 0.016304347826086956
2 0.6670588235294118 0.5982789855072463 0.15764705882352942 0.019021739130434784
1 0.6758823529411765 0.6195652173913043 0.1988235294117647 0.016304347826086956