0 0.5 0.05493482309124767 0.6423529411764706 0.01675977653631285
0 0.5 0.12895716945996274 0.24941176470588236 0.015828677839851025
2 0.11352941176470588 0.2118249534450652 0.10941176470588235 0.013966480446927373
3 0.2776470588235294 0.2169459962756052 0.18352941176470589 0.024208566108007448
2 0.1411764705882353 0.2611731843575419 0.16470588235294117 0.019553072625698324
3 0.2723529411764706 0.2611731843575419 0.06235294117647059 0.019553072625698324
2 0.11294117647058824 0.30726256983240224 0.10823529411764705 0.0186219739292365
2 0.5552941176470588 0.30772811918063314 0.16470588235294117 0.019553072625698324
2 0.10529411764705883 0.3538175046554935 0.09294117647058824 0.0186219739292365
2 0.10882352941176471 0.4171322160148976 0.1 0.0148975791433892
5 0.24705882352941178 0.4236499068901304 0.023529411764705882 0.0186219739292365
2 0.29705882352941176 0.4166666666666667 0.052941176470588235 0.013966480446927373
4 0.4235294117647059 0.4236499068901304 0.023529411764705882 0.0186219739292365
2 0.46352941176470586 0.4166666666666667 0.03294117647058824 0.013966480446927373
1 0.2605882352941176 0.47392923649906893 0.40352941176470586 0.01675977653631285
2 0.6670588235294118 0.5218808193668529 0.15764705882352942 0.019553072625698324
1 0.6758823529411765 0.5437616387337058 0.1988235294117647 0.01675977653631285