0 0.5 0.0500848896434635 0.6423529411764706 0.015280135823429542
0 0.5 0.11799660441426146 0.2647058823529412 0.015280135823429542
2 0.10058823529411764 0.1935483870967742 0.08352941176470588 0.013582342954159592
2 0.11352941176470588 0.23556876061120544 0.10941176470588235 0.012733446519524618
3 0.2564705882352941 0.23853989813242785 0.1411764705882353 0.01867572156196944
2 0.1411764705882353 0.2805602716468591 0.16470588235294117 0.017826825127334467
2 0.1411764705882353 0.32300509337860783 0.16470588235294117 0.017826825127334467
2 0.611764705882353 0.32300509337860783 0.16470588235294117 0.017826825127334467
2 0.08294117647058824 0.36502546689303905 0.04823529411764706 0.01697792869269949
3 0.15529411764705883 0.3654499151103565 0.0611764705882353 0.017826825127334467
2 0.10882352941176471 0.4227504244482173 0.1 0.013582342954159592
5 0.24705882352941178 0.42869269949066213 0.023529411764705882 0.01697792869269949
2 0.29705882352941176 0.42232597623089985 0.052941176470588235 0.012733446519524618
4 0.4235294117647059 0.42869269949066213 0.023529411764705882 0.01697792869269949
2 0.46352941176470586 0.42232597623089985 0.03294117647058824 0.012733446519524618
1 0.2605882352941176 0.47453310696095075 0.40352941176470586 0.015280135823429542
2 0.6670588235294118 0.5182512733446519 0.15764705882352942 0.017826825127334467
1 0.6758823529411765 0.5382003395585738 0.1988235294117647 0.015280135823429542