0 0.5 0.05529522024367385 0.6423529411764706 0.016869728209934397
0 0.5 0.12980318650421743 0.23294117647058823 0.015932521087160263
2 0.1411764705882353 0.21602624179943766 0.16470588235294117 0.019681349578256794
3 0.26705882352941174 0.21415182755388942 0.05176470588235294 0.015932521087160263
2 0.10058823529411764 0.260543580131209 0.08352941176470588 0.01499531396438613
3 0.18235294117647058 0.26288659793814434 0.04470588235294118 0.019681349578256794
2 0.5305882352941177 0.26288659793814434 0.16470588235294117 0.019681349578256794
3 0.6476470588235295 0.260543580131209 0.03411764705882353 0.01499531396438613
2 0.11294117647058824 0.30927835051546393 0.10823529411764705 0.01874414245548266
3 0.2011764705882353 0.309746954076851 0.03294117647058824 0.019681349578256794
2 0.09294117647058824 0.35660731021555764 0.06823529411764706 0.019681349578256794
3 0.18 0.35660731021555764 0.07058823529411765 0.019681349578256794
2 0.10882352941176471 0.4198687910028116 0.1 0.01499531396438613
4 0.24705882352941178 0.42642924086223055 0.023529411764705882 0.01874414245548266
2 0.29705882352941176 0.41940018744142454 0.052941176470588235 0.014058106841611996
5 0.4235294117647059 0.42642924086223055 0.023529411764705882 0.01874414245548266
2 0.46352941176470586 0.41940018744142454 0.03294117647058824 0.014058106841611996
1 0.2605882352941176 0.47703842549203374 0.40352941176470586 0.016869728209934397
2 0.6670588235294118 0.5253045923149016 0.15764705882352942 0.019681349578256794
1 0.6758823529411765 0.5473289597000938 0.1988235294117647 0.016869728209934397