0 0.5 0.05349048050770626 0.6423529411764706 0.016319129646418858
0 0.5 0.1255666364460562 0.23294117647058823 0.015412511332728921
2 0.09294117647058824 0.20897552130553038 0.06823529411764706 0.019038984587488667
3 0.18294117647058825 0.20942883046237534 0.07647058823529412 0.019945602901178604
2 0.10058823529411764 0.25203989120580234 0.08352941176470588 0.014505893019038985
3 0.18 0.25249320036264733 0.04 0.015412511332728921
2 0.09058823529411765 0.2969174977334542 0.06352941176470588 0.013599274705349048
3 0.16294117647058823 0.2973708068902992 0.04588235294117647 0.014505893019038985
2 0.10529411764705883 0.3445149592021759 0.09294117647058824 0.01813236627379873
3 0.1988235294117647 0.34315503173164097 0.058823529411764705 0.015412511332728921
2 0.11294117647058824 0.3898458748866727 0.10823529411764705 0.01813236627379873
3 0.21941176470588236 0.39029918404351766 0.06941176470588235 0.019038984587488667
2 0.5047058823529412 0.38757932910244786 0.06352941176470588 0.013599274705349048
3 0.5705882352941176 0.39029918404351766 0.03294117647058824 0.019038984587488667
2 0.10882352941176471 0.4514959202175884 0.1 0.014505893019038985
5 0.24705882352941178 0.457842248413418 0.023529411764705882 0.01813236627379873
2 0.29705882352941176 0.45104261106074345 0.052941176470588235 0.013599274705349048
4 0.4235294117647059 0.457842248413418 0.023529411764705882 0.01813236627379873
2 0.46352941176470586 0.45104261106074345 0.03294117647058824 0.013599274705349048
1 0.2605882352941176 0.5067996373526745 0.40352941176470586 0.016319129646418858
2 0.6670588235294118 0.5534904805077062 0.15764705882352942 0.019038984587488667
1 0.6758823529411765 0.5747960108794198 0.1988235294117647 0.016319129646418858