0 0.5 0.05202821869488536 0.6423529411764706 0.015873015873015872
0 0.5 0.12213403880070546 0.23294117647058823 0.014991181657848324
2 0.11294117647058824 0.20282186948853614 0.10823529411764705 0.01763668430335097
3 0.2011764705882353 0.20326278659611993 0.03294117647058824 0.018518518518518517
2 0.11352941176470588 0.2447089947089947 0.10941176470588235 0.013227513227513227
3 0.28058823529411764 0.2495590828924162 0.18941176470588236 0.02292768959435626
2 0.10058823529411764 0.2892416225749559 0.08352941176470588 0.014109347442680775
3 0.19470588235294117 0.2914462081128748 0.06941176470588235 0.018518518518518517
2 0.4823529411764706 0.2914462081128748 0.06823529411764706 0.018518518518518517
3 0.5735294117647058 0.29188712522045857 0.07882352941176471 0.019400352733686066
2 0.1411764705882353 0.3355379188712522 0.16470588235294117 0.018518518518518517
3 0.2611764705882353 0.33377425044091713 0.04 0.014991181657848324
2 0.5758823529411765 0.3350970017636684 0.09294117647058824 0.01763668430335097
3 0.6635294117647059 0.3355379188712522 0.047058823529411764 0.018518518518518517
2 0.08294117647058824 0.37918871252204583 0.04823529411764706 0.01763668430335097
3 0.14176470588235293 0.37742504409171074 0.03411764705882353 0.014109347442680775
2 0.4547058823529412 0.37742504409171074 0.08352941176470588 0.014109347442680775
3 0.5305882352941177 0.37962962962962965 0.03294117647058824 0.018518518518518517
2 0.11352941176470588 0.4210758377425044 0.10941176470588235 0.013227513227513227
3 0.30411764705882355 0.42592592592592593 0.23647058823529413 0.02292768959435626
2 0.10882352941176471 0.48324514991181655 0.1 0.014109347442680775
5 0.24705882352941178 0.4894179894179894 0.023529411764705882 0.01763668430335097
2 0.29705882352941176 0.4828042328042328 0.052941176470588235 0.013227513227513227
4 0.4235294117647059 0.4894179894179894 0.023529411764705882 0.01763668430335097
2 0.46352941176470586 0.4828042328042328 0.03294117647058824 0.013227513227513227
1 0.2605882352941176 0.5370370370370371 0.40352941176470586 0.015873015873015872
2 0.6670588235294118 0.5824514991181657 0.15764705882352942 0.018518518518518517
1 0.6758823529411765 0.6031746031746031 0.1988235294117647 0.015873015873015872