0 0.5 0.057504873294346975 0.6423529411764706 0.017543859649122806
0 0.5 0.1354775828460039 0.2647058823529412 0.017543859649122806
2 0.09058823529411765 0.22173489278752437 0.06352941176470588 0.014619883040935672
2 0.1411764705882353 0.2733918128654971 0.16470588235294117 0.02046783625730994
2 0.11352941176470588 0.31920077972709554 0.10941176470588235 0.014619883040935672
2 0.1411764705882353 0.3708576998050682 0.16470588235294117 0.02046783625730994
2 0.11294117647058824 0.4191033138401559 0.10823529411764705 0.01949317738791423
2 0.10882352941176471 0.4853801169590643 0.1 0.015594541910331383
4 0.24705882352941178 0.4922027290448343 0.023529411764705882 0.01949317738791423
2 0.29705882352941176 0.4848927875243665 0.052941176470588235 0.014619883040935672
4 0.4235294117647059 0.4922027290448343 0.023529411764705882 0.01949317738791423
2 0.46352941176470586 0.4848927875243665 0.03294117647058824 0.014619883040935672
1 0.2605882352941176 0.5448343079922028 0.40352941176470586 0.017543859649122806
2 0.6670588235294118 0.5950292397660819 0.15764705882352942 0.02046783625730994
1 0.6758823529411765 0.6179337231968811 0.1988235294117647 0.017543859649122806