0 0.5 0.054078826764436295 0.6423529411764706 0.016498625114573784
0 0.5 0.12740604949587533 0.28352941176470586 0.016498625114573784
2 0.08294117647058824 0.21081576535288726 0.04823529411764706 0.01833180568285976
3 0.1411764705882353 0.20898258478460127 0.03294117647058824 0.01466544454628781
2 0.10529411764705883 0.2566452795600367 0.09294117647058824 0.01833180568285976
3 0.1976470588235294 0.2552703941338222 0.05647058823529412 0.015582034830430797
2 0.1411764705882353 0.3029330889092576 0.16470588235294117 0.01924839596700275
3 0.26705882352941174 0.3010999083409716 0.05176470588235294 0.015582034830430797
2 0.11294117647058824 0.3483043079743355 0.10823529411764705 0.01833180568285976
3 0.21235294117647058 0.34876260311640694 0.05529411764705883 0.01924839596700275
2 0.5070588235294118 0.34876260311640694 0.06823529411764706 0.01924839596700275
3 0.581764705882353 0.3464711274060495 0.04588235294117647 0.01466544454628781
2 0.11352941176470588 0.3918423464711274 0.10941176470588235 0.013748854262144821
3 0.24294117647058824 0.39459211732355637 0.11411764705882353 0.01924839596700275
2 0.1411764705882353 0.4404216315307058 0.16470588235294117 0.01924839596700275
3 0.26294117647058823 0.4385884509624198 0.04352941176470588 0.015582034830430797
2 0.5835294117647059 0.4399633363886343 0.10823529411764705 0.01833180568285976
3 0.6905882352941176 0.4404216315307058 0.07058823529411765 0.01924839596700275
2 0.10882352941176471 0.5022914757103575 0.1 0.01466544454628781
5 0.24705882352941178 0.5087076076993584 0.023529411764705882 0.01833180568285976
2 0.29705882352941176 0.501833180568286 0.052941176470588235 0.013748854262144821
4 0.4235294117647059 0.5087076076993584 0.023529411764705882 0.01833180568285976
2 0.46352941176470586 0.501833180568286 0.03294117647058824 0.013748854262144821
1 0.2605882352941176 0.5582034830430798 0.40352941176470586 0.016498625114573784
2 0.6670588235294118 0.6054078826764436 0.15764705882352942 0.01924839596700275
1 0.6758823529411765 0.6269477543538039 0.1988235294117647 0.016498625114573784