0 0.5 0.05134899912967798 0.6423529411764706 0.015665796344647518
0 0.5 0.1205395996518712 0.24941176470588236 0.014795474325500435
2 0.10529411764705883 0.20017406440382943 0.09294117647058824 0.017406440382941687
2 0.1411764705882353 0.24412532637075718 0.16470588235294117 0.018276762402088774
2 0.11352941176470588 0.28503046127067017 0.10941176470588235 0.013054830287206266
2 0.5058823529411764 0.28503046127067017 0.06352941176470588 0.013054830287206266
2 0.08294117647058824 0.3307223672758921 0.04823529411764706 0.017406440382941687
2 0.4676470588235294 0.32854656222802436 0.10941176470588235 0.013054830287206266
2 0.11294117647058824 0.3742384682332463 0.10823529411764705 0.017406440382941687
2 0.11294117647058824 0.4177545691906005 0.10823529411764705 0.017406440382941687
2 0.5147058823529411 0.41601392515230634 0.08352941176470588 0.01392515230635335
2 0.10882352941176471 0.47693646649260224 0.1 0.01392515230635335
4 0.24705882352941178 0.4830287206266319 0.023529411764705882 0.017406440382941687
2 0.29705882352941176 0.4765013054830287 0.052941176470588235 0.013054830287206266
4 0.4235294117647059 0.4830287206266319 0.023529411764705882 0.017406440382941687
2 0.46352941176470586 0.4765013054830287 0.03294117647058824 0.013054830287206266
1 0.2605882352941176 0.5300261096605744 0.40352941176470586 0.015665796344647518
2 0.6670588235294118 0.5748476936466492 0.15764705882352942 0.018276762402088774
1 0.6758823529411765 0.5953002610966057 0.1988235294117647 0.015665796344647518