0 0.5 0.053881278538812784 0.6423529411764706 0.01643835616438356
0 0.5 0.12648401826484018 0.24941176470588236 0.015525114155251141
2 0.11352941176470588 0.20776255707762556 0.10941176470588235 0.0136986301369863
2 0.08294117647058824 0.2557077625570776 0.04823529411764706 0.0182648401826484
2 0.49529411764705883 0.25616438356164384 0.16470588235294117 0.019178082191780823
2 0.10058823529411764 0.29954337899543376 0.08352941176470588 0.014611872146118721
2 0.08294117647058824 0.3470319634703196 0.04823529411764706 0.0182648401826484
2 0.09058823529411765 0.3904109589041096 0.06352941176470588 0.0136986301369863
2 0.10882352941176471 0.4547945205479452 0.1 0.014611872146118721
4 0.24705882352941178 0.4611872146118721 0.023529411764705882 0.0182648401826484
2 0.29705882352941176 0.454337899543379 0.052941176470588235 0.0136986301369863
4 0.4235294117647059 0.4611872146118721 0.023529411764705882 0.0182648401826484
2 0.46352941176470586 0.454337899543379 0.03294117647058824 0.0136986301369863
1 0.2605882352941176 0.5105022831050229 0.40352941176470586 0.01643835616438356
2 0.6670588235294118 0.5575342465753425 0.15764705882352942 0.019178082191780823
1 0.6758823529411765 0.5789954337899543 0.1988235294117647 0.01643835616438356