0 0.5 0.05581835383159887 0.6423529411764706 0.017029328287606435
0 0.5 0.13103122043519394 0.23294117647058823 0.01608325449385052
2 0.11352941176470588 0.2152317880794702 0.10941176470588235 0.014191106906338695
3 0.23529411764705882 0.2161778618732261 0.0988235294117647 0.01608325449385052
2 0.5058823529411764 0.2152317880794702 0.06352941176470588 0.014191106906338695
2 0.11352941176470588 0.2625354777672658 0.10941176470588235 0.014191106906338695
2 0.11294117647058824 0.3122043519394513 0.10823529411764705 0.01892147587511826
3 0.21529411764705883 0.31267738883632923 0.0611764705882353 0.019867549668874173
2 0.5276470588235294 0.3098391674550615 0.10941176470588235 0.014191106906338695
3 0.7105882352941176 0.315042573320719 0.2211764705882353 0.02459791863765374
2 0.10529411764705883 0.3595080416272469 0.09294117647058824 0.01892147587511826
2 0.5123529411764706 0.35714285714285715 0.10941176470588235 0.014191106906338695
3 0.6870588235294117 0.3623462630085147 0.20470588235294118 0.02459791863765374
2 0.10058823529411764 0.40491958372753073 0.08352941176470588 0.015137180700094607
3 0.19117647058823528 0.40728476821192056 0.06235294117647059 0.019867549668874173
2 0.4723529411764706 0.40681173131504256 0.04823529411764706 0.01892147587511826
3 0.538235294117647 0.40491958372753073 0.04823529411764706 0.015137180700094607
2 0.08294117647058824 0.45411542100283825 0.04823529411764706 0.01892147587511826
2 0.10882352941176471 0.5184484389782403 0.1 0.015137180700094607
4 0.24705882352941178 0.5250709555345316 0.023529411764705882 0.01892147587511826
2 0.29705882352941176 0.5179754020813624 0.052941176470588235 0.014191106906338695
5 0.4235294117647059 0.5250709555345316 0.023529411764705882 0.01892147587511826
2 0.46352941176470586 0.5179754020813624 0.03294117647058824 0.014191106906338695
1 0.2605882352941176 0.5761589403973509 0.40352941176470586 0.017029328287606435
2 0.6670588235294118 0.6248817407757805 0.15764705882352942 0.019867549668874173
1 0.6758823529411765 0.6471144749290445 0.1988235294117647 0.017029328287606435