0 0.5 0.0560303893637227 0.6423529411764706 0.017094017094017096
0 0.5 0.13200379867046533 0.30470588235294116 0.017094017094017096
2 0.09058823529411765 0.21604938271604937 0.06352941176470588 0.014245014245014245
2 0.4747058823529412 0.2184235517568851 0.09294117647058824 0.01899335232668566
2 0.10058823529411764 0.26400759734093066 0.08352941176470588 0.015194681861348529
2 0.10529411764705883 0.31339031339031337 0.09294117647058824 0.01899335232668566
2 0.1411764705882353 0.3613485280151947 0.16470588235294117 0.019943019943019943
3 0.26705882352941174 0.35944919278252613 0.05176470588235294 0.016144349477682812
2 0.09058823529411765 0.405982905982906 0.06352941176470588 0.014245014245014245
3 0.16941176470588235 0.409306742640076 0.058823529411764705 0.020892687559354226
2 0.5105882352941177 0.40883190883190884 0.16470588235294117 0.019943019943019943
2 0.09058823529411765 0.45346628679962014 0.06352941176470588 0.014245014245014245
2 0.10882352941176471 0.5204178537511871 0.1 0.015194681861348529
4 0.24705882352941178 0.5270655270655271 0.023529411764705882 0.01899335232668566
2 0.29705882352941176 0.51994301994302 0.052941176470588235 0.014245014245014245
5 0.4235294117647059 0.5270655270655271 0.023529411764705882 0.01899335232668566
2 0.46352941176470586 0.51994301994302 0.03294117647058824 0.014245014245014245
1 0.2605882352941176 0.5783475783475783 0.40352941176470586 0.017094017094017096
2 0.6670588235294118 0.6272554605887939 0.15764705882352942 0.019943019943019943
1 0.6758823529411765 0.6495726495726496 0.1988235294117647 0.017094017094017096