0 0.5 0.055347091932457786 0.6423529411764706 0.016885553470919325
0 0.5 0.1303939962476548 0.2647058823529412 0.016885553470919325
2 0.10058823529411764 0.21388367729831145 0.08352941176470588 0.0150093808630394
3 0.18176470588235294 0.21435272045028142 0.04352941176470588 0.01594746716697936
2 0.1411764705882353 0.26313320825515946 0.16470588235294117 0.019699812382739212
3 0.2723529411764706 0.26313320825515946 0.06235294117647059 0.019699812382739212
2 0.10058823529411764 0.3076923076923077 0.08352941176470588 0.0150093808630394
3 0.18823529411764706 0.30816135084427765 0.05647058823529412 0.01594746716697936
2 0.1411764705882353 0.35694183864915574 0.16470588235294117 0.019699812382739212
3 0.27588235294117647 0.35694183864915574 0.06941176470588235 0.019699812382739212
2 0.09058823529411765 0.40103189493433394 0.06352941176470588 0.014071294559099437
3 0.16058823529411764 0.40196998123827393 0.041176470588235294 0.01594746716697936
2 0.10882352941176471 0.46716697936210133 0.1 0.0150093808630394
5 0.24705882352941178 0.47373358348968103 0.023529411764705882 0.01876172607879925
2 0.29705882352941176 0.46669793621013134 0.052941176470588235 0.014071294559099437
4 0.4235294117647059 0.47373358348968103 0.023529411764705882 0.01876172607879925
2 0.46352941176470586 0.46669793621013134 0.03294117647058824 0.014071294559099437
1 0.2605882352941176 0.524390243902439 0.40352941176470586 0.016885553470919325
2 0.6670588235294118 0.5727016885553471 0.15764705882352942 0.019699812382739212
1 0.6758823529411765 0.5947467166979362 0.1988235294117647 0.016885553470919325