0 0.5 0.04945515507124895 0.6423529411764706 0.015088013411567477
0 0.5 0.11609388097233864 0.24941176470588236 0.014249790444258172
2 0.1411764705882353 0.19321039396479464 0.16470588235294117 0.01760268231349539
3 0.2576470588235294 0.19111483654652137 0.03294117647058824 0.013411567476948869
2 0.5711764705882353 0.19111483654652137 0.08352941176470588 0.013411567476948869
3 0.6564705882352941 0.19153394803017604 0.05176470588235294 0.014249790444258172
2 0.10058823529411764 0.2330259849119866 0.08352941176470588 0.013411567476948869
3 0.18294117647058825 0.23428331936295055 0.04588235294117647 0.01592623637887678
2 0.49 0.2330259849119866 0.08352941176470588 0.013411567476948869
3 0.5741176470588235 0.2330259849119866 0.04941176470588235 0.013411567476948869
2 0.10058823529411764 0.2749371332774518 0.08352941176470588 0.013411567476948869
3 0.18235294117647058 0.27703269069572506 0.04470588235294118 0.01760268231349539
2 0.48 0.27451802179379714 0.06352941176470588 0.012573344509639563
3 0.5552941176470588 0.27535624476110643 0.05176470588235294 0.014249790444258172
2 0.11352941176470588 0.31642917015926236 0.10941176470588235 0.012573344509639563
3 0.2847058823529412 0.32103939647946356 0.1976470588235294 0.02179379715004191
2 0.11352941176470588 0.3583403185247276 0.10941176470588235 0.012573344509639563
3 0.28058823529411764 0.3629505448449287 0.18941176470588236 0.02179379715004191
2 0.10529411764705883 0.40234702430846603 0.09294117647058824 0.016764459346186086
3 0.19294117647058823 0.40067057837384745 0.047058823529411764 0.013411567476948869
2 0.10882352941176471 0.45934618608549876 0.1 0.013411567476948869
5 0.24705882352941178 0.4652137468566639 0.023529411764705882 0.016764459346186086
2 0.29705882352941176 0.45892707460184406 0.052941176470588235 0.012573344509639563
4 0.4235294117647059 0.4652137468566639 0.023529411764705882 0.016764459346186086
2 0.46352941176470586 0.45892707460184406 0.03294117647058824 0.012573344509639563
1 0.2605882352941176 0.5104777870913663 0.40352941176470586 0.015088013411567477
2 0.6670588235294118 0.5536462699077954 0.15764705882352942 0.01760268231349539
1 0.6758823529411765 0.5733445096395641 0.1988235294117647 0.015088013411567477