0 0.5 0.05447830101569714 0.6423529411764706 0.01662049861495845
0 0.5 0.1283471837488458 0.2647058823529412 0.01662049861495845
2 0.09294117647058824 0.21283471837488457 0.06823529411764706 0.019390581717451522
2 0.11352941176470588 0.2562326869806094 0.10941176470588235 0.013850415512465374
2 0.09294117647058824 0.3051708217913204 0.06823529411764706 0.019390581717451522
2 0.48764705882352943 0.30240073868882733 0.10941176470588235 0.013850415512465374
2 0.1411764705882353 0.3513388734995383 0.16470588235294117 0.019390581717451522
2 0.10529411764705883 0.39704524469067404 0.09294117647058824 0.018467220683287166
2 0.10882352941176471 0.4598337950138504 0.1 0.014773776546629732
4 0.24705882352941178 0.4662973222530009 0.023529411764705882 0.018467220683287166
2 0.29705882352941176 0.45937211449676824 0.052941176470588235 0.013850415512465374
4 0.4235294117647059 0.4662973222530009 0.023529411764705882 0.018467220683287166
2 0.46352941176470586 0.45937211449676824 0.03294117647058824 0.013850415512465374
1 0.2605882352941176 0.5161588180978762 0.40352941176470586 0.01662049861495845
2 0.6670588235294118 0.5637119113573407 0.15764705882352942 0.019390581717451522
1 0.6758823529411765 0.5854108956602031 0.1988235294117647 0.01662049861495845