0 0.5 0.05334538878842676 0.6423529411764706 0.0162748643761302
0 0.5 0.1256781193490054 0.2647058823529412 0.0162748643761302
2 0.08294117647058824 0.20795660036166366 0.04823529411764706 0.018083182640144666
3 0.1476470588235294 0.20614828209764918 0.04588235294117647 0.014466546112115732
2 0.09058823529411765 0.25090415913200725 0.06352941176470588 0.013562386980108499
3 0.16823529411764707 0.25180831826401445 0.05647058823529412 0.015370705244122965
2 0.10529411764705883 0.298372513562387 0.09294117647058824 0.018083182640144666
3 0.18588235294117647 0.2988245931283906 0.03294117647058824 0.0189873417721519
2 0.10058823529411764 0.34177215189873417 0.08352941176470588 0.014466546112115732
3 0.19176470588235295 0.34312839059674505 0.06352941176470588 0.017179023508137433
2 0.11352941176470588 0.38652802893309224 0.10941176470588235 0.013562386980108499
3 0.2641176470588235 0.3896925858951175 0.1564705882352941 0.019891500904159132
2 0.10882352941176471 0.45027124773960214 0.1 0.014466546112115732
5 0.24705882352941178 0.4566003616636528 0.023529411764705882 0.018083182640144666
2 0.29705882352941176 0.44981916817359857 0.052941176470588235 0.013562386980108499
4 0.4235294117647059 0.4566003616636528 0.023529411764705882 0.018083182640144666
2 0.46352941176470586 0.44981916817359857 0.03294117647058824 0.013562386980108499
1 0.2605882352941176 0.5054249547920434 0.40352941176470586 0.0162748643761302
2 0.6670588235294118 0.5519891500904159 0.15764705882352942 0.0189873417721519
1 0.6758823529411765 0.5732368896925859 0.1988235294117647 0.0162748643761302