0 0.5 0.05566037735849057 0.6423529411764706 0.016981132075471698
0 0.5 0.13066037735849056 0.23294117647058823 0.016037735849056604
2 0.11294117647058824 0.2169811320754717 0.10823529411764705 0.018867924528301886
3 0.2011764705882353 0.21509433962264152 0.03294117647058824 0.01509433962264151
2 0.5147058823529411 0.21509433962264152 0.08352941176470588 0.01509433962264151
3 0.6 0.21556603773584906 0.05176470588235294 0.016037735849056604
2 0.1411764705882353 0.264622641509434 0.16470588235294117 0.01981132075471698
3 0.2635294117647059 0.2622641509433962 0.04470588235294118 0.01509433962264151
2 0.5835294117647059 0.2641509433962264 0.10823529411764705 0.018867924528301886
3 0.6835294117647058 0.2627358490566038 0.05647058823529412 0.016037735849056604
2 0.10058823529411764 0.30943396226415093 0.08352941176470588 0.01509433962264151
3 0.18294117647058825 0.3108490566037736 0.04588235294117647 0.017924528301886792
2 0.5029411764705882 0.3089622641509434 0.10941176470588235 0.014150943396226415
3 0.6664705882352941 0.3117924528301887 0.18235294117647058 0.01981132075471698
2 0.08294117647058824 0.3584905660377358 0.04823529411764706 0.018867924528301886
3 0.15294117647058825 0.3570754716981132 0.05647058823529412 0.016037735849056604
2 0.45941176470588235 0.3584905660377358 0.09294117647058824 0.018867924528301886
3 0.5535294117647059 0.3580188679245283 0.06 0.017924528301886792
2 0.08294117647058824 0.4056603773584906 0.04823529411764706 0.018867924528301886
3 0.15470588235294117 0.405188679245283 0.06 0.017924528301886792
2 0.10529411764705883 0.4528301886792453 0.09294117647058824 0.018867924528301886
3 0.1935294117647059 0.4533018867924528 0.04823529411764706 0.01981132075471698
2 0.10882352941176471 0.5169811320754717 0.1 0.01509433962264151
4 0.24705882352941178 0.5235849056603774 0.023529411764705882 0.018867924528301886
2 0.29705882352941176 0.5165094339622641 0.052941176470588235 0.014150943396226415
5 0.4235294117647059 0.5235849056603774 0.023529411764705882 0.018867924528301886
2 0.46352941176470586 0.5165094339622641 0.03294117647058824 0.014150943396226415
1 0.2605882352941176 0.5745283018867925 0.40352941176470586 0.016981132075471698
2 0.6670588235294118 0.6231132075471698 0.15764705882352942 0.01981132075471698
1 0.6758823529411765 0.6452830188679245 0.1988235294117647 0.016981132075471698