0 0.5 0.05560791705937795 0.6423529411764706 0.016965127238454288
0 0.5 0.13100848256361922 0.30470588235294116 0.016965127238454288
2 0.11352941176470588 0.21442035815268615 0.10941176470588235 0.01413760603204524
2 0.09058823529411765 0.26154571159283696 0.06352941176470588 0.01413760603204524
2 0.10058823529411764 0.3091423185673893 0.08352941176470588 0.015080113100848256
2 0.11352941176470588 0.35579641847313853 0.10941176470588235 0.01413760603204524
2 0.5564705882352942 0.3586239396795476 0.16470588235294117 0.019792648444863337
2 0.10882352941176471 0.4222431668237512 0.1 0.015080113100848256
4 0.24705882352941178 0.4288407163053723 0.023529411764705882 0.01885014137606032
2 0.29705882352941176 0.42177191328934965 0.052941176470588235 0.01413760603204524
4 0.4235294117647059 0.4288407163053723 0.023529411764705882 0.01885014137606032
2 0.46352941176470586 0.42177191328934965 0.03294117647058824 0.01413760603204524
1 0.2605882352941176 0.47973609802073514 0.40352941176470586 0.016965127238454288
2 0.6670588235294118 0.5282752120640904 0.15764705882352942 0.019792648444863337
1 0.6758823529411765 0.5504241281809613 0.1988235294117647 0.016965127238454288