0 0.5 0.057392996108949414 0.6423529411764706 0.017509727626459144
0 0.5 0.13521400778210116 0.28352941176470586 0.017509727626459144
2 0.10058823529411764 0.22178988326848248 0.08352941176470588 0.01556420233463035
3 0.18176470588235294 0.22227626459143968 0.04352941176470588 0.016536964980544747
2 0.48 0.22130350194552528 0.06352941176470588 0.014591439688715954
3 0.5447058823529412 0.22178988326848248 0.03058823529411765 0.01556420233463035
2 0.11294117647058824 0.2723735408560311 0.10823529411764705 0.019455252918287938
3 0.20823529411764705 0.2718871595330739 0.047058823529411764 0.01848249027237354
2 0.5147058823529411 0.2704280155642023 0.08352941176470588 0.01556420233463035
3 0.6047058823529412 0.2728599221789883 0.0611764705882353 0.020428015564202335
2 0.11294117647058824 0.321011673151751 0.10823529411764705 0.019455252918287938
3 0.20823529411764705 0.3205252918287938 0.047058823529411764 0.01848249027237354
2 0.08294117647058824 0.36964980544747084 0.04823529411764706 0.019455252918287938
3 0.14647058823529413 0.36819066147859925 0.04352941176470588 0.016536964980544747
2 0.09294117647058824 0.41877431906614787 0.06823529411764706 0.020428015564202335
3 0.16647058823529412 0.4168287937743191 0.04352941176470588 0.016536964980544747
2 0.4747058823529412 0.4163424124513619 0.08352941176470588 0.01556420233463035
3 0.5570588235294117 0.4163424124513619 0.04588235294117647 0.01556420233463035
2 0.11294117647058824 0.4669260700389105 0.10823529411764705 0.019455252918287938
3 0.20823529411764705 0.4649805447470817 0.047058823529411764 0.01556420233463035
2 0.5276470588235294 0.46449416342412453 0.10941176470588235 0.014591439688715954
3 0.701764705882353 0.4678988326848249 0.20352941176470588 0.021400778210116732
2 0.10882352941176471 0.5330739299610895 0.1 0.01556420233463035
4 0.24705882352941178 0.5398832684824902 0.023529411764705882 0.019455252918287938
2 0.29705882352941176 0.5325875486381323 0.052941176470588235 0.014591439688715954
5 0.4235294117647059 0.5398832684824902 0.023529411764705882 0.019455252918287938
2 0.46352941176470586 0.5325875486381323 0.03294117647058824 0.014591439688715954
1 0.2605882352941176 0.5924124513618677 0.40352941176470586 0.017509727626459144
2 0.6670588235294118 0.6425097276264592 0.15764705882352942 0.020428015564202335
1 0.6758823529411765 0.6653696498054474 0.1988235294117647 0.017509727626459144