0 0.5 0.05166374781085814 0.6423529411764706 0.01576182136602452
0 0.5 0.12171628721541156 0.2647058823529412 0.01576182136602452
2 0.08294117647058824 0.20140105078809106 0.04823529411764706 0.017513134851138354
3 0.14470588235294118 0.20183887915936952 0.04 0.01838879159369527
2 0.49529411764705883 0.20183887915936952 0.16470588235294117 0.01838879159369527
3 0.6147058823529412 0.20140105078809106 0.03882352941176471 0.017513134851138354
2 0.11352941176470588 0.24299474605954466 0.10941176470588235 0.013134851138353765
3 0.2747058823529412 0.24605954465849386 0.1776470588235294 0.01926444833625219
2 0.10058823529411764 0.287215411558669 0.08352941176470588 0.014010507880910683
3 0.17529411764705882 0.287215411558669 0.03058823529411765 0.014010507880910683
2 0.09294117647058824 0.3331873905429072 0.06823529411764706 0.01838879159369527
3 0.1711764705882353 0.3309982486865149 0.052941176470588235 0.014010507880910683
2 0.10529411764705883 0.37653239929947463 0.09294117647058824 0.017513134851138354
3 0.19176470588235295 0.37697022767075306 0.04470588235294118 0.01838879159369527
2 0.10882352941176471 0.436077057793345 0.1 0.014010507880910683
4 0.24705882352941178 0.44220665499124345 0.023529411764705882 0.017513134851138354
2 0.29705882352941176 0.43563922942206657 0.052941176470588235 0.013134851138353765
5 0.4235294117647059 0.44220665499124345 0.023529411764705882 0.017513134851138354
2 0.46352941176470586 0.43563922942206657 0.03294117647058824 0.013134851138353765
1 0.2605882352941176 0.489492119089317 0.40352941176470586 0.01576182136602452
2 0.6670588235294118 0.5345884413309983 0.15764705882352942 0.01838879159369527
1 0.6758823529411765 0.5551663747810858 0.1988235294117647 0.01576182136602452