0 0.5 0.050643776824034335 0.6423529411764706 0.015450643776824034
0 0.5 0.11931330472103004 0.2647058823529412 0.015450643776824034
2 0.09058823529411765 0.19527896995708155 0.06352941176470588 0.012875536480686695
2 0.09058823529411765 0.23819742489270387 0.06352941176470588 0.012875536480686695
2 0.48294117647058826 0.23819742489270387 0.10941176470588235 0.012875536480686695
2 0.09294117647058824 0.2836909871244635 0.06823529411764706 0.018025751072961373
2 0.11352941176470588 0.3240343347639485 0.10941176470588235 0.012875536480686695
2 0.10058823529411764 0.36738197424892705 0.08352941176470588 0.013733905579399141
2 0.10529411764705883 0.41201716738197425 0.09294117647058824 0.017167381974248927
2 0.10882352941176471 0.4703862660944206 0.1 0.013733905579399141
4 0.24705882352941178 0.47639484978540775 0.023529411764705882 0.017167381974248927
2 0.29705882352941176 0.4699570815450644 0.052941176470588235 0.012875536480686695
4 0.4235294117647059 0.47639484978540775 0.023529411764705882 0.017167381974248927
2 0.46352941176470586 0.4699570815450644 0.03294117647058824 0.012875536480686695
1 0.2605882352941176 0.5227467811158798 0.40352941176470586 0.015450643776824034
2 0.6670588235294118 0.5669527896995709 0.15764705882352942 0.018025751072961373
1 0.6758823529411765 0.5871244635193134 0.1988235294117647 0.015450643776824034