0 0.5 0.051982378854625554 0.6423529411764706 0.015859030837004406
0 0.5 0.12246696035242291 0.28352941176470586 0.015859030837004406
2 0.09294117647058824 0.20308370044052865 0.06823529411764706 0.018502202643171806
3 0.16117647058823528 0.20088105726872246 0.03294117647058824 0.014096916299559472
2 0.46705882352941175 0.20308370044052865 0.06823529411764706 0.018502202643171806
3 0.54 0.2013215859030837 0.042352941176470586 0.014977973568281937
2 0.11352941176470588 0.2444933920704846 0.10941176470588235 0.013215859030837005
3 0.23058823529411765 0.24537444933920705 0.08941176470588236 0.014977973568281937
2 0.11294117647058824 0.2907488986784141 0.10823529411764705 0.01762114537444934
3 0.20823529411764705 0.29030837004405285 0.047058823529411764 0.016740088105726872
2 0.5552941176470588 0.2911894273127753 0.16470588235294117 0.018502202643171806
3 0.6717647058823529 0.2889867841409692 0.03294117647058824 0.014096916299559472
2 0.11352941176470588 0.33259911894273125 0.10941176470588235 0.013215859030837005
3 0.25823529411764706 0.3365638766519824 0.14470588235294118 0.021145374449339206
2 0.09294117647058824 0.379295154185022 0.06823529411764706 0.018502202643171806
3 0.16823529411764707 0.379295154185022 0.047058823529411764 0.018502202643171806
2 0.10058823529411764 0.4211453744493392 0.08352941176470588 0.014096916299559472
3 0.1811764705882353 0.4215859030837004 0.042352941176470586 0.014977973568281937
2 0.4723529411764706 0.42290748898678415 0.04823529411764706 0.01762114537444934
3 0.5352941176470588 0.4211453744493392 0.042352941176470586 0.014096916299559472
2 0.10882352941176471 0.4828193832599119 0.1 0.014096916299559472
4 0.24705882352941178 0.4889867841409692 0.023529411764705882 0.01762114537444934
2 0.29705882352941176 0.48237885462555063 0.052941176470588235 0.013215859030837005
5 0.4235294117647059 0.4889867841409692 0.023529411764705882 0.01762114537444934
2 0.46352941176470586 0.48237885462555063 0.03294117647058824 0.013215859030837005
1 0.2605882352941176 0.5365638766519824 0.40352941176470586 0.015859030837004406
2 0.6670588235294118 0.5819383259911894 0.15764705882352942 0.018502202643171806
1 0.6758823529411765 0.6026431718061674 0.1988235294117647 0.015859030837004406