0 0.5 0.05038428693424424 0.6423529411764706 0.015371477369769428
0 0.5 0.11870196413321947 0.28352941176470586 0.015371477369769428
2 0.1411764705882353 0.1968403074295474 0.16470588235294117 0.017933390264730998
3 0.2576470588235294 0.1968403074295474 0.03294117647058824 0.017933390264730998
2 0.5611764705882353 0.1942783945345858 0.06352941176470588 0.012809564474807857
3 0.6411764705882353 0.1968403074295474 0.0611764705882353 0.017933390264730998
2 0.09058823529411765 0.23697694278394535 0.06352941176470588 0.012809564474807857
3 0.1635294117647059 0.23953885567890693 0.047058823529411764 0.017933390264730998
2 0.10058823529411764 0.28010247651579845 0.08352941176470588 0.013663535439795047
3 0.17705882352941177 0.28010247651579845 0.03411764705882353 0.013663535439795047
2 0.49 0.28010247651579845 0.08352941176470588 0.013663535439795047
3 0.5888235294117647 0.28266438941076005 0.07882352941176471 0.018787361229718188
2 0.11294117647058824 0.32450896669513235 0.10823529411764705 0.017079419299743808
3 0.2011764705882353 0.32493595217762594 0.03294117647058824 0.017933390264730998
2 0.10529411764705883 0.3672075149444919 0.09294117647058824 0.017079419299743808
3 0.19058823529411764 0.3654995730145175 0.042352941176470586 0.013663535439795047
2 0.5041176470588236 0.3672075149444919 0.09294117647058824 0.017079419299743808
3 0.591764705882353 0.3654995730145175 0.047058823529411764 0.013663535439795047
2 0.10882352941176471 0.4252775405636208 0.1 0.013663535439795047
4 0.24705882352941178 0.43125533731853116 0.023529411764705882 0.017079419299743808
2 0.29705882352941176 0.42485055508112723 0.052941176470588235 0.012809564474807857
5 0.4235294117647059 0.43125533731853116 0.023529411764705882 0.017079419299743808
2 0.46352941176470586 0.42485055508112723 0.03294117647058824 0.012809564474807857
1 0.2605882352941176 0.47736976942783943 0.40352941176470586 0.015371477369769428
2 0.6670588235294118 0.5213492741246798 0.15764705882352942 0.017933390264730998
1 0.6758823529411765 0.5414175918018788 0.1988235294117647 0.015371477369769428