0 0.5 0.052120141342756186 0.6423529411764706 0.015901060070671377
0 0.5 0.12234982332155477 0.24941176470588236 0.015017667844522967
2 0.09058823529411765 0.20097173144876326 0.06352941176470588 0.013250883392226149
3 0.1635294117647059 0.20273851590106007 0.047058823529411764 0.01678445229681979
2 0.11294117647058824 0.24734982332155478 0.10823529411764705 0.0176678445229682
3 0.2076470588235294 0.24690812720848057 0.04588235294117647 0.01678445229681979
2 0.1411764705882353 0.2919611307420495 0.16470588235294117 0.018551236749116608
3 0.27176470588235296 0.2919611307420495 0.0611764705882353 0.018551236749116608
2 0.1411764705882353 0.33613074204946997 0.16470588235294117 0.018551236749116608
3 0.27176470588235296 0.33613074204946997 0.0611764705882353 0.018551236749116608
2 0.11294117647058824 0.37985865724381623 0.10823529411764705 0.0176678445229682
3 0.20470588235294118 0.37853356890459366 0.04 0.015017667844522967
2 0.10882352941176471 0.43992932862190814 0.1 0.014134275618374558
5 0.24705882352941178 0.446113074204947 0.023529411764705882 0.0176678445229682
2 0.29705882352941176 0.43948763250883394 0.052941176470588235 0.013250883392226149
4 0.4235294117647059 0.446113074204947 0.023529411764705882 0.0176678445229682
2 0.46352941176470586 0.43948763250883394 0.03294117647058824 0.013250883392226149
1 0.2605882352941176 0.49381625441696114 0.40352941176470586 0.015901060070671377
2 0.6670588235294118 0.5393109540636042 0.15764705882352942 0.018551236749116608
1 0.6758823529411765 0.5600706713780919 0.1988235294117647 0.015901060070671377