0 0.5 0.05099394987035436 0.6423529411764706 0.015557476231633534
0 0.5 0.12013828867761452 0.2647058823529412 0.015557476231633534
2 0.08294117647058824 0.19878997407087295 0.04823529411764706 0.01728608470181504
2 0.11294117647058824 0.24200518582541056 0.10823529411764705 0.01728608470181504
2 0.4970588235294118 0.24200518582541056 0.04823529411764706 0.01728608470181504
2 0.11294117647058824 0.28522039757994816 0.10823529411764705 0.01728608470181504
2 0.5070588235294118 0.28565254969749354 0.06823529411764706 0.018150388936905792
2 0.09058823529411765 0.3262748487467589 0.06352941176470588 0.01296456352636128
2 0.11352941176470588 0.36949006050129646 0.10941176470588235 0.01296456352636128
3 0.2735294117647059 0.3720829732065687 0.17529411764705882 0.018150388936905792
2 0.528235294117647 0.3716508210890233 0.10823529411764705 0.01728608470181504
2 0.10882352941176471 0.43042350907519444 0.1 0.013828867761452032
4 0.24705882352941178 0.4364736387208297 0.023529411764705882 0.01728608470181504
2 0.29705882352941176 0.4299913569576491 0.052941176470588235 0.01296456352636128
5 0.4235294117647059 0.4364736387208297 0.023529411764705882 0.01728608470181504
2 0.46352941176470586 0.4299913569576491 0.03294117647058824 0.01296456352636128
1 0.2605882352941176 0.48314606741573035 0.40352941176470586 0.015557476231633534
2 0.6670588235294118 0.5276577355229041 0.15764705882352942 0.018150388936905792
1 0.6758823529411765 0.5479688850475367 0.1988235294117647 0.015557476231633534