0 0.5 0.051618547681539804 0.6423529411764706 0.015748031496062992
0 0.5 0.12117235345581802 0.23294117647058823 0.014873140857392825
2 0.09294117647058824 0.20166229221347332 0.06823529411764706 0.01837270341207349
2 0.48705882352941177 0.20122484689413822 0.10823529411764705 0.017497812773403325
3 0.59 0.20166229221347332 0.06235294117647059 0.01837270341207349
2 0.10529411764705883 0.24496937882764655 0.09294117647058824 0.017497812773403325
3 0.1864705882352941 0.2432195975503062 0.03411764705882353 0.01399825021872266
2 0.4894117647058824 0.24278215223097113 0.06352941176470588 0.013123359580052493
2 0.11352941176470588 0.28652668416447946 0.10941176470588235 0.013123359580052493
2 0.528235294117647 0.2887139107611549 0.10823529411764705 0.017497812773403325
3 0.6188235294117647 0.2869641294838145 0.03764705882352941 0.01399825021872266
2 0.11294117647058824 0.3324584426946632 0.10823529411764705 0.017497812773403325
2 0.10882352941176471 0.39195100612423445 0.1 0.01399825021872266
4 0.24705882352941178 0.39807524059492566 0.023529411764705882 0.017497812773403325
2 0.29705882352941176 0.3915135608048994 0.052941176470588235 0.013123359580052493
5 0.4235294117647059 0.39807524059492566 0.023529411764705882 0.017497812773403325
2 0.46352941176470586 0.3915135608048994 0.03294117647058824 0.013123359580052493
1 0.2605882352941176 0.4453193350831146 0.40352941176470586 0.015748031496062992
2 0.6670588235294118 0.4903762029746282 0.15764705882352942 0.01837270341207349
1 0.6758823529411765 0.510936132983377 0.1988235294117647 0.015748031496062992