0 0.5 0.05473098330241188 0.6423529411764706 0.016697588126159554
0 0.5 0.1284786641929499 0.24941176470588236 0.015769944341372914
2 0.08294117647058824 0.21335807050092764 0.04823529411764706 0.01855287569573284
3 0.1388235294117647 0.21196660482374768 0.02823529411764706 0.015769944341372914
2 0.09058823529411765 0.25742115027829315 0.06352941176470588 0.013914656771799629
3 0.15941176470588236 0.2597402597402597 0.03882352941176471 0.01855287569573284
2 0.5105882352941177 0.2602040816326531 0.16470588235294117 0.01948051948051948
3 0.6276470588235294 0.25788497217068646 0.03411764705882353 0.014842300556586271
2 0.09058823529411765 0.3038033395176252 0.06352941176470588 0.013914656771799629
3 0.15941176470588236 0.30612244897959184 0.03882352941176471 0.01855287569573284
2 0.08294117647058824 0.3525046382189239 0.04823529411764706 0.01855287569573284
3 0.14823529411764705 0.3529684601113173 0.047058823529411764 0.01948051948051948
2 0.09294117647058824 0.39935064935064934 0.06823529411764706 0.01948051948051948
3 0.17647058823529413 0.3984230055658627 0.06352941176470588 0.017625231910946195
2 0.46705882352941175 0.39935064935064934 0.06823529411764706 0.01948051948051948
3 0.5423529411764706 0.3984230055658627 0.047058823529411764 0.017625231910946195
2 0.10882352941176471 0.4619666048237477 0.1 0.014842300556586271
5 0.24705882352941178 0.4684601113172542 0.023529411764705882 0.01855287569573284
2 0.29705882352941176 0.4615027829313544 0.052941176470588235 0.013914656771799629
4 0.4235294117647059 0.4684601113172542 0.023529411764705882 0.01855287569573284
2 0.46352941176470586 0.4615027829313544 0.03294117647058824 0.013914656771799629
1 0.2605882352941176 0.5185528756957328 0.40352941176470586 0.016697588126159554
2 0.6670588235294118 0.5663265306122449 0.15764705882352942 0.01948051948051948
1 0.6758823529411765 0.588126159554731 0.1988235294117647 0.016697588126159554