0 0.5 0.05051369863013699 0.6423529411764706 0.015410958904109588
0 0.5 0.1190068493150685 0.2647058823529412 0.015410958904109588
2 0.1411764705882353 0.1973458904109589 0.16470588235294117 0.01797945205479452
3 0.26588235294117646 0.1952054794520548 0.04941176470588235 0.0136986301369863
2 0.10529411764705883 0.23972602739726026 0.09294117647058824 0.017123287671232876
2 0.11294117647058824 0.2825342465753425 0.10823529411764705 0.017123287671232876
2 0.5070588235294118 0.2829623287671233 0.06823529411764706 0.01797945205479452
2 0.08294117647058824 0.3253424657534247 0.04823529411764706 0.017123287671232876
3 0.16176470588235295 0.3261986301369863 0.07411764705882352 0.018835616438356163
2 0.45941176470588235 0.3253424657534247 0.09294117647058824 0.017123287671232876
2 0.09058823529411765 0.3660102739726027 0.06352941176470588 0.012842465753424657
2 0.5105882352941177 0.3685787671232877 0.16470588235294117 0.01797945205479452
2 0.10882352941176471 0.4263698630136986 0.1 0.0136986301369863
4 0.24705882352941178 0.4323630136986301 0.023529411764705882 0.017123287671232876
2 0.29705882352941176 0.4259417808219178 0.052941176470588235 0.012842465753424657
5 0.4235294117647059 0.4323630136986301 0.023529411764705882 0.017123287671232876
2 0.46352941176470586 0.4259417808219178 0.03294117647058824 0.012842465753424657
1 0.2605882352941176 0.4785958904109589 0.40352941176470586 0.015410958904109588
2 0.6670588235294118 0.5226883561643836 0.15764705882352942 0.01797945205479452
1 0.6758823529411765 0.5428082191780822 0.1988235294117647 0.015410958904109588