0 0.5 0.05143853530950305 0.6423529411764706 0.015693112467306015
0 0.5 0.12074978204010461 0.23294117647058823 0.014821272885789015
2 0.1411764705882353 0.2009590235396687 0.16470588235294117 0.018308631211857017
3 0.25529411764705884 0.1987794245858762 0.02823529411764706 0.013949433304272014
2 0.611764705882353 0.2009590235396687 0.16470588235294117 0.018308631211857017
2 0.08294117647058824 0.24411508282476024 0.04823529411764706 0.017436791630340016
2 0.1411764705882353 0.2881429816913688 0.16470588235294117 0.018308631211857017
2 0.11352941176470588 0.32911944202266785 0.10941176470588235 0.013077593722755012
2 0.5058823529411764 0.32911944202266785 0.06352941176470588 0.013077593722755012
3 0.5752941176470588 0.32999128160418484 0.04 0.014821272885789015
2 0.1411764705882353 0.37532693984306886 0.16470588235294117 0.018308631211857017
2 0.10882352941176471 0.43417611159546643 0.1 0.013949433304272014
4 0.24705882352941178 0.44027898866608545 0.023529411764705882 0.017436791630340016
2 0.29705882352941176 0.4337401918047079 0.052941176470588235 0.013077593722755012
5 0.4235294117647059 0.44027898866608545 0.023529411764705882 0.017436791630340016
2 0.46352941176470586 0.4337401918047079 0.03294117647058824 0.013077593722755012
1 0.2605882352941176 0.4873583260680035 0.40352941176470586 0.015693112467306015
2 0.6670588235294118 0.532258064516129 0.15764705882352942 0.018308631211857017
1 0.6758823529411765 0.5527462946817786 0.1988235294117647 0.015693112467306015