0 0.5 0.05235137533274179 0.6423529411764706 0.015971606033717833
0 0.5 0.12289263531499556 0.24941176470588236 0.015084294587400177
2 0.10529411764705883 0.20408163265306123 0.09294117647058824 0.01774622892635315
2 0.5041176470588236 0.20408163265306123 0.09294117647058824 0.01774622892635315
2 0.1411764705882353 0.24889086069210292 0.16470588235294117 0.018633540372670808
2 0.10529411764705883 0.29281277728482696 0.09294117647058824 0.01774622892635315
2 0.08294117647058824 0.33717834960070986 0.04823529411764706 0.01774622892635315
2 0.10529411764705883 0.3815439219165927 0.09294117647058824 0.01774622892635315
2 0.09058823529411765 0.42369121561668144 0.06352941176470588 0.013309671694764862
2 0.48294117647058826 0.42369121561668144 0.10941176470588235 0.013309671694764862
2 0.10882352941176471 0.4862466725820763 0.1 0.01419698314108252
4 0.24705882352941178 0.49245785270629994 0.023529411764705882 0.01774622892635315
2 0.29705882352941176 0.48580301685891747 0.052941176470588235 0.013309671694764862
4 0.4235294117647059 0.49245785270629994 0.023529411764705882 0.01774622892635315
2 0.46352941176470586 0.48580301685891747 0.03294117647058824 0.013309671694764862
1 0.2605882352941176 0.5403726708074534 0.40352941176470586 0.015971606033717833
2 0.6670588235294118 0.5860692102928128 0.15764705882352942 0.018633540372670808
1 0.6758823529411765 0.6069210292812778 0.1988235294117647 0.015971606033717833