0 0.5 0.05143853530950305 0.6423529411764706 0.015693112467306015
0 0.5 0.12118570183086312 0.28352941176470586 0.015693112467306015
2 0.1411764705882353 0.2009590235396687 0.16470588235294117 0.018308631211857017
3 0.2611764705882353 0.2009590235396687 0.04 0.018308631211857017
2 0.08294117647058824 0.24411508282476024 0.04823529411764706 0.017436791630340016
3 0.14823529411764705 0.24455100261551874 0.047058823529411764 0.018308631211857017
2 0.46705882352941175 0.24411508282476024 0.10823529411764705 0.017436791630340016
3 0.5694117647058824 0.24455100261551874 0.0611764705882353 0.018308631211857017
2 0.10529411764705883 0.2877070619006103 0.09294117647058824 0.017436791630340016
3 0.1935294117647059 0.2881429816913688 0.04823529411764706 0.018308631211857017
2 0.5041176470588236 0.2877070619006103 0.09294117647058824 0.017436791630340016
3 0.5823529411764706 0.28596338273757627 0.02823529411764706 0.013949433304272014
2 0.11352941176470588 0.32911944202266785 0.10941176470588235 0.013077593722755012
3 0.2811764705882353 0.33217088055797733 0.19058823529411764 0.01918047079337402
2 0.09058823529411765 0.37271142109851785 0.06352941176470588 0.013077593722755012
3 0.16058823529411764 0.3735832606800349 0.041176470588235294 0.014821272885789015
2 0.10058823529411764 0.4167393199651264 0.08352941176470588 0.013949433304272014
3 0.18 0.4189189189189189 0.04 0.018308631211857017
2 0.10882352941176471 0.4777680906713165 0.1 0.013949433304272014
5 0.24705882352941178 0.4838709677419355 0.023529411764705882 0.017436791630340016
2 0.29705882352941176 0.47733217088055796 0.052941176470588235 0.013077593722755012
4 0.4235294117647059 0.4838709677419355 0.023529411764705882 0.017436791630340016
2 0.46352941176470586 0.47733217088055796 0.03294117647058824 0.013077593722755012
1 0.2605882352941176 0.5309503051438536 0.40352941176470586 0.015693112467306015
2 0.6670588235294118 0.5758500435919791 0.15764705882352942 0.018308631211857017
1 0.6758823529411765 0.5963382737576286 0.1988235294117647 0.015693112467306015