0 0.5 0.05473098330241188 0.6423529411764706 0.016697588126159554
0 0.5 0.1284786641929499 0.23294117647058823 0.015769944341372914
2 0.08294117647058824 0.21335807050092764 0.04823529411764706 0.01855287569573284
3 0.15058823529411763 0.21196660482374768 0.05176470588235294 0.015769944341372914
2 0.4676470588235294 0.21103896103896103 0.10941176470588235 0.013914656771799629
3 0.6723529411764706 0.21614100185528756 0.2647058823529412 0.02411873840445269
2 0.08294117647058824 0.2597402597402597 0.04823529411764706 0.01855287569573284
3 0.15529411764705883 0.2602040816326531 0.0611764705882353 0.01948051948051948
2 0.4447058823529412 0.25742115027829315 0.06352941176470588 0.013914656771799629
3 0.5147058823529411 0.25834879406307976 0.041176470588235294 0.015769944341372914
2 0.10058823529411764 0.3042671614100185 0.08352941176470588 0.014842300556586271
3 0.18941176470588236 0.3047309833024119 0.058823529411764705 0.015769944341372914
2 0.09058823529411765 0.35018552875695735 0.06352941176470588 0.013914656771799629
3 0.16941176470588235 0.35111317254174396 0.058823529411764705 0.015769944341372914
2 0.4747058823529412 0.3525046382189239 0.09294117647058824 0.01855287569573284
3 0.5576470588235294 0.35064935064935066 0.03764705882352941 0.014842300556586271
2 0.10882352941176471 0.4155844155844156 0.1 0.014842300556586271
5 0.24705882352941178 0.42207792207792205 0.023529411764705882 0.01855287569573284
2 0.29705882352941176 0.41512059369202226 0.052941176470588235 0.013914656771799629
4 0.4235294117647059 0.42207792207792205 0.023529411764705882 0.01855287569573284
2 0.46352941176470586 0.41512059369202226 0.03294117647058824 0.013914656771799629
1 0.2605882352941176 0.47217068645640076 0.40352941176470586 0.016697588126159554
2 0.6670588235294118 0.5199443413729128 0.15764705882352942 0.01948051948051948
1 0.6758823529411765 0.5417439703153989 0.1988235294117647 0.016697588126159554