0 0.5 0.05263157894736842 0.6423529411764706 0.016057091882247992
0 0.5 0.1239964317573595 0.28352941176470586 0.016057091882247992
2 0.11352941176470588 0.20294380017841213 0.10941176470588235 0.013380909901873328
3 0.2664705882352941 0.20695807314897413 0.16117647058823528 0.021409455842997322
2 0.528235294117647 0.20517395182872436 0.10823529411764705 0.01784121320249777
3 0.6235294117647059 0.2056199821587868 0.047058823529411764 0.01873327386262266
2 0.09058823529411765 0.24754683318465656 0.06352941176470588 0.013380909901873328
3 0.17470588235294118 0.2502230151650312 0.06941176470588235 0.01873327386262266
2 0.11352941176470588 0.292149866190901 0.10941176470588235 0.013380909901873328
3 0.28647058823529414 0.29482604817127567 0.2011764705882353 0.01873327386262266
2 0.08294117647058824 0.3389830508474576 0.04823529411764706 0.01784121320249777
3 0.16 0.3416592328278323 0.07058823529411765 0.0231935771632471
2 0.10882352941176471 0.39964317573595004 0.1 0.014272970561998216
4 0.24705882352941178 0.40588760035682425 0.023529411764705882 0.01784121320249777
2 0.29705882352941176 0.3991971454058876 0.052941176470588235 0.013380909901873328
5 0.4235294117647059 0.40588760035682425 0.023529411764705882 0.01784121320249777
2 0.46352941176470586 0.3991971454058876 0.03294117647058824 0.013380909901873328
1 0.2605882352941176 0.45405887600356826 0.40352941176470586 0.016057091882247992
2 0.6670588235294118 0.5 0.15764705882352942 0.01873327386262266
1 0.6758823529411765 0.5209634255129348 0.1988235294117647 0.016057091882247992