0 0.5 0.05148342059336824 0.6423529411764706 0.015706806282722512
0 0.5 0.1212914485165794 0.2647058823529412 0.015706806282722512
2 0.10058823529411764 0.19895287958115182 0.08352941176470588 0.013961605584642234
3 0.19705882352941176 0.20157068062827224 0.07411764705882352 0.019197207678883072
2 0.4823529411764706 0.20113438045375218 0.06823529411764706 0.01832460732984293
2 0.09294117647058824 0.24476439790575916 0.06823529411764706 0.01832460732984293
2 0.1411764705882353 0.28839441535776617 0.16470588235294117 0.01832460732984293
3 0.27294117647058824 0.287521815008726 0.06352941176470588 0.016579406631762654
2 0.10058823529411764 0.3298429319371728 0.08352941176470588 0.013961605584642234
3 0.17882352941176471 0.3298429319371728 0.03764705882352941 0.013961605584642234
2 0.5305882352941177 0.3320244328097731 0.16470588235294117 0.01832460732984293
3 0.6541176470588236 0.3320244328097731 0.047058823529411764 0.01832460732984293
2 0.09294117647058824 0.3756544502617801 0.06823529411764706 0.01832460732984293
2 0.10882352941176471 0.43455497382198954 0.1 0.013961605584642234
5 0.24705882352941178 0.4406631762652705 0.023529411764705882 0.017452006980802792
2 0.29705882352941176 0.4341186736474695 0.052941176470588235 0.013089005235602094
4 0.4235294117647059 0.4406631762652705 0.023529411764705882 0.017452006980802792
2 0.46352941176470586 0.4341186736474695 0.03294117647058824 0.013089005235602094
1 0.2605882352941176 0.48778359511343805 0.40352941176470586 0.015706806282722512
2 0.6670588235294118 0.5327225130890052 0.15764705882352942 0.01832460732984293
1 0.6758823529411765 0.5532286212914486 0.1988235294117647 0.015706806282722512