0 0.5 0.05493482309124767 0.6423529411764706 0.01675977653631285
0 0.5 0.12895716945996274 0.24941176470588236 0.015828677839851025
2 0.10058823529411764 0.2122905027932961 0.08352941176470588 0.0148975791433892
3 0.18941176470588236 0.212756052141527 0.058823529411764705 0.015828677839851025
2 0.09058823529411765 0.25837988826815644 0.06352941176470588 0.013966480446927373
3 0.1623529411764706 0.25931098696461824 0.04470588235294118 0.015828677839851025
2 0.48294117647058826 0.25837988826815644 0.10941176470588235 0.013966480446927373
3 0.6276470588235294 0.2635009310986965 0.14470588235294118 0.024208566108007448
2 0.10058823529411764 0.3054003724394786 0.08352941176470588 0.0148975791433892
3 0.18411764705882352 0.3054003724394786 0.04823529411764706 0.0148975791433892
2 0.10058823529411764 0.35195530726256985 0.08352941176470588 0.0148975791433892
3 0.18941176470588236 0.35242085661080075 0.058823529411764705 0.015828677839851025
2 0.5305882352941177 0.3542830540037244 0.16470588235294117 0.019553072625698324
3 0.6517647058823529 0.35242085661080075 0.042352941176470586 0.015828677839851025
2 0.10058823529411764 0.3985102420856611 0.08352941176470588 0.0148975791433892
3 0.17647058823529413 0.40083798882681565 0.03294117647058824 0.019553072625698324
2 0.5029411764705882 0.39804469273743015 0.10941176470588235 0.013966480446927373
3 0.6541176470588236 0.40083798882681565 0.15764705882352942 0.019553072625698324
2 0.10882352941176471 0.46368715083798884 0.1 0.0148975791433892
5 0.24705882352941178 0.4702048417132216 0.023529411764705882 0.0186219739292365
2 0.29705882352941176 0.46322160148975794 0.052941176470588235 0.013966480446927373
4 0.4235294117647059 0.4702048417132216 0.023529411764705882 0.0186219739292365
2 0.46352941176470586 0.46322160148975794 0.03294117647058824 0.013966480446927373
1 0.2605882352941176 0.5204841713221602 0.40352941176470586 0.01675977653631285
2 0.6670588235294118 0.5684357541899442 0.15764705882352942 0.019553072625698324
1 0.6758823529411765 0.590316573556797 0.1988235294117647 0.01675977653631285