0 0.5 0.05566037735849057 0.6423529411764706 0.016981132075471698
0 0.5 0.13066037735849056 0.24941176470588236 0.016037735849056604
2 0.09058823529411765 0.21462264150943397 0.06352941176470588 0.014150943396226415
3 0.15411764705882353 0.21509433962264152 0.02823529411764706 0.01509433962264151
2 0.47 0.21509433962264152 0.08352941176470588 0.01509433962264151
3 0.5458823529411765 0.21509433962264152 0.03294117647058824 0.01509433962264151
2 0.08294117647058824 0.2641509433962264 0.04823529411764706 0.018867924528301886
2 0.4370588235294118 0.2641509433962264 0.04823529411764706 0.018867924528301886
3 0.5005882352941177 0.2627358490566038 0.04352941176470588 0.016037735849056604
2 0.08294117647058824 0.3113207547169811 0.04823529411764706 0.018867924528301886
3 0.13941176470588235 0.3117924528301887 0.029411764705882353 0.01981132075471698
2 0.49529411764705883 0.3117924528301887 0.16470588235294117 0.01981132075471698
2 0.10529411764705883 0.3584905660377358 0.09294117647058824 0.018867924528301886
3 0.1952941176470588 0.3570754716981132 0.05176470588235294 0.016037735849056604
2 0.10882352941176471 0.4226415094339623 0.1 0.01509433962264151
4 0.24705882352941178 0.42924528301886794 0.023529411764705882 0.018867924528301886
2 0.29705882352941176 0.4221698113207547 0.052941176470588235 0.014150943396226415
5 0.4235294117647059 0.42924528301886794 0.023529411764705882 0.018867924528301886
2 0.46352941176470586 0.4221698113207547 0.03294117647058824 0.014150943396226415
1 0.2605882352941176 0.480188679245283 0.40352941176470586 0.016981132075471698
2 0.6670588235294118 0.5287735849056604 0.15764705882352942 0.01981132075471698
1 0.6758823529411765 0.5509433962264151 0.1988235294117647 0.016981132075471698