0 0.5 0.05468025949953661 0.6423529411764706 0.016682113067655237
0 0.5 0.1283595922150139 0.23294117647058823 0.015755329008341055
2 0.10058823529411764 0.211306765523633 0.08352941176470588 0.014828544949026877
3 0.18235294117647058 0.211306765523633 0.04470588235294118 0.014828544949026877
2 0.10529411764705883 0.2594995366079703 0.09294117647058824 0.018535681186283594
3 0.19176470588235295 0.25996292863762743 0.04470588235294118 0.019462465245597776
2 0.09294117647058824 0.3063021316033364 0.06823529411764706 0.019462465245597776
3 0.17941176470588235 0.3063021316033364 0.06941176470588235 0.019462465245597776
2 0.11352941176470588 0.34986098239110286 0.10941176470588235 0.013901760889712697
3 0.2876470588235294 0.3531047265987025 0.20352941176470588 0.020389249304911955
2 0.5058823529411764 0.34986098239110286 0.06352941176470588 0.013901760889712697
3 0.5723529411764706 0.35032437442076 0.03411764705882353 0.014828544949026877
2 0.10882352941176471 0.4151992585727525 0.1 0.014828544949026877
5 0.24705882352941178 0.42168674698795183 0.023529411764705882 0.018535681186283594
2 0.29705882352941176 0.41473586654309547 0.052941176470588235 0.013901760889712697
4 0.4235294117647059 0.42168674698795183 0.023529411764705882 0.018535681186283594
2 0.46352941176470586 0.41473586654309547 0.03294117647058824 0.013901760889712697
1 0.2605882352941176 0.4717330861909175 0.40352941176470586 0.016682113067655237
2 0.6670588235294118 0.5194624652455978 0.15764705882352942 0.019462465245597776
1 0.6758823529411765 0.541241890639481 0.1988235294117647 0.016682113067655237