0 0.5 0.05296229802513465 0.6423529411764706 0.01615798922800718
0 0.5 0.12432675044883304 0.24941176470588236 0.01526032315978456
2 0.09294117647058824 0.2069120287253142 0.06823529411764706 0.018850987432675045
3 0.17411764705882352 0.20511669658886894 0.058823529411764705 0.01526032315978456
2 0.47941176470588237 0.20646319569120286 0.09294117647058824 0.017953321364452424
3 0.5729411764705883 0.20511669658886894 0.058823529411764705 0.01526032315978456
2 0.09294117647058824 0.2517953321364452 0.06823529411764706 0.018850987432675045
3 0.17529411764705882 0.2517953321364452 0.0611764705882353 0.018850987432675045
2 0.46705882352941175 0.2517953321364452 0.06823529411764706 0.018850987432675045
3 0.5452941176470588 0.2495511669658887 0.052941176470588235 0.01436265709156194
2 0.08294117647058824 0.296229802513465 0.04823529411764706 0.017953321364452424
3 0.14529411764705882 0.29488330341113106 0.041176470588235294 0.01526032315978456
2 0.4447058823529412 0.29398563734290845 0.06352941176470588 0.013464991023339317
3 0.5247058823529411 0.2966786355475763 0.0611764705882353 0.018850987432675045
2 0.11294117647058824 0.34111310592459604 0.10823529411764705 0.017953321364452424
3 0.20823529411764705 0.3393177737881508 0.047058823529411764 0.01436265709156194
2 0.4970588235294118 0.34111310592459604 0.04823529411764706 0.017953321364452424
3 0.5664705882352942 0.34156193895870735 0.05529411764705883 0.018850987432675045
2 0.10529411764705883 0.3859964093357271 0.09294117647058824 0.017953321364452424
3 0.20411764705882354 0.3864452423698384 0.06941176470588235 0.018850987432675045
2 0.10882352941176471 0.44703770197486536 0.1 0.01436265709156194
5 0.24705882352941178 0.4533213644524237 0.023529411764705882 0.017953321364452424
2 0.29705882352941176 0.44658886894075406 0.052941176470588235 0.013464991023339317
4 0.4235294117647059 0.4533213644524237 0.023529411764705882 0.017953321364452424
2 0.46352941176470586 0.44658886894075406 0.03294117647058824 0.013464991023339317
1 0.2605882352941176 0.5017953321364452 0.40352941176470586 0.01615798922800718
2 0.6670588235294118 0.5480251346499102 0.15764705882352942 0.018850987432675045
1 0.6758823529411765 0.5691202872531418 0.1988235294117647 0.01615798922800718