0 0.5 0.05493482309124767 0.6423529411764706 0.01675977653631285
0 0.5 0.12942271880819367 0.28352941176470586 0.01675977653631285
2 0.09294117647058824 0.21461824953445066 0.06823529411764706 0.019553072625698324
2 0.4747058823529412 0.2122905027932961 0.08352941176470588 0.0148975791433892
2 0.10058823529411764 0.25884543761638734 0.08352941176470588 0.0148975791433892
3 0.19176470588235295 0.2602420856610801 0.06352941176470588 0.017690875232774673
2 0.4723529411764706 0.260707635009311 0.04823529411764706 0.0186219739292365
3 0.5376470588235294 0.2602420856610801 0.047058823529411764 0.017690875232774673
2 0.08294117647058824 0.30726256983240224 0.04823529411764706 0.0186219739292365
2 0.09294117647058824 0.3542830540037244 0.06823529411764706 0.019553072625698324
2 0.45705882352941174 0.3538175046554935 0.04823529411764706 0.0186219739292365
3 0.5370588235294118 0.3547486033519553 0.07647058823529412 0.020484171322160148
2 0.08294117647058824 0.40037243947858475 0.04823529411764706 0.0186219739292365
3 0.15529411764705883 0.40083798882681565 0.0611764705882353 0.019553072625698324
2 0.10882352941176471 0.46368715083798884 0.1 0.0148975791433892
5 0.24705882352941178 0.4702048417132216 0.023529411764705882 0.0186219739292365
2 0.29705882352941176 0.46322160148975794 0.052941176470588235 0.013966480446927373
4 0.4235294117647059 0.4702048417132216 0.023529411764705882 0.0186219739292365
2 0.46352941176470586 0.46322160148975794 0.03294117647058824 0.013966480446927373
1 0.2605882352941176 0.5204841713221602 0.40352941176470586 0.01675977653631285
2 0.6670588235294118 0.5684357541899442 0.15764705882352942 0.019553072625698324
1 0.6758823529411765 0.590316573556797 0.1988235294117647 0.01675977653631285