0 0.5 0.05060034305317324 0.6423529411764706 0.015437392795883362
0 0.5 0.11921097770154374 0.30470588235294116 0.015437392795883362
2 0.11352941176470588 0.1951114922813036 0.10941176470588235 0.012864493996569469
3 0.24058823529411766 0.1998284734133791 0.10941176470588235 0.022298456260720412
2 0.1411764705882353 0.24056603773584906 0.16470588235294117 0.018010291595197257
3 0.2641176470588235 0.23842195540308747 0.04588235294117647 0.0137221269296741
2 0.5835294117647059 0.24013722126929674 0.10823529411764705 0.017152658662092625
2 0.08294117647058824 0.2830188679245283 0.04823529411764706 0.017152658662092625
2 0.10529411764705883 0.3259005145797599 0.09294117647058824 0.017152658662092625
3 0.1935294117647059 0.3263293310463122 0.04823529411764706 0.018010291595197257
2 0.10058823529411764 0.3670668953687822 0.08352941176470588 0.0137221269296741
2 0.10882352941176471 0.42710120068610635 0.1 0.0137221269296741
5 0.24705882352941178 0.43310463121783876 0.023529411764705882 0.017152658662092625
2 0.29705882352941176 0.42667238421955406 0.052941176470588235 0.012864493996569469
4 0.4235294117647059 0.43310463121783876 0.023529411764705882 0.017152658662092625
2 0.46352941176470586 0.42667238421955406 0.03294117647058824 0.012864493996569469
1 0.2605882352941176 0.4794168096054888 0.40352941176470586 0.015437392795883362
2 0.6670588235294118 0.5235849056603774 0.15764705882352942 0.018010291595197257
1 0.6758823529411765 0.5437392795883362 0.1988235294117647 0.015437392795883362