0 0.5 0.05795677799607073 0.6423529411764706 0.01768172888015717
0 0.5 0.13605108055009824 0.24941176470588236 0.01669941060903733
2 0.08294117647058824 0.22593320235756384 0.04823529411764706 0.019646365422396856
2 0.10058823529411764 0.2730844793713163 0.08352941176470588 0.015717092337917484
2 0.4723529411764706 0.275049115913556 0.04823529411764706 0.019646365422396856
2 0.10529411764705883 0.3241650294695481 0.09294117647058824 0.019646365422396856
2 0.10058823529411764 0.3713163064833006 0.08352941176470588 0.015717092337917484
2 0.11294117647058824 0.4223968565815324 0.10823529411764705 0.019646365422396856
2 0.10529411764705883 0.4715127701375246 0.09294117647058824 0.019646365422396856
2 0.10882352941176471 0.5383104125736738 0.1 0.015717092337917484
4 0.24705882352941178 0.5451866404715128 0.023529411764705882 0.019646365422396856
2 0.29705882352941176 0.537819253438114 0.052941176470588235 0.014734774066797643
4 0.4235294117647059 0.5451866404715128 0.023529411764705882 0.019646365422396856
2 0.46352941176470586 0.537819253438114 0.03294117647058824 0.014734774066797643
1 0.2605882352941176 0.5982318271119843 0.40352941176470586 0.01768172888015717
2 0.6670588235294118 0.6488212180746562 0.15764705882352942 0.0206286836935167
1 0.6758823529411765 0.6719056974459725 0.1988235294117647 0.01768172888015717