0 0.5 0.0500848896434635 0.6423529411764706 0.015280135823429542
0 0.5 0.11757215619694397 0.24941176470588236 0.014431239388794566
2 0.09294117647058824 0.19567062818336162 0.06823529411764706 0.017826825127334467
2 0.48705882352941177 0.19524617996604415 0.10823529411764705 0.01697792869269949
2 0.10058823529411764 0.23599320882852293 0.08352941176470588 0.013582342954159592
2 0.10058823529411764 0.27843803056027167 0.08352941176470588 0.013582342954159592
2 0.08294117647058824 0.3225806451612903 0.04823529411764706 0.01697792869269949
2 0.08294117647058824 0.36502546689303905 0.04823529411764706 0.01697792869269949
2 0.45941176470588235 0.36502546689303905 0.09294117647058824 0.01697792869269949
2 0.10882352941176471 0.4227504244482173 0.1 0.013582342954159592
4 0.24705882352941178 0.42869269949066213 0.023529411764705882 0.01697792869269949
2 0.29705882352941176 0.42232597623089985 0.052941176470588235 0.012733446519524618
4 0.4235294117647059 0.42869269949066213 0.023529411764705882 0.01697792869269949
2 0.46352941176470586 0.42232597623089985 0.03294117647058824 0.012733446519524618
1 0.2605882352941176 0.47453310696095075 0.40352941176470586 0.015280135823429542
2 0.6670588235294118 0.5182512733446519 0.15764705882352942 0.017826825127334467
1 0.6758823529411765 0.5382003395585738 0.1988235294117647 0.015280135823429542