0 0.5 0.050643776824034335 0.6423529411764706 0.015450643776824034
0 0.5 0.11931330472103004 0.2647058823529412 0.015450643776824034
2 0.10058823529411764 0.19570815450643778 0.08352941176470588 0.013733905579399141
3 0.18352941176470589 0.19785407725321888 0.047058823529411764 0.018025751072961373
2 0.08294117647058824 0.24034334763948498 0.04823529411764706 0.017167381974248927
3 0.15411764705882353 0.2390557939914163 0.058823529411764705 0.014592274678111588
2 0.4470588235294118 0.2407725321888412 0.06823529411764706 0.018025751072961373
3 0.5158823529411765 0.23991416309012875 0.03411764705882353 0.01630901287553648
2 0.09058823529411765 0.2811158798283262 0.06352941176470588 0.012875536480686695
3 0.17470588235294118 0.2836909871244635 0.06941176470588235 0.018025751072961373
2 0.4623529411764706 0.2836909871244635 0.06823529411764706 0.018025751072961373
3 0.528235294117647 0.2815450643776824 0.02823529411764706 0.013733905579399141
2 0.11294117647058824 0.3261802575107296 0.10823529411764705 0.017167381974248927
3 0.2076470588235294 0.3257510729613734 0.04588235294117647 0.01630901287553648
2 0.09058823529411765 0.3669527896995708 0.06352941176470588 0.012875536480686695
3 0.1635294117647059 0.3686695278969957 0.047058823529411764 0.01630901287553648
2 0.10882352941176471 0.4274678111587983 0.1 0.013733905579399141
5 0.24705882352941178 0.4334763948497854 0.023529411764705882 0.017167381974248927
2 0.29705882352941176 0.4270386266094421 0.052941176470588235 0.012875536480686695
4 0.4235294117647059 0.4334763948497854 0.023529411764705882 0.017167381974248927
2 0.46352941176470586 0.4270386266094421 0.03294117647058824 0.012875536480686695
1 0.2605882352941176 0.4798283261802575 0.40352941176470586 0.015450643776824034
2 0.6670588235294118 0.5240343347639485 0.15764705882352942 0.018025751072961373
1 0.6758823529411765 0.544206008583691 0.1988235294117647 0.015450643776824034