0 0.5 0.05619047619047619 0.6423529411764706 0.017142857142857144
0 0.5 0.13238095238095238 0.2647058823529412 0.017142857142857144
2 0.08294117647058824 0.21904761904761905 0.04823529411764706 0.01904761904761905
3 0.15235294117647058 0.2195238095238095 0.05529411764705883 0.02
2 0.08294117647058824 0.26666666666666666 0.04823529411764706 0.01904761904761905
3 0.15411764705882353 0.26761904761904765 0.058823529411764705 0.02095238095238095
2 0.4447058823529412 0.2642857142857143 0.06352941176470588 0.014285714285714285
3 0.5288235294117647 0.2671428571428571 0.06941176470588235 0.02
2 0.11352941176470588 0.3119047619047619 0.10941176470588235 0.014285714285714285
3 0.27176470588235296 0.3171428571428571 0.17176470588235293 0.024761904761904763
2 0.5288235294117647 0.3119047619047619 0.10941176470588235 0.014285714285714285
3 0.6805882352941176 0.3142857142857143 0.1588235294117647 0.01904761904761905
2 0.11352941176470588 0.3595238095238095 0.10941176470588235 0.014285714285714285
3 0.23647058823529413 0.3628571428571429 0.1011764705882353 0.02095238095238095
2 0.11294117647058824 0.4095238095238095 0.10823529411764705 0.01904761904761905
3 0.20470588235294118 0.4080952380952381 0.04 0.01619047619047619
2 0.10882352941176471 0.4742857142857143 0.1 0.015238095238095238
5 0.24705882352941178 0.48095238095238096 0.023529411764705882 0.01904761904761905
2 0.29705882352941176 0.4738095238095238 0.052941176470588235 0.014285714285714285
4 0.4235294117647059 0.48095238095238096 0.023529411764705882 0.01904761904761905
2 0.46352941176470586 0.4738095238095238 0.03294117647058824 0.014285714285714285
1 0.2605882352941176 0.5323809523809524 0.40352941176470586 0.017142857142857144
2 0.6670588235294118 0.5814285714285714 0.15764705882352942 0.02
1 0.6758823529411765 0.6038095238095238 0.1988235294117647 0.017142857142857144