0 0.5 0.05447830101569714 0.6423529411764706 0.01662049861495845
0 0.5 0.1283471837488458 0.30470588235294116 0.01662049861495845
2 0.11352941176470588 0.2100646352723915 0.10941176470588235 0.013850415512465374
2 0.1411764705882353 0.2590027700831025 0.16470588235294117 0.019390581717451522
3 0.2576470588235294 0.2566943674976916 0.03294117647058824 0.014773776546629732
2 0.1411764705882353 0.3051708217913204 0.16470588235294117 0.019390581717451522
3 0.2576470588235294 0.3051708217913204 0.03294117647058824 0.019390581717451522
2 0.5535294117647059 0.3047091412742382 0.04823529411764706 0.018467220683287166
3 0.6141176470588235 0.3028624192059095 0.03764705882352941 0.014773776546629732
2 0.10529411764705883 0.3508771929824561 0.09294117647058824 0.018467220683287166
3 0.19058823529411764 0.3494921514312096 0.042352941176470586 0.01569713758079409
2 0.10882352941176471 0.4136657433056325 0.1 0.014773776546629732
4 0.24705882352941178 0.420129270544783 0.023529411764705882 0.018467220683287166
2 0.29705882352941176 0.4132040627885503 0.052941176470588235 0.013850415512465374
5 0.4235294117647059 0.420129270544783 0.023529411764705882 0.018467220683287166
2 0.46352941176470586 0.4132040627885503 0.03294117647058824 0.013850415512465374
1 0.2605882352941176 0.46999076638965837 0.40352941176470586 0.01662049861495845
2 0.6670588235294118 0.5175438596491229 0.15764705882352942 0.019390581717451522
1 0.6758823529411765 0.5392428439519852 0.1988235294117647 0.01662049861495845