0 0.5 0.05310531053105311 0.6423529411764706 0.016201620162016202
0 0.5 0.12466246624662466 0.23294117647058823 0.0153015301530153
2 0.10058823529411764 0.20522052205220523 0.08352941176470588 0.0144014401440144
2 0.08294117647058824 0.252025202520252 0.04823529411764706 0.018001800180018002
3 0.15941176470588236 0.2524752475247525 0.06941176470588235 0.018901890189018902
2 0.4470588235294118 0.2524752475247525 0.06823529411764706 0.018901890189018902
2 0.10058823529411764 0.2952295229522952 0.08352941176470588 0.0144014401440144
3 0.17411764705882352 0.2952295229522952 0.02823529411764706 0.0144014401440144
2 0.11352941176470588 0.3397839783978398 0.10941176470588235 0.013501350135013501
2 0.10882352941176471 0.40324032403240323 0.1 0.0144014401440144
4 0.24705882352941178 0.4095409540954095 0.023529411764705882 0.018001800180018002
2 0.29705882352941176 0.40279027902790276 0.052941176470588235 0.013501350135013501
5 0.4235294117647059 0.4095409540954095 0.023529411764705882 0.018001800180018002
2 0.46352941176470586 0.40279027902790276 0.03294117647058824 0.013501350135013501
1 0.2605882352941176 0.45814581458145814 0.40352941176470586 0.016201620162016202
2 0.6670588235294118 0.5045004500450045 0.15764705882352942 0.018901890189018902
1 0.6758823529411765 0.5256525652565257 0.1988235294117647 0.016201620162016202