0 0.5 0.05042735042735043 0.6423529411764706 0.015384615384615385
0 0.5 0.1188034188034188 0.30470588235294116 0.015384615384615385
2 0.10058823529411764 0.19487179487179487 0.08352941176470588 0.013675213675213675
2 0.10529411764705883 0.23931623931623933 0.09294117647058824 0.017094017094017096
3 0.19294117647058823 0.2388888888888889 0.047058823529411764 0.01623931623931624
2 0.09294117647058824 0.2824786324786325 0.06823529411764706 0.017948717948717947
2 0.10058823529411764 0.3230769230769231 0.08352941176470588 0.013675213675213675
2 0.5029411764705882 0.32264957264957267 0.10941176470588235 0.01282051282051282
2 0.08294117647058824 0.36752136752136755 0.04823529411764706 0.017094017094017096
2 0.08294117647058824 0.41025641025641024 0.04823529411764706 0.017094017094017096
2 0.10882352941176471 0.4683760683760684 0.1 0.013675213675213675
4 0.24705882352941178 0.47435897435897434 0.023529411764705882 0.017094017094017096
2 0.29705882352941176 0.46794871794871795 0.052941176470588235 0.01282051282051282
5 0.4235294117647059 0.47435897435897434 0.023529411764705882 0.017094017094017096
2 0.46352941176470586 0.46794871794871795 0.03294117647058824 0.01282051282051282
1 0.2605882352941176 0.5205128205128206 0.40352941176470586 0.015384615384615385
2 0.6670588235294118 0.5645299145299145 0.15764705882352942 0.017948717948717947
1 0.6758823529411765 0.5846153846153846 0.1988235294117647 0.015384615384615385