0 0.5 0.0544280442804428 0.6423529411764706 0.016605166051660517
0 0.5 0.1282287822878229 0.30470588235294116 0.016605166051660517
2 0.09058823529411765 0.20987084870848707 0.06352941176470588 0.013837638376383764
3 0.15705882352941178 0.21033210332103322 0.03411764705882353 0.014760147601476014
2 0.10058823529411764 0.2564575645756458 0.08352941176470588 0.014760147601476014
3 0.17705882352941177 0.2578413284132841 0.03411764705882353 0.017527675276752766
2 0.08294117647058824 0.3044280442804428 0.04823529411764706 0.01845018450184502
3 0.15470588235294117 0.3039667896678967 0.06 0.017527675276752766
2 0.09058823529411765 0.3482472324723247 0.06352941176470588 0.013837638376383764
3 0.17058823529411765 0.35101476014760147 0.0611764705882353 0.01937269372693727
2 0.4747058823529412 0.3505535055350554 0.09294117647058824 0.01845018450184502
3 0.5623529411764706 0.35101476014760147 0.047058823529411764 0.01937269372693727
2 0.11294117647058824 0.3966789667896679 0.10823529411764705 0.01845018450184502
3 0.20588235294117646 0.3952952029520295 0.042352941176470586 0.015682656826568265
2 0.10882352941176471 0.45940959409594095 0.1 0.014760147601476014
4 0.24705882352941178 0.46586715867158673 0.023529411764705882 0.01845018450184502
2 0.29705882352941176 0.4589483394833948 0.052941176470588235 0.013837638376383764
5 0.4235294117647059 0.46586715867158673 0.023529411764705882 0.01845018450184502
2 0.46352941176470586 0.4589483394833948 0.03294117647058824 0.013837638376383764
1 0.2605882352941176 0.5156826568265682 0.40352941176470586 0.016605166051660517
2 0.6670588235294118 0.5631918819188192 0.15764705882352942 0.01937269372693727
1 0.6758823529411765 0.584870848708487 0.1988235294117647 0.016605166051660517