0 0.5 0.05349048050770626 0.6423529411764706 0.016319129646418858
0 0.5 0.12601994560290117 0.28352941176470586 0.016319129646418858
2 0.1411764705882353 0.20897552130553038 0.16470588235294117 0.019038984587488667
3 0.27588235294117647 0.20897552130553038 0.06941176470588235 0.019038984587488667
2 0.09058823529411765 0.2515865820489574 0.06352941176470588 0.013599274705349048
3 0.1676470588235294 0.2543064369900272 0.05529411764705883 0.019038984587488667
2 0.11294117647058824 0.2991840435176791 0.10823529411764705 0.01813236627379873
3 0.21058823529411766 0.29782411604714415 0.05176470588235294 0.015412511332728921
2 0.5270588235294118 0.2991840435176791 0.10823529411764705 0.01813236627379873
3 0.6129411764705882 0.29782411604714415 0.02823529411764706 0.015412511332728921
2 0.09294117647058824 0.34496826835902084 0.06823529411764706 0.019038984587488667
3 0.1711764705882353 0.34270172257479603 0.052941176470588235 0.014505893019038985
2 0.5152941176470588 0.34496826835902084 0.16470588235294117 0.019038984587488667
3 0.638235294117647 0.34270172257479603 0.04588235294117647 0.014505893019038985
2 0.11294117647058824 0.3898458748866727 0.10823529411764705 0.01813236627379873
3 0.1988235294117647 0.3884859474161378 0.02823529411764706 0.015412511332728921
2 0.11352941176470588 0.4329102447869447 0.10941176470588235 0.013599274705349048
3 0.24294117647058824 0.43336355394378967 0.11411764705882353 0.014505893019038985
2 0.10882352941176471 0.4968268359020852 0.1 0.014505893019038985
5 0.24705882352941178 0.5031731640979148 0.023529411764705882 0.01813236627379873
2 0.29705882352941176 0.49637352674524027 0.052941176470588235 0.013599274705349048
4 0.4235294117647059 0.5031731640979148 0.023529411764705882 0.01813236627379873
2 0.46352941176470586 0.49637352674524027 0.03294117647058824 0.013599274705349048
1 0.2605882352941176 0.5521305530371714 0.40352941176470586 0.016319129646418858
2 0.6670588235294118 0.5988213961922031 0.15764705882352942 0.019038984587488667
1 0.6758823529411765 0.6201269265639165 0.1988235294117647 0.016319129646418858