0 0.5 0.05225863596102746 0.6423529411764706 0.015943312666076175
0 0.5 0.12267493356953056 0.23294117647058823 0.015057573073516387
2 0.11294117647058824 0.20372010628875112 0.10823529411764705 0.01771479185119575
3 0.20823529411764705 0.204162976085031 0.047058823529411764 0.018600531443755536
2 0.09058823529411765 0.245792736935341 0.06352941176470588 0.013286093888396812
3 0.17941176470588235 0.24889282550930025 0.07882352941176471 0.01948627103631532
2 0.1411764705882353 0.29273693534100975 0.16470588235294117 0.018600531443755536
3 0.27176470588235296 0.29273693534100975 0.0611764705882353 0.018600531443755536
2 0.08294117647058824 0.3365810451727192 0.04823529411764706 0.01771479185119575
3 0.14823529411764705 0.33702391496899914 0.047058823529411764 0.018600531443755536
2 0.10882352941176471 0.39681133746678476 0.1 0.0141718334809566
4 0.24705882352941178 0.4030115146147033 0.023529411764705882 0.01771479185119575
2 0.29705882352941176 0.3963684676705049 0.052941176470588235 0.013286093888396812
5 0.4235294117647059 0.4030115146147033 0.023529411764705882 0.01771479185119575
2 0.46352941176470586 0.3963684676705049 0.03294117647058824 0.013286093888396812
1 0.2605882352941176 0.4508414526129318 0.40352941176470586 0.015943312666076175
2 0.6670588235294118 0.49645704162976084 0.15764705882352942 0.018600531443755536
1 0.6758823529411765 0.5172719220549159 0.1988235294117647 0.015943312666076175