0 0.5 0.05373406193078324 0.6423529411764706 0.01639344262295082
0 0.5 0.12659380692167577 0.2647058823529412 0.01639344262295082
2 0.10058823529411764 0.20765027322404372 0.08352941176470588 0.014571948998178506
3 0.18294117647058825 0.20765027322404372 0.04588235294117647 0.014571948998178506
2 0.4723529411764706 0.20947176684881602 0.04823529411764706 0.018214936247723135
3 0.5305882352941177 0.20765027322404372 0.03294117647058824 0.014571948998178506
2 0.10058823529411764 0.25318761384335153 0.08352941176470588 0.014571948998178506
3 0.18176470588235294 0.25364298724954465 0.04352941176470588 0.015482695810564663
2 0.11294117647058824 0.3005464480874317 0.10823529411764705 0.018214936247723135
3 0.21411764705882352 0.30145719489981787 0.058823529411764705 0.020036429872495445
2 0.10529411764705883 0.3460837887067395 0.09294117647058824 0.018214936247723135
3 0.18588235294117647 0.3465391621129326 0.03294117647058824 0.01912568306010929
2 0.10058823529411764 0.38979963570127507 0.08352941176470588 0.014571948998178506
3 0.17941176470588235 0.39162112932604737 0.03882352941176471 0.018214936247723135
2 0.4723529411764706 0.39162112932604737 0.04823529411764706 0.018214936247723135
3 0.5347058823529411 0.39025500910746813 0.041176470588235294 0.015482695810564663
2 0.11294117647058824 0.4371584699453552 0.10823529411764705 0.018214936247723135
3 0.2076470588235294 0.4353369763205829 0.04588235294117647 0.014571948998178506
2 0.10882352941176471 0.4990892531876138 0.1 0.014571948998178506
5 0.24705882352941178 0.505464480874317 0.023529411764705882 0.018214936247723135
2 0.29705882352941176 0.49863387978142076 0.052941176470588235 0.01366120218579235
4 0.4235294117647059 0.505464480874317 0.023529411764705882 0.018214936247723135
2 0.46352941176470586 0.49863387978142076 0.03294117647058824 0.01366120218579235
1 0.2605882352941176 0.5546448087431693 0.40352941176470586 0.01639344262295082
2 0.6670588235294118 0.6015482695810564 0.15764705882352942 0.01912568306010929
1 0.6758823529411765 0.6229508196721312 0.1988235294117647 0.01639344262295082