0 0.5 0.05795677799607073 0.6423529411764706 0.01768172888015717
0 0.5 0.13654223968565815 0.2647058823529412 0.01768172888015717
2 0.11352941176470588 0.22347740667976423 0.10941176470588235 0.014734774066797643
3 0.27058823529411763 0.22642436149312378 0.16941176470588235 0.0206286836935167
2 0.09294117647058824 0.27554027504911593 0.06823529411764706 0.0206286836935167
3 0.17058823529411765 0.2735756385068762 0.05176470588235294 0.01669941060903733
2 0.47941176470588237 0.275049115913556 0.09294117647058824 0.019646365422396856
3 0.5676470588235294 0.27554027504911593 0.04823529411764706 0.0206286836935167
2 0.08294117647058824 0.3241650294695481 0.04823529411764706 0.019646365422396856
3 0.1511764705882353 0.32220039292730845 0.052941176470588235 0.015717092337917484
2 0.11352941176470588 0.3708251473477407 0.10941176470588235 0.014734774066797643
3 0.2852941176470588 0.3742632612966601 0.1988235294117647 0.021611001964636542
2 0.09058823529411765 0.4199410609037328 0.06352941176470588 0.014734774066797643
3 0.1564705882352941 0.4204322200392927 0.03294117647058824 0.015717092337917484
2 0.11352941176470588 0.46905697445972494 0.10941176470588235 0.014734774066797643
3 0.23705882352941177 0.47003929273084477 0.10235294117647059 0.01669941060903733
2 0.10882352941176471 0.5383104125736738 0.1 0.015717092337917484
4 0.24705882352941178 0.5451866404715128 0.023529411764705882 0.019646365422396856
2 0.29705882352941176 0.537819253438114 0.052941176470588235 0.014734774066797643
5 0.4235294117647059 0.5451866404715128 0.023529411764705882 0.019646365422396856
2 0.46352941176470586 0.537819253438114 0.03294117647058824 0.014734774066797643
1 0.2605882352941176 0.5982318271119843 0.40352941176470586 0.01768172888015717
2 0.6670588235294118 0.6488212180746562 0.15764705882352942 0.0206286836935167
1 0.6758823529411765 0.6719056974459725 0.1988235294117647 0.01768172888015717