0 0.5 0.04953820319059614 0.6423529411764706 0.015113350125944584
0 0.5 0.11628883291351805 0.23294117647058823 0.014273719563392108
2 0.11294117647058824 0.19311502938706968 0.10823529411764705 0.016792611251049538
3 0.20705882352941177 0.19185558354324098 0.04470588235294118 0.014273719563392108
2 0.08294117647058824 0.23509655751469352 0.04823529411764706 0.016792611251049538
3 0.15529411764705883 0.23551637279596976 0.0611764705882353 0.017632241813602016
2 0.4370588235294118 0.23509655751469352 0.04823529411764706 0.016792611251049538
3 0.4958823529411765 0.23341729638958858 0.03411764705882353 0.01343408900083963
2 0.1411764705882353 0.2774979009235936 0.16470588235294117 0.017632241813602016
3 0.2647058823529412 0.2766582703610411 0.047058823529411764 0.01595298068849706
2 0.5535294117647059 0.2770780856423174 0.04823529411764706 0.016792611251049538
3 0.6258823529411764 0.27581863979848864 0.0611764705882353 0.014273719563392108
2 0.11294117647058824 0.31905961376994124 0.10823529411764705 0.016792611251049538
3 0.21294117647058824 0.3178001679261125 0.05647058823529412 0.014273719563392108
2 0.10529411764705883 0.3610411418975651 0.09294117647058824 0.016792611251049538
3 0.19588235294117648 0.3593618807724601 0.052941176470588235 0.01343408900083963
2 0.10529411764705883 0.40302267002518893 0.09294117647058824 0.016792611251049538
3 0.18588235294117647 0.40344248530646515 0.03294117647058824 0.017632241813602016
2 0.10882352941176471 0.46011754827875734 0.1 0.01343408900083963
5 0.24705882352941178 0.4659949622166247 0.023529411764705882 0.016792611251049538
2 0.29705882352941176 0.4596977329974811 0.052941176470588235 0.012594458438287154
4 0.4235294117647059 0.4659949622166247 0.023529411764705882 0.016792611251049538
2 0.46352941176470586 0.4596977329974811 0.03294117647058824 0.012594458438287154
1 0.2605882352941176 0.5113350125944585 0.40352941176470586 0.015113350125944584
2 0.6670588235294118 0.554575986565911 0.15764705882352942 0.017632241813602016
1 0.6758823529411765 0.5743073047858942 0.1988235294117647 0.015113350125944584