0 0.5 0.05784313725490196 0.6423529411764706 0.01764705882352941
0 0.5 0.13578431372549019 0.23294117647058823 0.016666666666666666
2 0.11352941176470588 0.22303921568627452 0.10941176470588235 0.014705882352941176
3 0.2782352941176471 0.22549019607843138 0.18470588235294116 0.0196078431372549
2 0.5564705882352942 0.22598039215686275 0.16470588235294117 0.020588235294117647
3 0.6858823529411765 0.22647058823529412 0.058823529411764705 0.021568627450980392
2 0.08294117647058824 0.27450980392156865 0.04823529411764706 0.0196078431372549
3 0.15470588235294117 0.2740196078431373 0.06 0.018627450980392157
2 0.10058823529411764 0.3215686274509804 0.08352941176470588 0.01568627450980392
3 0.18588235294117647 0.3220588235294118 0.05176470588235294 0.016666666666666666
2 0.48 0.32107843137254904 0.06352941176470588 0.014705882352941176
3 0.56 0.3220588235294118 0.0611764705882353 0.016666666666666666
2 0.11294117647058824 0.37254901960784315 0.10823529411764705 0.0196078431372549
3 0.20823529411764705 0.3730392156862745 0.047058823529411764 0.020588235294117647
2 0.5194117647058824 0.37254901960784315 0.09294117647058824 0.0196078431372549
3 0.6076470588235294 0.37058823529411766 0.04823529411764706 0.01568627450980392
2 0.09294117647058824 0.42205882352941176 0.06823529411764706 0.020588235294117647
3 0.17588235294117646 0.42205882352941176 0.06235294117647059 0.020588235294117647
2 0.46705882352941175 0.42205882352941176 0.06823529411764706 0.020588235294117647
3 0.5447058823529412 0.4200980392156863 0.05176470588235294 0.016666666666666666
2 0.10529411764705883 0.47058823529411764 0.09294117647058824 0.0196078431372549
3 0.18352941176470589 0.46911764705882353 0.02823529411764706 0.016666666666666666
2 0.4894117647058824 0.4681372549019608 0.06352941176470588 0.014705882352941176
3 0.5694117647058824 0.471078431372549 0.0611764705882353 0.020588235294117647
2 0.10882352941176471 0.5372549019607843 0.1 0.01568627450980392
4 0.24705882352941178 0.5441176470588235 0.023529411764705882 0.0196078431372549
2 0.29705882352941176 0.5367647058823529 0.052941176470588235 0.014705882352941176
5 0.4235294117647059 0.5441176470588235 0.023529411764705882 0.0196078431372549
2 0.46352941176470586 0.5367647058823529 0.03294117647058824 0.014705882352941176
1 0.2605882352941176 0.5970588235294118 0.40352941176470586 0.01764705882352941
2 0.6670588235294118 0.6475490196078432 0.15764705882352942 0.020588235294117647
1 0.6758823529411765 0.6705882352941176 0.1988235294117647 0.01764705882352941