0 0.5 0.0496215306980656 0.6423529411764706 0.015138772077375946
0 0.5 0.11648444070647603 0.23294117647058823 0.014297729184188394
2 0.08294117647058824 0.1934398654331371 0.04823529411764706 0.01682085786375105
2 0.10529411764705883 0.23549201009251472 0.09294117647058824 0.01682085786375105
2 0.09294117647058824 0.27796467619848614 0.06823529411764706 0.017661900756938603
2 0.10529411764705883 0.31959629941127 0.09294117647058824 0.01682085786375105
2 0.10058823529411764 0.3599663582842725 0.08352941176470588 0.01345668629100084
2 0.10882352941176471 0.4188393608074012 0.1 0.01345668629100084
4 0.24705882352941178 0.4247266610597141 0.023529411764705882 0.01682085786375105
2 0.29705882352941176 0.4184188393608074 0.052941176470588235 0.012615643397813289
4 0.4235294117647059 0.4247266610597141 0.023529411764705882 0.01682085786375105
2 0.46352941176470586 0.4184188393608074 0.03294117647058824 0.012615643397813289
1 0.2605882352941176 0.4701429772918419 0.40352941176470586 0.015138772077375946
2 0.6670588235294118 0.5134566862910008 0.15764705882352942 0.017661900756938603
1 0.6758823529411765 0.5332211942809083 0.1988235294117647 0.015138772077375946