0 0.5 0.05117085862966175 0.6423529411764706 0.015611448395490026
0 0.5 0.12055507372072853 0.28352941176470586 0.015611448395490026
2 0.09294117647058824 0.19991326973113616 0.06823529411764706 0.01821335646140503
3 0.1652941176470588 0.1981786643538595 0.041176470588235294 0.014744145706851692
2 0.10058823529411764 0.24111014744145706 0.08352941176470588 0.013876843018213356
3 0.18470588235294116 0.24111014744145706 0.04941176470588235 0.013876843018213356
2 0.49470588235294116 0.24284475281873374 0.09294117647058824 0.017346053772766695
3 0.5823529411764706 0.2432784041630529 0.047058823529411764 0.01821335646140503
2 0.11294117647058824 0.2862098872506505 0.10823529411764705 0.017346053772766695
3 0.21058823529411766 0.28490893321769295 0.05176470588235294 0.014744145706851692
2 0.5270588235294118 0.2862098872506505 0.10823529411764705 0.017346053772766695
3 0.6182352941176471 0.2862098872506505 0.03882352941176471 0.017346053772766695
2 0.1411764705882353 0.33000867302688636 0.16470588235294117 0.01821335646140503
3 0.2576470588235294 0.33000867302688636 0.03294117647058824 0.01821335646140503
2 0.5841176470588235 0.3274067649609714 0.10941176470588235 0.013009540329575022
3 0.7164705882352941 0.33000867302688636 0.12 0.01821335646140503
2 0.11294117647058824 0.37294015611448394 0.10823529411764705 0.017346053772766695
3 0.20823529411764705 0.3725065047701648 0.047058823529411764 0.01647875108412836
2 0.5147058823529411 0.3712055507372073 0.08352941176470588 0.013876843018213356
3 0.5976470588235294 0.3733738074588031 0.047058823529411764 0.01821335646140503
2 0.10882352941176471 0.4319167389418907 0.1 0.013876843018213356
5 0.24705882352941178 0.43798785776235905 0.023529411764705882 0.017346053772766695
2 0.29705882352941176 0.43148308759757154 0.052941176470588235 0.013009540329575022
4 0.4235294117647059 0.43798785776235905 0.023529411764705882 0.017346053772766695
2 0.46352941176470586 0.43148308759757154 0.03294117647058824 0.013009540329575022
1 0.2605882352941176 0.48482220294882916 0.40352941176470586 0.015611448395490026
2 0.6670588235294118 0.5294882914137033 0.15764705882352942 0.01821335646140503
1 0.6758823529411765 0.5498699045967043 0.1988235294117647 0.015611448395490026