0 0.5 0.05193661971830986 0.6423529411764706 0.01584507042253521
0 0.5 0.12235915492957747 0.30470588235294116 0.01584507042253521
2 0.10529411764705883 0.20246478873239437 0.09294117647058824 0.017605633802816902
2 0.5041176470588236 0.20246478873239437 0.09294117647058824 0.017605633802816902
2 0.09058823529411765 0.2442781690140845 0.06352941176470588 0.013204225352112676
2 0.09058823529411765 0.28829225352112675 0.06352941176470588 0.013204225352112676
2 0.5105882352941177 0.2909330985915493 0.16470588235294117 0.018485915492957746
3 0.6411764705882353 0.2909330985915493 0.0611764705882353 0.018485915492957746
2 0.11294117647058824 0.3345070422535211 0.10823529411764705 0.017605633802816902
2 0.08294117647058824 0.3785211267605634 0.04823529411764706 0.017605633802816902
2 0.4547058823529412 0.3767605633802817 0.08352941176470588 0.014084507042253521
2 0.10882352941176471 0.43838028169014087 0.1 0.014084507042253521
4 0.24705882352941178 0.44454225352112675 0.023529411764705882 0.017605633802816902
2 0.29705882352941176 0.43794014084507044 0.052941176470588235 0.013204225352112676
5 0.4235294117647059 0.44454225352112675 0.023529411764705882 0.017605633802816902
2 0.46352941176470586 0.43794014084507044 0.03294117647058824 0.013204225352112676
1 0.2605882352941176 0.4920774647887324 0.40352941176470586 0.01584507042253521
2 0.6670588235294118 0.5374119718309859 0.15764705882352942 0.018485915492957746
1 0.6758823529411765 0.5580985915492958 0.1988235294117647 0.01584507042253521