0 0.5 0.05778648383937316 0.6423529411764706 0.01762977473065622
0 0.5 0.1356513222331048 0.23294117647058823 0.01665034280117532
2 0.10529411764705883 0.22526934378060726 0.09294117647058824 0.019588638589618023
2 0.11352941176470588 0.27179236043095006 0.10941176470588235 0.014691478942213516
3 0.2411764705882353 0.272771792360431 0.11058823529411765 0.01665034280117532
2 0.09058823529411765 0.3207639569049951 0.06352941176470588 0.014691478942213516
3 0.16941176470588235 0.32419196865817823 0.058823529411764705 0.021547502448579822
2 0.10058823529411764 0.3702252693437806 0.08352941176470588 0.015670910871694418
2 0.11352941176470588 0.4187071498530852 0.10941176470588235 0.014691478942213516
2 0.11352941176470588 0.46767874632713025 0.10941176470588235 0.014691478942213516
2 0.10882352941176471 0.5367286973555337 0.1 0.015670910871694418
4 0.24705882352941178 0.5435847208619001 0.023529411764705882 0.019588638589618023
2 0.29705882352941176 0.5362389813907933 0.052941176470588235 0.014691478942213516
5 0.4235294117647059 0.5435847208619001 0.023529411764705882 0.019588638589618023
2 0.46352941176470586 0.5362389813907933 0.03294117647058824 0.014691478942213516
1 0.2605882352941176 0.5964740450538688 0.40352941176470586 0.01762977473065622
2 0.6670588235294118 0.6469147894221352 0.15764705882352942 0.02056807051909892
1 0.6758823529411765 0.6699314397649363 0.1988235294117647 0.01762977473065622