0 0.5 0.05402930402930403 0.6423529411764706 0.016483516483516484
0 0.5 0.12683150183150182 0.24941176470588236 0.015567765567765568
2 0.10058823529411764 0.2087912087912088 0.08352941176470588 0.014652014652014652
3 0.18294117647058825 0.2087912087912088 0.04588235294117647 0.014652014652014652
2 0.1411764705882353 0.25686813186813184 0.16470588235294117 0.019230769230769232
2 0.5758823529411765 0.2564102564102564 0.09294117647058824 0.018315018315018316
3 0.6705882352941176 0.25503663003663 0.0611764705882353 0.015567765567765568
2 0.1411764705882353 0.30265567765567764 0.16470588235294117 0.019230769230769232
3 0.2611764705882353 0.3008241758241758 0.04 0.015567765567765568
2 0.09058823529411765 0.3456959706959707 0.06352941176470588 0.013736263736263736
3 0.1623529411764706 0.3484432234432234 0.04470588235294118 0.019230769230769232
2 0.10058823529411764 0.39194139194139194 0.08352941176470588 0.014652014652014652
3 0.18352941176470589 0.3933150183150183 0.047058823529411764 0.0173992673992674
2 0.1411764705882353 0.440018315018315 0.16470588235294117 0.019230769230769232
2 0.10882352941176471 0.5018315018315018 0.1 0.014652014652014652
4 0.24705882352941178 0.5082417582417582 0.023529411764705882 0.018315018315018316
2 0.29705882352941176 0.5013736263736264 0.052941176470588235 0.013736263736263736
5 0.4235294117647059 0.5082417582417582 0.023529411764705882 0.018315018315018316
2 0.46352941176470586 0.5013736263736264 0.03294117647058824 0.013736263736263736
1 0.2605882352941176 0.5576923076923077 0.40352941176470586 0.016483516483516484
2 0.6670588235294118 0.6048534798534798 0.15764705882352942 0.019230769230769232
1 0.6758823529411765 0.6263736263736264 0.1988235294117647 0.016483516483516484