0 0.5 0.058941058941058944 0.6423529411764706 0.017982017982017984
0 0.5 0.13886113886113885 0.2647058823529412 0.017982017982017984
2 0.10529411764705883 0.22977022977022976 0.09294117647058824 0.01998001998001998
2 0.10529411764705883 0.27972027972027974 0.09294117647058824 0.01998001998001998
2 0.5041176470588236 0.27972027972027974 0.09294117647058824 0.01998001998001998
3 0.6076470588235294 0.2807192807192807 0.07882352941176471 0.02197802197802198
2 0.10058823529411764 0.3276723276723277 0.08352941176470588 0.015984015984015984
3 0.18941176470588236 0.32817182817182816 0.058823529411764705 0.016983016983016984
2 0.11294117647058824 0.37962037962037964 0.10823529411764705 0.01998001998001998
3 0.19941176470588234 0.3801198801198801 0.029411764705882353 0.02097902097902098
2 0.4970588235294118 0.37962037962037964 0.04823529411764706 0.01998001998001998
2 0.10882352941176471 0.44755244755244755 0.1 0.015984015984015984
4 0.24705882352941178 0.45454545454545453 0.023529411764705882 0.01998001998001998
2 0.29705882352941176 0.44705294705294707 0.052941176470588235 0.014985014985014986
5 0.4235294117647059 0.45454545454545453 0.023529411764705882 0.01998001998001998
2 0.46352941176470586 0.44705294705294707 0.03294117647058824 0.014985014985014986
1 0.2605882352941176 0.5084915084915085 0.40352941176470586 0.017982017982017984
2 0.6670588235294118 0.5599400599400599 0.15764705882352942 0.02097902097902098
1 0.6758823529411765 0.5834165834165834 0.1988235294117647 0.017982017982017984