0 0.5 0.05108225108225108 0.6423529411764706 0.015584415584415584
0 0.5 0.12034632034632034 0.2647058823529412 0.015584415584415584
2 0.09294117647058824 0.19956709956709956 0.06823529411764706 0.01818181818181818
3 0.17058823529411765 0.19783549783549784 0.05176470588235294 0.01471861471861472
2 0.10529411764705883 0.24242424242424243 0.09294117647058824 0.017316017316017316
3 0.1923529411764706 0.24069264069264068 0.04588235294117647 0.013852813852813853
2 0.10529411764705883 0.2857142857142857 0.09294117647058824 0.017316017316017316
3 0.1888235294117647 0.2857142857142857 0.03882352941176471 0.017316017316017316
2 0.5117647058823529 0.2857142857142857 0.10823529411764705 0.017316017316017316
3 0.5982352941176471 0.28614718614718615 0.029411764705882353 0.01818181818181818
2 0.09294117647058824 0.3294372294372294 0.06823529411764706 0.01818181818181818
3 0.16117647058823528 0.3294372294372294 0.03294117647058824 0.01818181818181818
2 0.47941176470588237 0.329004329004329 0.09294117647058824 0.017316017316017316
3 0.581764705882353 0.32987012987012987 0.07647058823529412 0.01904761904761905
2 0.09058823529411765 0.37012987012987014 0.06352941176470588 0.012987012987012988
3 0.16470588235294117 0.37056277056277054 0.04941176470588235 0.013852813852813853
2 0.10882352941176471 0.43116883116883115 0.1 0.013852813852813853
4 0.24705882352941178 0.43722943722943725 0.023529411764705882 0.017316017316017316
2 0.29705882352941176 0.43073593073593075 0.052941176470588235 0.012987012987012988
5 0.4235294117647059 0.43722943722943725 0.023529411764705882 0.017316017316017316
2 0.46352941176470586 0.43073593073593075 0.03294117647058824 0.012987012987012988
1 0.2605882352941176 0.48398268398268396 0.40352941176470586 0.015584415584415584
2 0.6670588235294118 0.5285714285714286 0.15764705882352942 0.01818181818181818
1 0.6758823529411765 0.5489177489177489 0.1988235294117647 0.015584415584415584