0 0.5 0.057004830917874394 0.6423529411764706 0.017391304347826087
0 0.5 0.13429951690821257 0.28352941176470586 0.017391304347826087
2 0.08294117647058824 0.2222222222222222 0.04823529411764706 0.01932367149758454
3 0.15294117647058825 0.22077294685990337 0.05647058823529412 0.01642512077294686
2 0.1411764705882353 0.2710144927536232 0.16470588235294117 0.020289855072463767
3 0.27058823529411763 0.26908212560386474 0.058823529411764705 0.01642512077294686
2 0.10529411764705883 0.3188405797101449 0.09294117647058824 0.01932367149758454
3 0.18588235294117647 0.31932367149758456 0.03294117647058824 0.020289855072463767
2 0.48176470588235293 0.3188405797101449 0.04823529411764706 0.01932367149758454
3 0.5405882352941176 0.3169082125603865 0.03411764705882353 0.015458937198067632
2 0.09058823529411765 0.3647342995169082 0.06352941176470588 0.014492753623188406
3 0.15705882352941178 0.36666666666666664 0.03411764705882353 0.018357487922705314
2 0.10058823529411764 0.41352657004830917 0.08352941176470588 0.015458937198067632
3 0.19470588235294117 0.41594202898550725 0.06941176470588235 0.020289855072463767
2 0.10882352941176471 0.4811594202898551 0.1 0.015458937198067632
5 0.24705882352941178 0.48792270531400966 0.023529411764705882 0.01932367149758454
2 0.29705882352941176 0.4806763285024155 0.052941176470588235 0.014492753623188406
4 0.4235294117647059 0.48792270531400966 0.023529411764705882 0.01932367149758454
2 0.46352941176470586 0.4806763285024155 0.03294117647058824 0.014492753623188406
1 0.2605882352941176 0.5400966183574879 0.40352941176470586 0.017391304347826087
2 0.6670588235294118 0.5898550724637681 0.15764705882352942 0.020289855072463767
1 0.6758823529411765 0.6125603864734299 0.1988235294117647 0.017391304347826087