0 0.5 0.052397868561278864 0.6423529411764706 0.015985790408525755
0 0.5 0.12344582593250444 0.28352941176470586 0.015985790408525755
2 0.1411764705882353 0.20470692717584368 0.16470588235294117 0.018650088809946713
3 0.2635294117647059 0.20293072824156305 0.04470588235294118 0.015097690941385435
2 0.5835294117647059 0.20426287744227353 0.10823529411764705 0.017761989342806393
3 0.6788235294117647 0.20470692717584368 0.047058823529411764 0.018650088809946713
2 0.10529411764705883 0.24866785079928952 0.09294117647058824 0.017761989342806393
3 0.18588235294117647 0.2468916518650089 0.03294117647058824 0.014209591474245116
2 0.09058823529411765 0.2908525754884547 0.06352941176470588 0.013321492007104795
3 0.16058823529411764 0.291740674955595 0.041176470588235294 0.015097690941385435
2 0.11294117647058824 0.33747779751332146 0.10823529411764705 0.017761989342806393
3 0.20647058823529413 0.336145648312611 0.04352941176470588 0.015097690941385435
2 0.10529411764705883 0.38188277087033745 0.09294117647058824 0.017761989342806393
3 0.1864705882352941 0.38010657193605685 0.03411764705882353 0.014209591474245116
2 0.11294117647058824 0.42628774422735344 0.10823529411764705 0.017761989342806393
3 0.20941176470588235 0.42451154529307283 0.04941176470588235 0.014209591474245116
2 0.5047058823529412 0.4240674955595027 0.06352941176470588 0.013321492007104795
3 0.5741176470588235 0.424955595026643 0.04 0.015097690941385435
2 0.10882352941176471 0.4866785079928952 0.1 0.014209591474245116
4 0.24705882352941178 0.4928952042628774 0.023529411764705882 0.017761989342806393
2 0.29705882352941176 0.48623445825932504 0.052941176470588235 0.013321492007104795
5 0.4235294117647059 0.4928952042628774 0.023529411764705882 0.017761989342806393
2 0.46352941176470586 0.48623445825932504 0.03294117647058824 0.013321492007104795
1 0.2605882352941176 0.5408525754884547 0.40352941176470586 0.015985790408525755
2 0.6670588235294118 0.5865896980461812 0.15764705882352942 0.018650088809946713
1 0.6758823529411765 0.6074600355239786 0.1988235294117647 0.015985790408525755