0 0.5 0.059 0.6423529411764706 0.018
0 0.5 0.139 0.28352941176470586 0.018
2 0.08294117647058824 0.23 0.04823529411764706 0.02
2 0.4447058823529412 0.2275 0.06352941176470588 0.015
2 0.11352941176470588 0.2775 0.10941176470588235 0.015
2 0.1411764705882353 0.3305 0.16470588235294117 0.021
2 0.5611764705882353 0.3275 0.06352941176470588 0.015
2 0.11352941176470588 0.3775 0.10941176470588235 0.015
2 0.5564705882352942 0.3805 0.16470588235294117 0.021
2 0.10058823529411764 0.428 0.08352941176470588 0.016
2 0.4823529411764706 0.4305 0.06823529411764706 0.021
2 0.09294117647058824 0.4805 0.06823529411764706 0.021
2 0.4647058823529412 0.4775 0.06352941176470588 0.015
2 0.10882352941176471 0.548 0.1 0.016
4 0.24705882352941178 0.555 0.023529411764705882 0.02
2 0.29705882352941176 0.5475 0.052941176470588235 0.015
4 0.4235294117647059 0.555 0.023529411764705882 0.02
2 0.46352941176470586 0.5475 0.03294117647058824 0.015
1 0.2605882352941176 0.609 0.40352941176470586 0.018
2 0.6670588235294118 0.6605 0.15764705882352942 0.021
1 0.6758823529411765 0.684 0.1988235294117647 0.018