0 0.5 0.05462962962962963 0.6423529411764706 0.016666666666666666
0 0.5 0.12824074074074074 0.23294117647058823 0.01574074074074074
2 0.11352941176470588 0.21064814814814814 0.10941176470588235 0.013888888888888888
2 0.11294117647058824 0.25925925925925924 0.10823529411764705 0.018518518518518517
3 0.20823529411764705 0.25787037037037036 0.047058823529411764 0.01574074074074074
2 0.5552941176470588 0.25972222222222224 0.16470588235294117 0.019444444444444445
2 0.10529411764705883 0.3055555555555556 0.09294117647058824 0.018518518518518517
3 0.1864705882352941 0.3037037037037037 0.03411764705882353 0.014814814814814815
2 0.48176470588235293 0.3055555555555556 0.04823529411764706 0.018518518518518517
2 0.10529411764705883 0.35185185185185186 0.09294117647058824 0.018518518518518517
2 0.1411764705882353 0.39861111111111114 0.16470588235294117 0.019444444444444445
2 0.10529411764705883 0.4444444444444444 0.09294117647058824 0.018518518518518517
3 0.18470588235294116 0.4425925925925926 0.03058823529411765 0.014814814814814815
2 0.10882352941176471 0.5074074074074074 0.1 0.014814814814814815
5 0.24705882352941178 0.5138888888888888 0.023529411764705882 0.018518518518518517
2 0.29705882352941176 0.5069444444444444 0.052941176470588235 0.013888888888888888
4 0.4235294117647059 0.5138888888888888 0.023529411764705882 0.018518518518518517
2 0.46352941176470586 0.5069444444444444 0.03294117647058824 0.013888888888888888
1 0.2605882352941176 0.5638888888888889 0.40352941176470586 0.016666666666666666
2 0.6670588235294118 0.611574074074074 0.15764705882352942 0.019444444444444445
1 0.6758823529411765 0.6333333333333333 0.1988235294117647 0.016666666666666666