0 0.5 0.05175438596491228 0.6423529411764706 0.015789473684210527
0 0.5 0.12149122807017544 0.23294117647058823 0.014912280701754385
2 0.09294117647058824 0.20219298245614034 0.06823529411764706 0.018421052631578946
3 0.1676470588235294 0.2 0.04588235294117647 0.014035087719298246
2 0.4647058823529412 0.19956140350877194 0.06352941176470588 0.013157894736842105
3 0.5447058823529412 0.20219298245614034 0.0611764705882353 0.018421052631578946
2 0.10529411764705883 0.24561403508771928 0.09294117647058824 0.017543859649122806
3 0.18588235294117647 0.24385964912280703 0.03294117647058824 0.014035087719298246
2 0.5117647058823529 0.24561403508771928 0.10823529411764705 0.017543859649122806
3 0.6064705882352941 0.24385964912280703 0.04588235294117647 0.014035087719298246
2 0.09058823529411765 0.28728070175438597 0.06352941176470588 0.013157894736842105
3 0.17823529411764705 0.29035087719298247 0.07647058823529412 0.01929824561403509
2 0.5105882352941177 0.2899122807017544 0.16470588235294117 0.018421052631578946
3 0.6341176470588236 0.28903508771929826 0.047058823529411764 0.016666666666666666
2 0.09058823529411765 0.33114035087719296 0.06352941176470588 0.013157894736842105
3 0.1635294117647059 0.33157894736842103 0.047058823529411764 0.014035087719298246
2 0.10882352941176471 0.3929824561403509 0.1 0.014035087719298246
5 0.24705882352941178 0.3991228070175439 0.023529411764705882 0.017543859649122806
2 0.29705882352941176 0.3925438596491228 0.052941176470588235 0.013157894736842105
4 0.4235294117647059 0.3991228070175439 0.023529411764705882 0.017543859649122806
2 0.46352941176470586 0.3925438596491228 0.03294117647058824 0.013157894736842105
1 0.2605882352941176 0.44649122807017544 0.40352941176470586 0.015789473684210527
2 0.6670588235294118 0.49166666666666664 0.15764705882352942 0.018421052631578946
1 0.6758823529411765 0.512280701754386 0.1988235294117647 0.015789473684210527