0 0.5 0.05619047619047619 0.6423529411764706 0.017142857142857144
0 0.5 0.1319047619047619 0.24941176470588236 0.01619047619047619
2 0.09294117647058824 0.2195238095238095 0.06823529411764706 0.02
3 0.1588235294117647 0.21714285714285714 0.02823529411764706 0.015238095238095238
2 0.10058823529411764 0.26476190476190475 0.08352941176470588 0.015238095238095238
3 0.18176470588235294 0.2652380952380952 0.04352941176470588 0.01619047619047619
2 0.1411764705882353 0.31476190476190474 0.16470588235294117 0.02
3 0.2711764705882353 0.3138095238095238 0.06 0.018095238095238095
2 0.11352941176470588 0.3595238095238095 0.10941176470588235 0.014285714285714285
3 0.2605882352941176 0.3628571428571429 0.14941176470588236 0.02095238095238095
2 0.528235294117647 0.3619047619047619 0.10823529411764705 0.01904761904761905
3 0.6294117647058823 0.36047619047619045 0.058823529411764705 0.01619047619047619
2 0.09294117647058824 0.41 0.06823529411764706 0.02
3 0.1688235294117647 0.41 0.04823529411764706 0.02
2 0.48705882352941177 0.4095238095238095 0.10823529411764705 0.01904761904761905
3 0.5894117647058823 0.41 0.0611764705882353 0.02
2 0.10058823529411764 0.4552380952380952 0.08352941176470588 0.015238095238095238
3 0.19058823529411764 0.4576190476190476 0.0611764705882353 0.02
2 0.4823529411764706 0.4576190476190476 0.06823529411764706 0.02
3 0.5652941176470588 0.4576190476190476 0.06235294117647059 0.02
2 0.10882352941176471 0.5219047619047619 0.1 0.015238095238095238
4 0.24705882352941178 0.5285714285714286 0.023529411764705882 0.01904761904761905
2 0.29705882352941176 0.5214285714285715 0.052941176470588235 0.014285714285714285
5 0.4235294117647059 0.5285714285714286 0.023529411764705882 0.01904761904761905
2 0.46352941176470586 0.5214285714285715 0.03294117647058824 0.014285714285714285
1 0.2605882352941176 0.58 0.40352941176470586 0.017142857142857144
2 0.6670588235294118 0.6290476190476191 0.15764705882352942 0.02
1 0.6758823529411765 0.6514285714285715 0.1988235294117647 0.017142857142857144