0 0.5 0.05339366515837104 0.6423529411764706 0.016289592760180997
0 0.5 0.1257918552036199 0.30470588235294116 0.016289592760180997
2 0.10529411764705883 0.2081447963800905 0.09294117647058824 0.01809954751131222
3 0.19411764705882353 0.20633484162895926 0.04941176470588235 0.014479638009049774
2 0.09058823529411765 0.251131221719457 0.06352941176470588 0.013574660633484163
3 0.16411764705882353 0.25384615384615383 0.04823529411764706 0.019004524886877826
2 0.10529411764705883 0.2986425339366516 0.09294117647058824 0.01809954751131222
3 0.19294117647058823 0.2990950226244344 0.047058823529411764 0.019004524886877826
2 0.54 0.2990950226244344 0.16470588235294117 0.019004524886877826
3 0.6588235294117647 0.29683257918552036 0.03764705882352941 0.014479638009049774
2 0.08294117647058824 0.3438914027149321 0.04823529411764706 0.01809954751131222
3 0.15411764705882353 0.3425339366515837 0.058823529411764705 0.015384615384615385
2 0.10058823529411764 0.38733031674208146 0.08352941176470588 0.014479638009049774
3 0.19470588235294117 0.3895927601809955 0.06941176470588235 0.019004524886877826
2 0.10529411764705883 0.4343891402714932 0.09294117647058824 0.01809954751131222
3 0.19294117647058823 0.4339366515837104 0.047058823529411764 0.017194570135746608
2 0.10882352941176471 0.49592760180995477 0.1 0.014479638009049774
4 0.24705882352941178 0.502262443438914 0.023529411764705882 0.01809954751131222
2 0.29705882352941176 0.49547511312217196 0.052941176470588235 0.013574660633484163
5 0.4235294117647059 0.502262443438914 0.023529411764705882 0.01809954751131222
2 0.46352941176470586 0.49547511312217196 0.03294117647058824 0.013574660633484163
1 0.2605882352941176 0.551131221719457 0.40352941176470586 0.016289592760180997
2 0.6670588235294118 0.597737556561086 0.15764705882352942 0.019004524886877826
1 0.6758823529411765 0.6190045248868778 0.1988235294117647 0.016289592760180997