0 0.5 0.05152838427947598 0.6423529411764706 0.01572052401746725
0 0.5 0.12096069868995633 0.23294117647058823 0.014847161572052401
2 0.10058823529411764 0.19912663755458515 0.08352941176470588 0.013973799126637555
3 0.18941176470588236 0.19956331877729258 0.058823529411764705 0.014847161572052401
2 0.5305882352941177 0.20131004366812227 0.16470588235294117 0.01834061135371179
3 0.6470588235294118 0.19912663755458515 0.03294117647058824 0.013973799126637555
2 0.11352941176470588 0.2423580786026201 0.10941176470588235 0.013100436681222707
3 0.23647058823529413 0.24497816593886462 0.1011764705882353 0.01834061135371179
2 0.49823529411764705 0.2445414847161572 0.04823529411764706 0.017467248908296942
2 0.09294117647058824 0.28864628820960697 0.06823529411764706 0.01834061135371179
3 0.1688235294117647 0.28864628820960697 0.04823529411764706 0.01834061135371179
2 0.47941176470588237 0.28820960698689957 0.09294117647058824 0.017467248908296942
2 0.10529411764705883 0.3318777292576419 0.09294117647058824 0.017467248908296942
3 0.18352941176470589 0.33056768558951966 0.02823529411764706 0.014847161572052401
2 0.48176470588235293 0.3318777292576419 0.04823529411764706 0.017467248908296942
2 0.10058823529411764 0.3737991266375546 0.08352941176470588 0.013973799126637555
2 0.10882352941176471 0.4349344978165939 0.1 0.013973799126637555
5 0.24705882352941178 0.4410480349344978 0.023529411764705882 0.017467248908296942
2 0.29705882352941176 0.4344978165938865 0.052941176470588235 0.013100436681222707
4 0.4235294117647059 0.4410480349344978 0.023529411764705882 0.017467248908296942
2 0.46352941176470586 0.4344978165938865 0.03294117647058824 0.013100436681222707
1 0.2605882352941176 0.4882096069868996 0.40352941176470586 0.01572052401746725
2 0.6670588235294118 0.5331877729257642 0.15764705882352942 0.01834061135371179
1 0.6758823529411765 0.5537117903930131 0.1988235294117647 0.01572052401746725