0 0.5 0.05230496453900709 0.6423529411764706 0.015957446808510637
0 0.5 0.12278368794326242 0.24941176470588236 0.015070921985815602
2 0.08294117647058824 0.20390070921985815 0.04823529411764706 0.01773049645390071
3 0.14823529411764705 0.20434397163120568 0.047058823529411764 0.018617021276595744
2 0.11294117647058824 0.24822695035460993 0.10823529411764705 0.01773049645390071
3 0.20470588235294118 0.24689716312056736 0.04 0.015070921985815602
2 0.11294117647058824 0.2925531914893617 0.10823529411764705 0.01773049645390071
3 0.20470588235294118 0.2912234042553192 0.04 0.015070921985815602
2 0.08294117647058824 0.33687943262411346 0.04823529411764706 0.01773049645390071
3 0.14647058823529413 0.3355496453900709 0.04352941176470588 0.015070921985815602
2 0.46705882352941175 0.33687943262411346 0.10823529411764705 0.01773049645390071
3 0.5552941176470588 0.337322695035461 0.03294117647058824 0.018617021276595744
2 0.10882352941176471 0.3971631205673759 0.1 0.014184397163120567
5 0.24705882352941178 0.4033687943262411 0.023529411764705882 0.01773049645390071
2 0.29705882352941176 0.3967198581560284 0.052941176470588235 0.013297872340425532
4 0.4235294117647059 0.4033687943262411 0.023529411764705882 0.01773049645390071
2 0.46352941176470586 0.3967198581560284 0.03294117647058824 0.013297872340425532
1 0.2605882352941176 0.4512411347517731 0.40352941176470586 0.015957446808510637
2 0.6670588235294118 0.49689716312056736 0.15764705882352942 0.018617021276595744
1 0.6758823529411765 0.5177304964539007 0.1988235294117647 0.015957446808510637