0 0.5 0.05529522024367385 0.6423529411764706 0.016869728209934397
0 0.5 0.1302717900656045 0.2647058823529412 0.016869728209934397
2 0.11352941176470588 0.21321462043111528 0.10941176470588235 0.014058106841611996
3 0.27058823529411763 0.21415182755388942 0.16941176470588235 0.015932521087160263
2 0.09058823529411765 0.2600749765698219 0.06352941176470588 0.014058106841611996
3 0.15941176470588236 0.2624179943767573 0.03882352941176471 0.01874414245548266
2 0.1411764705882353 0.309746954076851 0.16470588235294117 0.019681349578256794
3 0.2641176470588235 0.30740393626991563 0.04588235294117647 0.01499531396438613
2 0.5841176470588235 0.3069353327085286 0.10941176470588235 0.014058106841611996
3 0.7376470588235294 0.309746954076851 0.1623529411764706 0.019681349578256794
2 0.11352941176470588 0.3537956888472352 0.10941176470588235 0.014058106841611996
3 0.30058823529411766 0.3570759137769447 0.22941176470588234 0.020618556701030927
2 0.5288235294117647 0.3537956888472352 0.10941176470588235 0.014058106841611996
3 0.6976470588235294 0.358950328022493 0.19294117647058823 0.02436738519212746
2 0.11352941176470588 0.4006560449859419 0.10941176470588235 0.014058106841611996
3 0.2664705882352941 0.40581068416119964 0.16117647058823528 0.02436738519212746
2 0.10058823529411764 0.44798500468603564 0.08352941176470588 0.01499531396438613
3 0.1811764705882353 0.4484536082474227 0.042352941176470586 0.015932521087160263
2 0.10882352941176471 0.5135895032802249 0.1 0.01499531396438613
5 0.24705882352941178 0.5201499531396439 0.023529411764705882 0.01874414245548266
2 0.29705882352941176 0.5131208997188379 0.052941176470588235 0.014058106841611996
4 0.4235294117647059 0.5201499531396439 0.023529411764705882 0.01874414245548266
2 0.46352941176470586 0.5131208997188379 0.03294117647058824 0.014058106841611996
1 0.2605882352941176 0.5707591377694471 0.40352941176470586 0.016869728209934397
2 0.6670588235294118 0.6190253045923149 0.15764705882352942 0.019681349578256794
1 0.6758823529411765 0.6410496719775071 0.1988235294117647 0.016869728209934397