0 0.5 0.049372384937238493 0.6423529411764706 0.01506276150627615
0 0.5 0.11631799163179916 0.2647058823529412 0.01506276150627615
2 0.11352941176470588 0.1903765690376569 0.10941176470588235 0.012552301255230125
3 0.24941176470588236 0.19330543933054392 0.12705882352941175 0.018410041841004185
2 0.5205882352941177 0.19246861924686193 0.09294117647058824 0.016736401673640166
3 0.5988235294117648 0.19121338912133892 0.02823529411764706 0.014225941422594143
2 0.11352941176470588 0.23221757322175732 0.10941176470588235 0.012552301255230125
3 0.2570588235294118 0.23472803347280335 0.1423529411764706 0.017573221757322177
2 0.49823529411764705 0.23430962343096234 0.04823529411764706 0.016736401673640166
3 0.5564705882352942 0.23472803347280335 0.03294117647058824 0.017573221757322177
2 0.10529411764705883 0.27615062761506276 0.09294117647058824 0.016736401673640166
3 0.18352941176470589 0.27489539748953973 0.02823529411764706 0.014225941422594143
2 0.11352941176470588 0.3158995815899582 0.10941176470588235 0.012552301255230125
3 0.24705882352941178 0.3163179916317992 0.1223529411764706 0.013389121338912133
2 0.5058823529411764 0.3158995815899582 0.06352941176470588 0.012552301255230125
3 0.5788235294117647 0.31757322175732217 0.047058823529411764 0.015899581589958158
2 0.10882352941176471 0.37489539748953976 0.1 0.013389121338912133
5 0.24705882352941178 0.3807531380753138 0.023529411764705882 0.016736401673640166
2 0.29705882352941176 0.37447698744769875 0.052941176470588235 0.012552301255230125
4 0.4235294117647059 0.3807531380753138 0.023529411764705882 0.016736401673640166
2 0.46352941176470586 0.37447698744769875 0.03294117647058824 0.012552301255230125
1 0.2605882352941176 0.42594142259414225 0.40352941176470586 0.01506276150627615
2 0.6670588235294118 0.4690376569037657 0.15764705882352942 0.017573221757322177
1 0.6758823529411765 0.4887029288702929 0.1988235294117647 0.01506276150627615