0 0.5 0.055977229601518026 0.6423529411764706 0.017077798861480076
0 0.5 0.13140417457305503 0.23294117647058823 0.016129032258064516
2 0.1411764705882353 0.21869070208728653 0.16470588235294117 0.019924098671726755
3 0.26529411764705885 0.21869070208728653 0.04823529411764706 0.019924098671726755
2 0.10529411764705883 0.2656546489563567 0.09294117647058824 0.018975332068311195
3 0.19294117647058823 0.2637571157495256 0.047058823529411764 0.015180265654648957
2 0.11294117647058824 0.31309297912713474 0.10823529411764705 0.018975332068311195
3 0.21529411764705883 0.3135673624288425 0.0611764705882353 0.019924098671726755
2 0.5147058823529411 0.3111954459203036 0.08352941176470588 0.015180265654648957
3 0.6047058823529412 0.3135673624288425 0.0611764705882353 0.019924098671726755
2 0.1411764705882353 0.3610056925996205 0.16470588235294117 0.019924098671726755
3 0.27647058823529413 0.3633776091081594 0.07058823529411765 0.024667931688804556
2 0.10882352941176471 0.4250474383301708 0.1 0.015180265654648957
5 0.24705882352941178 0.4316888045540797 0.023529411764705882 0.018975332068311195
2 0.29705882352941176 0.424573055028463 0.052941176470588235 0.014231499051233396
4 0.4235294117647059 0.4316888045540797 0.023529411764705882 0.018975332068311195
2 0.46352941176470586 0.424573055028463 0.03294117647058824 0.014231499051233396
1 0.2605882352941176 0.4829222011385199 0.40352941176470586 0.017077798861480076
2 0.6670588235294118 0.5317836812144212 0.15764705882352942 0.019924098671726755
1 0.6758823529411765 0.5540796963946869 0.1988235294117647 0.017077798861480076