0 0.5 0.05858987090367428 0.6423529411764706 0.01787487586891758
0 0.5 0.13803376365441908 0.28352941176470586 0.01787487586891758
2 0.08294117647058824 0.22840119165839126 0.04823529411764706 0.019860973187686197
2 0.08294117647058824 0.27805362462760674 0.04823529411764706 0.019860973187686197
2 0.09294117647058824 0.3282025819265144 0.06823529411764706 0.020854021847070508
2 0.48764705882352943 0.32522343594836145 0.10941176470588235 0.014895729890764648
2 0.1411764705882353 0.37785501489572987 0.16470588235294117 0.020854021847070508
3 0.27176470588235296 0.3758689175769613 0.0611764705882353 0.016881827209533268
2 0.10529411764705883 0.4270109235352532 0.09294117647058824 0.019860973187686197
2 0.10882352941176471 0.4945382323733863 0.1 0.015888778550148957
4 0.24705882352941178 0.5014895729890765 0.023529411764705882 0.019860973187686197
2 0.29705882352941176 0.4940417080436941 0.052941176470588235 0.014895729890764648
5 0.4235294117647059 0.5014895729890765 0.023529411764705882 0.019860973187686197
2 0.46352941176470586 0.4940417080436941 0.03294117647058824 0.014895729890764648
1 0.2605882352941176 0.5551142005958292 0.40352941176470586 0.01787487586891758
2 0.6670588235294118 0.6062562065541212 0.15764705882352942 0.020854021847070508
1 0.6758823529411765 0.6295928500496525 0.1988235294117647 0.01787487586891758