0 0.5 0.05795677799607073 0.6423529411764706 0.01768172888015717
0 0.5 0.13654223968565815 0.28352941176470586 0.01768172888015717
2 0.11294117647058824 0.22593320235756384 0.10823529411764705 0.019646365422396856
3 0.20823529411764705 0.22642436149312378 0.047058823529411764 0.0206286836935167
2 0.5047058823529412 0.22347740667976423 0.06352941176470588 0.014734774066797643
3 0.5764705882352941 0.2244597249508841 0.04470588235294118 0.01669941060903733
2 0.08294117647058824 0.275049115913556 0.04823529411764706 0.019646365422396856
3 0.15941176470588236 0.27554027504911593 0.06941176470588235 0.0206286836935167
2 0.4676470588235294 0.2725933202357564 0.10941176470588235 0.014734774066797643
3 0.611764705882353 0.275049115913556 0.14352941176470588 0.019646365422396856
2 0.10058823529411764 0.32220039292730845 0.08352941176470588 0.015717092337917484
3 0.19 0.3236738703339882 0.06 0.018664047151277015
2 0.08294117647058824 0.37328094302554027 0.04823529411764706 0.019646365422396856
3 0.16411764705882353 0.3742632612966601 0.07882352941176471 0.021611001964636542
2 0.45941176470588235 0.37328094302554027 0.09294117647058824 0.019646365422396856
3 0.5494117647058824 0.3718074656188605 0.05176470588235294 0.01669941060903733
2 0.08294117647058824 0.4223968565815324 0.04823529411764706 0.019646365422396856
3 0.14176470588235293 0.4204322200392927 0.03411764705882353 0.015717092337917484
2 0.09058823529411765 0.46905697445972494 0.06352941176470588 0.014734774066797643
3 0.16294117647058823 0.47102161100196466 0.04588235294117647 0.018664047151277015
2 0.4823529411764706 0.4715127701375246 0.10823529411764705 0.019646365422396856
3 0.5705882352941176 0.46954813359528486 0.03294117647058824 0.015717092337917484
2 0.10882352941176471 0.5383104125736738 0.1 0.015717092337917484
4 0.24705882352941178 0.5451866404715128 0.023529411764705882 0.019646365422396856
2 0.29705882352941176 0.537819253438114 0.052941176470588235 0.014734774066797643
5 0.4235294117647059 0.5451866404715128 0.023529411764705882 0.019646365422396856
2 0.46352941176470586 0.537819253438114 0.03294117647058824 0.014734774066797643
1 0.2605882352941176 0.5982318271119843 0.40352941176470586 0.01768172888015717
2 0.6670588235294118 0.6488212180746562 0.15764705882352942 0.0206286836935167
1 0.6758823529411765 0.6719056974459725 0.1988235294117647 0.01768172888015717