0 0.5 0.05545112781954887 0.6423529411764706 0.016917293233082706
0 0.5 0.13016917293233082 0.24941176470588236 0.015977443609022556
2 0.1411764705882353 0.21663533834586465 0.16470588235294117 0.019736842105263157
2 0.09058823529411765 0.2608082706766917 0.06352941176470588 0.014097744360902255
2 0.11352941176470588 0.30780075187969924 0.10941176470588235 0.014097744360902255
2 0.528235294117647 0.3101503759398496 0.10823529411764705 0.018796992481203006
2 0.11352941176470588 0.35479323308270677 0.10941176470588235 0.014097744360902255
2 0.5158823529411765 0.35526315789473684 0.08352941176470588 0.015037593984962405
2 0.10882352941176471 0.42105263157894735 0.1 0.015037593984962405
4 0.24705882352941178 0.4276315789473684 0.023529411764705882 0.018796992481203006
2 0.29705882352941176 0.4205827067669173 0.052941176470588235 0.014097744360902255
4 0.4235294117647059 0.4276315789473684 0.023529411764705882 0.018796992481203006
2 0.46352941176470586 0.4205827067669173 0.03294117647058824 0.014097744360902255
1 0.2605882352941176 0.4783834586466165 0.40352941176470586 0.016917293233082706
2 0.6670588235294118 0.5267857142857143 0.15764705882352942 0.019736842105263157
1 0.6758823529411765 0.5488721804511278 0.1988235294117647 0.016917293233082706