0 0.5 0.05038428693424424 0.6423529411764706 0.015371477369769428
0 0.5 0.11870196413321947 0.30470588235294116 0.015371477369769428
2 0.10058823529411764 0.19470538001707943 0.08352941176470588 0.013663535439795047
3 0.18588235294117647 0.19513236549957302 0.05176470588235294 0.014517506404782237
2 0.1411764705882353 0.23953885567890693 0.16470588235294117 0.017933390264730998
3 0.27058823529411763 0.23783091374893253 0.058823529411764705 0.014517506404782237
2 0.09294117647058824 0.28223740392826646 0.06823529411764706 0.017933390264730998
3 0.1676470588235294 0.2813834329632792 0.04588235294117647 0.016225448334756618
2 0.45705882352941174 0.28181041844577287 0.04823529411764706 0.017079419299743808
3 0.5158823529411765 0.2813834329632792 0.03411764705882353 0.016225448334756618
2 0.10529411764705883 0.32450896669513235 0.09294117647058824 0.017079419299743808
3 0.19705882352941176 0.32493595217762594 0.05529411764705883 0.017933390264730998
2 0.5041176470588236 0.32450896669513235 0.09294117647058824 0.017079419299743808
3 0.591764705882353 0.3232280102476516 0.047058823529411764 0.014517506404782237
2 0.08294117647058824 0.3672075149444919 0.04823529411764706 0.017079419299743808
3 0.1411764705882353 0.3676345004269855 0.03294117647058824 0.017933390264730998
2 0.10529411764705883 0.4099060631938514 0.09294117647058824 0.017079419299743808
3 0.18352941176470589 0.408198121263877 0.02823529411764706 0.013663535439795047
2 0.49941176470588233 0.408198121263877 0.08352941176470588 0.013663535439795047
3 0.5729411764705883 0.408198121263877 0.02823529411764706 0.013663535439795047
2 0.10882352941176471 0.46797608881298036 0.1 0.013663535439795047
5 0.24705882352941178 0.4739538855678907 0.023529411764705882 0.017079419299743808
2 0.29705882352941176 0.46754910333048677 0.052941176470588235 0.012809564474807857
4 0.4235294117647059 0.4739538855678907 0.023529411764705882 0.017079419299743808
2 0.46352941176470586 0.46754910333048677 0.03294117647058824 0.012809564474807857
1 0.2605882352941176 0.520068317677199 0.40352941176470586 0.015371477369769428
2 0.6670588235294118 0.5640478223740393 0.15764705882352942 0.017933390264730998
1 0.6758823529411765 0.5841161400512382 0.1988235294117647 0.015371477369769428