0 0.5 0.04933110367892977 0.6423529411764706 0.015050167224080268
0 0.5 0.11622073578595318 0.28352941176470586 0.015050167224080268
2 0.11352941176470588 0.19021739130434784 0.10941176470588235 0.01254180602006689
2 0.1411764705882353 0.23453177257525085 0.16470588235294117 0.017558528428093644
3 0.2564705882352941 0.23244147157190637 0.03058823529411765 0.013377926421404682
2 0.10529411764705883 0.27591973244147155 0.09294117647058824 0.016722408026755852
2 0.09058823529411765 0.3156354515050167 0.06352941176470588 0.01254180602006689
2 0.10882352941176471 0.3745819397993311 0.1 0.013377926421404682
5 0.24705882352941178 0.3804347826086957 0.023529411764705882 0.016722408026755852
2 0.29705882352941176 0.3741638795986622 0.052941176470588235 0.01254180602006689
4 0.4235294117647059 0.3804347826086957 0.023529411764705882 0.016722408026755852
2 0.46352941176470586 0.3741638795986622 0.03294117647058824 0.01254180602006689
1 0.2605882352941176 0.42558528428093645 0.40352941176470586 0.015050167224080268
2 0.6670588235294118 0.46864548494983277 0.15764705882352942 0.017558528428093644
1 0.6758823529411765 0.4882943143812709 0.1988235294117647 0.015050167224080268