0 0.5 0.05 0.6423529411764706 0.015254237288135594
0 0.5 0.1173728813559322 0.23294117647058823 0.01440677966101695
2 0.10529411764705883 0.19491525423728814 0.09294117647058824 0.01694915254237288
3 0.19294117647058823 0.1944915254237288 0.047058823529411764 0.016101694915254237
2 0.11294117647058824 0.23728813559322035 0.10823529411764705 0.01694915254237288
3 0.20352941176470588 0.23559322033898306 0.03764705882352941 0.013559322033898305
2 0.10058823529411764 0.27796610169491526 0.08352941176470588 0.013559322033898305
3 0.18352941176470589 0.28008474576271186 0.047058823529411764 0.017796610169491526
2 0.11352941176470588 0.3199152542372881 0.10941176470588235 0.012711864406779662
3 0.26588235294117646 0.3228813559322034 0.16 0.01864406779661017
2 0.528235294117647 0.3220338983050847 0.10823529411764705 0.01694915254237288
3 0.6205882352941177 0.3207627118644068 0.041176470588235294 0.01440677966101695
2 0.10882352941176471 0.37966101694915255 0.1 0.013559322033898305
5 0.24705882352941178 0.3855932203389831 0.023529411764705882 0.01694915254237288
2 0.29705882352941176 0.3792372881355932 0.052941176470588235 0.012711864406779662
4 0.4235294117647059 0.3855932203389831 0.023529411764705882 0.01694915254237288
2 0.46352941176470586 0.3792372881355932 0.03294117647058824 0.012711864406779662
1 0.2605882352941176 0.43135593220338986 0.40352941176470586 0.015254237288135594
2 0.6670588235294118 0.475 0.15764705882352942 0.017796610169491526
1 0.6758823529411765 0.49491525423728816 0.1988235294117647 0.015254237288135594