0 0.5 0.05139372822299652 0.6423529411764706 0.0156794425087108
0 0.5 0.1210801393728223 0.28352941176470586 0.0156794425087108
2 0.11294117647058824 0.20034843205574912 0.10823529411764705 0.017421602787456445
3 0.20529411764705882 0.1990418118466899 0.041176470588235294 0.014808362369337979
2 0.09294117647058824 0.24433797909407665 0.06823529411764706 0.018292682926829267
3 0.16470588235294117 0.24259581881533102 0.04 0.014808362369337979
2 0.09058823529411765 0.2852787456445993 0.06352941176470588 0.013066202090592335
3 0.15411764705882353 0.2857142857142857 0.02823529411764706 0.013937282229965157
2 0.11352941176470588 0.3288327526132404 0.10941176470588235 0.013066202090592335
3 0.2752941176470588 0.3336236933797909 0.17882352941176471 0.02264808362369338
2 0.08294117647058824 0.37456445993031356 0.04823529411764706 0.017421602787456445
3 0.14176470588235293 0.37282229965156793 0.03411764705882353 0.013937282229965157
2 0.09058823529411765 0.41594076655052264 0.06352941176470588 0.013066202090592335
3 0.15705882352941178 0.4163763066202091 0.03411764705882353 0.013937282229965157
2 0.10882352941176471 0.47735191637630664 0.1 0.013937282229965157
5 0.24705882352941178 0.4834494773519164 0.023529411764705882 0.017421602787456445
2 0.29705882352941176 0.4769163763066202 0.052941176470588235 0.013066202090592335
4 0.4235294117647059 0.4834494773519164 0.023529411764705882 0.017421602787456445
2 0.46352941176470586 0.4769163763066202 0.03294117647058824 0.013066202090592335
1 0.2605882352941176 0.5304878048780488 0.40352941176470586 0.0156794425087108
2 0.6670588235294118 0.5753484320557491 0.15764705882352942 0.018292682926829267
1 0.6758823529411765 0.5958188153310104 0.1988235294117647 0.0156794425087108