0 0.5 0.05267857142857143 0.6423529411764706 0.01607142857142857
0 0.5 0.12410714285714286 0.2647058823529412 0.01607142857142857
2 0.08294117647058824 0.20535714285714285 0.04823529411764706 0.017857142857142856
3 0.14823529411764705 0.20491071428571428 0.047058823529411764 0.016964285714285713
2 0.46705882352941175 0.20535714285714285 0.10823529411764705 0.017857142857142856
3 0.5635294117647058 0.20357142857142857 0.04941176470588235 0.014285714285714285
2 0.09058823529411765 0.24776785714285715 0.06352941176470588 0.013392857142857142
3 0.15470588235294117 0.25044642857142857 0.029411764705882353 0.01875
2 0.1411764705882353 0.2950892857142857 0.16470588235294117 0.01875
3 0.2576470588235294 0.29285714285714287 0.03294117647058824 0.014285714285714285
2 0.10529411764705883 0.3392857142857143 0.09294117647058824 0.017857142857142856
3 0.1952941176470588 0.3379464285714286 0.05176470588235294 0.015178571428571428
2 0.09294117647058824 0.384375 0.06823529411764706 0.01875
3 0.17588235294117646 0.384375 0.06235294117647059 0.01875
2 0.11352941176470588 0.4263392857142857 0.10941176470588235 0.013392857142857142
3 0.28352941176470586 0.4294642857142857 0.1952941176470588 0.019642857142857142
2 0.10882352941176471 0.48928571428571427 0.1 0.014285714285714285
4 0.24705882352941178 0.4955357142857143 0.023529411764705882 0.017857142857142856
2 0.29705882352941176 0.4888392857142857 0.052941176470588235 0.013392857142857142
5 0.4235294117647059 0.4955357142857143 0.023529411764705882 0.017857142857142856
2 0.46352941176470586 0.4888392857142857 0.03294117647058824 0.013392857142857142
1 0.2605882352941176 0.54375 0.40352941176470586 0.01607142857142857
2 0.6670588235294118 0.5897321428571428 0.15764705882352942 0.01875
1 0.6758823529411765 0.6107142857142858 0.1988235294117647 0.01607142857142857