0 0.5 0.0504704875962361 0.6423529411764706 0.015397775876817793
0 0.5 0.11890504704875962 0.2647058823529412 0.015397775876817793
2 0.09294117647058824 0.1971770744225834 0.06823529411764706 0.017964071856287425
2 0.10529411764705883 0.23952095808383234 0.09294117647058824 0.01710863986313088
3 0.19058823529411764 0.23781009409751924 0.042352941176470586 0.013686911890504704
2 0.5123529411764706 0.23738237810094098 0.10941176470588235 0.01283147989734816
2 0.08294117647058824 0.2822925577416595 0.04823529411764706 0.01710863986313088
3 0.15529411764705883 0.2827202737382378 0.0611764705882353 0.017964071856287425
2 0.4370588235294118 0.2822925577416595 0.04823529411764706 0.01710863986313088
2 0.11352941176470588 0.3229255774165954 0.10941176470588235 0.01283147989734816
2 0.10058823529411764 0.3661248930710009 0.08352941176470588 0.013686911890504704
2 0.5305882352941177 0.36826347305389223 0.16470588235294117 0.017964071856287425
3 0.6452941176470588 0.36826347305389223 0.029411764705882353 0.017964071856287425
2 0.1411764705882353 0.4110350727117194 0.16470588235294117 0.017964071856287425
2 0.5711764705882353 0.40889649272882805 0.08352941176470588 0.013686911890504704
2 0.10882352941176471 0.46877673224978617 0.1 0.013686911890504704
4 0.24705882352941178 0.47476475620188197 0.023529411764705882 0.01710863986313088
2 0.29705882352941176 0.46834901625320785 0.052941176470588235 0.01283147989734816
5 0.4235294117647059 0.47476475620188197 0.023529411764705882 0.01710863986313088
2 0.46352941176470586 0.46834901625320785 0.03294117647058824 0.01283147989734816
1 0.2605882352941176 0.5209580838323353 0.40352941176470586 0.015397775876817793
2 0.6670588235294118 0.5650128314798973 0.15764705882352942 0.017964071856287425
1 0.6758823529411765 0.5851154833190761 0.1988235294117647 0.015397775876817793