0 0.5 0.051709027169149865 0.6423529411764706 0.015775635407537247
0 0.5 0.12182296231375986 0.28352941176470586 0.015775635407537247
2 0.09058823529411765 0.19938650306748465 0.06352941176470588 0.013146362839614373
3 0.16058823529411764 0.2002629272567923 0.041176470588235294 0.014899211218229623
2 0.47 0.19982471516213848 0.08352941176470588 0.014022787028921999
3 0.5458823529411765 0.20201577563540754 0.03294117647058824 0.018404907975460124
2 0.08294117647058824 0.24539877300613497 0.04823529411764706 0.017528483786152498
3 0.15411764705882353 0.24408413672217352 0.058823529411764705 0.014899211218229623
2 0.49529411764705883 0.24583698510078877 0.16470588235294117 0.018404907975460124
3 0.6270588235294118 0.24496056091148116 0.06352941176470588 0.016652059596844872
2 0.09058823529411765 0.28702892199824714 0.06352941176470588 0.013146362839614373
3 0.1564705882352941 0.287467134092901 0.03294117647058824 0.014022787028921999
2 0.10058823529411764 0.3312883435582822 0.08352941176470588 0.014022787028921999
3 0.17411764705882352 0.331726555652936 0.02823529411764706 0.014899211218229623
2 0.11294117647058824 0.3768624014022787 0.10823529411764705 0.017528483786152498
3 0.20823529411764705 0.3773006134969325 0.047058823529411764 0.018404907975460124
2 0.10058823529411764 0.4189307624890447 0.08352941176470588 0.014022787028921999
3 0.17647058823529413 0.4189307624890447 0.03294117647058824 0.014022787028921999
2 0.4723529411764706 0.42068361086765993 0.04823529411764706 0.017528483786152498
3 0.5358823529411765 0.4193689745836985 0.04352941176470588 0.014899211218229623
2 0.10882352941176471 0.4802804557405784 0.1 0.014022787028921999
4 0.24705882352941178 0.4864154250657318 0.023529411764705882 0.017528483786152498
2 0.29705882352941176 0.47984224364592465 0.052941176470588235 0.013146362839614373
5 0.4235294117647059 0.4864154250657318 0.023529411764705882 0.017528483786152498
2 0.46352941176470586 0.47984224364592465 0.03294117647058824 0.013146362839614373
1 0.2605882352941176 0.5337423312883436 0.40352941176470586 0.015775635407537247
2 0.6670588235294118 0.5788781770376863 0.15764705882352942 0.018404907975460124
1 0.6758823529411765 0.5994741454864154 0.1988235294117647 0.015775635407537247