0 0.5 0.05373406193078324 0.6423529411764706 0.01639344262295082
0 0.5 0.1261384335154827 0.24941176470588236 0.015482695810564663
2 0.09058823529411765 0.20719489981785064 0.06352941176470588 0.01366120218579235
3 0.1564705882352941 0.2099271402550091 0.03294117647058824 0.01912568306010929
2 0.46 0.20719489981785064 0.06352941176470588 0.01366120218579235
3 0.5352941176470588 0.20810564663023678 0.05176470588235294 0.015482695810564663
2 0.11294117647058824 0.2550091074681239 0.10823529411764705 0.018214936247723135
3 0.20823529411764705 0.25546448087431695 0.047058823529411764 0.01912568306010929
2 0.11294117647058824 0.3005464480874317 0.10823529411764705 0.018214936247723135
3 0.20588235294117646 0.2987249544626594 0.042352941176470586 0.014571948998178506
2 0.1411764705882353 0.3465391621129326 0.16470588235294117 0.01912568306010929
3 0.2576470588235294 0.3442622950819672 0.03294117647058824 0.014571948998178506
2 0.5841176470588235 0.34380692167577415 0.10941176470588235 0.01366120218579235
3 0.7276470588235294 0.348816029143898 0.1423529411764706 0.023679417122040074
2 0.10882352941176471 0.4080145719489982 0.1 0.014571948998178506
4 0.24705882352941178 0.4143897996357013 0.023529411764705882 0.018214936247723135
2 0.29705882352941176 0.4075591985428051 0.052941176470588235 0.01366120218579235
5 0.4235294117647059 0.4143897996357013 0.023529411764705882 0.018214936247723135
2 0.46352941176470586 0.4075591985428051 0.03294117647058824 0.01366120218579235
1 0.2605882352941176 0.46357012750455373 0.40352941176470586 0.01639344262295082
2 0.6670588235294118 0.5104735883424408 0.15764705882352942 0.01912568306010929
1 0.6758823529411765 0.5318761384335154 0.1988235294117647 0.01639344262295082