0 0.5 0.0500848896434635 0.6423529411764706 0.015280135823429542
0 0.5 0.11799660441426146 0.28352941176470586 0.015280135823429542
2 0.11294117647058824 0.19524617996604415 0.10823529411764705 0.01697792869269949
3 0.20941176470588235 0.1935483870967742 0.04941176470588235 0.013582342954159592
2 0.11294117647058824 0.23769100169779286 0.10823529411764705 0.01697792869269949
3 0.2088235294117647 0.23811544991511036 0.04823529411764706 0.017826825127334467
2 0.5047058823529412 0.23556876061120544 0.06352941176470588 0.012733446519524618
3 0.5741176470588235 0.23641765704584042 0.04 0.014431239388794566
2 0.09294117647058824 0.2805602716468591 0.06823529411764706 0.017826825127334467
3 0.16411764705882353 0.2801358234295416 0.03882352941176471 0.01697792869269949
2 0.10058823529411764 0.32088285229202035 0.08352941176470588 0.013582342954159592
3 0.18411764705882352 0.32300509337860783 0.04823529411764706 0.017826825127334467
2 0.5305882352941177 0.32300509337860783 0.16470588235294117 0.017826825127334467
3 0.6452941176470588 0.32300509337860783 0.029411764705882353 0.017826825127334467
2 0.09294117647058824 0.3654499151103565 0.06823529411764706 0.017826825127334467
3 0.1711764705882353 0.3633276740237691 0.052941176470588235 0.013582342954159592
2 0.10529411764705883 0.4074702886247878 0.09294117647058824 0.01697792869269949
3 0.1923529411764706 0.40704584040747027 0.04588235294117647 0.016129032258064516
2 0.10882352941176471 0.46519524617996605 0.1 0.013582342954159592
5 0.24705882352941178 0.47113752122241087 0.023529411764705882 0.01697792869269949
2 0.29705882352941176 0.46477079796264853 0.052941176470588235 0.012733446519524618
4 0.4235294117647059 0.47113752122241087 0.023529411764705882 0.01697792869269949
2 0.46352941176470586 0.46477079796264853 0.03294117647058824 0.012733446519524618
1 0.2605882352941176 0.5169779286926995 0.40352941176470586 0.015280135823429542
2 0.6670588235294118 0.5606960950764007 0.15764705882352942 0.017826825127334467
1 0.6758823529411765 0.5806451612903226 0.1988235294117647 0.015280135823429542