0 0.5 0.05581835383159887 0.6423529411764706 0.017029328287606435
0 0.5 0.13103122043519394 0.23294117647058823 0.01608325449385052
2 0.1411764705882353 0.21807000946073793 0.16470588235294117 0.019867549668874173
3 0.2576470588235294 0.21570482497634816 0.03294117647058824 0.015137180700094607
2 0.09058823529411765 0.2625354777672658 0.06352941176470588 0.014191106906338695
3 0.17470588235294118 0.2653736991485336 0.06941176470588235 0.019867549668874173
2 0.48294117647058826 0.2625354777672658 0.10941176470588235 0.014191106906338695
3 0.6541176470588236 0.2653736991485336 0.1976470588235294 0.019867549668874173
2 0.09058823529411765 0.3098391674550615 0.06352941176470588 0.014191106906338695
3 0.17176470588235293 0.31173131504257334 0.06352941176470588 0.017975402081362345
2 0.1411764705882353 0.35998107852412486 0.16470588235294117 0.019867549668874173
3 0.26235294117647057 0.35808893093661304 0.042352941176470586 0.01608325449385052
2 0.08294117647058824 0.40681173131504256 0.04823529411764706 0.01892147587511826
3 0.14 0.40491958372753073 0.03058823529411765 0.015137180700094607
2 0.08294117647058824 0.45411542100283825 0.04823529411764706 0.01892147587511826
3 0.16294117647058823 0.45506149479659413 0.07647058823529412 0.020813623462630087
2 0.10882352941176471 0.5184484389782403 0.1 0.015137180700094607
4 0.24705882352941178 0.5250709555345316 0.023529411764705882 0.01892147587511826
2 0.29705882352941176 0.5179754020813624 0.052941176470588235 0.014191106906338695
5 0.4235294117647059 0.5250709555345316 0.023529411764705882 0.01892147587511826
2 0.46352941176470586 0.5179754020813624 0.03294117647058824 0.014191106906338695
1 0.2605882352941176 0.5761589403973509 0.40352941176470586 0.017029328287606435
2 0.6670588235294118 0.6248817407757805 0.15764705882352942 0.019867549668874173
1 0.6758823529411765 0.6471144749290445 0.1988235294117647 0.017029328287606435