0 0.5 0.05503731343283582 0.6423529411764706 0.016791044776119403
0 0.5 0.1296641791044776 0.28352941176470586 0.016791044776119403
2 0.08294117647058824 0.21455223880597016 0.04823529411764706 0.018656716417910446
3 0.15941176470588236 0.2150186567164179 0.06941176470588235 0.01958955223880597
2 0.1411764705882353 0.261660447761194 0.16470588235294117 0.01958955223880597
3 0.26235294117647057 0.259794776119403 0.042352941176470586 0.01585820895522388
2 0.09058823529411765 0.30550373134328357 0.06352941176470588 0.013992537313432836
3 0.16941176470588235 0.3087686567164179 0.058823529411764705 0.020522388059701493
2 0.10529411764705883 0.35447761194029853 0.09294117647058824 0.018656716417910446
3 0.18352941176470589 0.35261194029850745 0.02823529411764706 0.014925373134328358
2 0.11352941176470588 0.3987873134328358 0.10941176470588235 0.013992537313432836
3 0.2388235294117647 0.40111940298507465 0.10588235294117647 0.018656716417910446
2 0.1411764705882353 0.44822761194029853 0.16470588235294117 0.01958955223880597
3 0.2647058823529412 0.447294776119403 0.047058823529411764 0.017723880597014924
2 0.10882352941176471 0.5111940298507462 0.1 0.014925373134328358
5 0.24705882352941178 0.5177238805970149 0.023529411764705882 0.018656716417910446
2 0.29705882352941176 0.5107276119402985 0.052941176470588235 0.013992537313432836
4 0.4235294117647059 0.5177238805970149 0.023529411764705882 0.018656716417910446
2 0.46352941176470586 0.5107276119402985 0.03294117647058824 0.013992537313432836
1 0.2605882352941176 0.5680970149253731 0.40352941176470586 0.016791044776119403
2 0.6670588235294118 0.6161380597014925 0.15764705882352942 0.01958955223880597
1 0.6758823529411765 0.6380597014925373 0.1988235294117647 0.016791044776119403