0 0.5 0.04970513900589722 0.6423529411764706 0.015164279696714406
0 0.5 0.11710193765796124 0.30470588235294116 0.015164279696714406
2 0.08294117647058824 0.1937657961246841 0.04823529411764706 0.016849199663016005
2 0.45941176470588235 0.1937657961246841 0.09294117647058824 0.016849199663016005
2 0.11294117647058824 0.2358887952822241 0.10823529411764705 0.016849199663016005
2 0.08294117647058824 0.2780117944397641 0.04823529411764706 0.016849199663016005
2 0.45941176470588235 0.2780117944397641 0.09294117647058824 0.016849199663016005
2 0.1411764705882353 0.3205560235888795 0.16470588235294117 0.017691659646166806
2 0.5611764705882353 0.3180286436394271 0.06352941176470588 0.012636899747262006
2 0.10882352941176471 0.37742207245155857 0.1 0.013479359730412805
4 0.24705882352941178 0.38331929233361417 0.023529411764705882 0.016849199663016005
2 0.29705882352941176 0.37700084245998317 0.052941176470588235 0.012636899747262006
4 0.4235294117647059 0.38331929233361417 0.023529411764705882 0.016849199663016005
2 0.46352941176470586 0.37700084245998317 0.03294117647058824 0.012636899747262006
1 0.2605882352941176 0.42881213142375735 0.40352941176470586 0.015164279696714406
2 0.6670588235294118 0.4721988205560236 0.15764705882352942 0.017691659646166806
1 0.6758823529411765 0.4919966301600674 0.1988235294117647 0.015164279696714406