0 0.5 0.053587647593097185 0.6423529411764706 0.01634877384196185
0 0.5 0.12579473206176203 0.23294117647058823 0.015440508628519528
2 0.11352941176470588 0.20663033605812897 0.10941176470588235 0.013623978201634877
3 0.24588235294117647 0.2098092643051771 0.12 0.019981834695731154
2 0.11352941176470588 0.25204359673024523 0.10941176470588235 0.013623978201634877
3 0.2723529411764706 0.254314259763851 0.17294117647058824 0.018165304268846504
2 0.5158823529411765 0.2524977293369664 0.08352941176470588 0.014532243415077202
2 0.1411764705882353 0.30018165304268846 0.16470588235294117 0.01907356948228883
2 0.08294117647058824 0.34514078110808355 0.04823529411764706 0.018165304268846504
2 0.46705882352941175 0.34514078110808355 0.10823529411764705 0.018165304268846504
3 0.5552941176470588 0.3455949137148047 0.03294117647058824 0.01907356948228883
2 0.10882352941176471 0.4069028156221617 0.1 0.014532243415077202
5 0.24705882352941178 0.41326067211625794 0.023529411764705882 0.018165304268846504
2 0.29705882352941176 0.4064486830154405 0.052941176470588235 0.013623978201634877
4 0.4235294117647059 0.41326067211625794 0.023529411764705882 0.018165304268846504
2 0.46352941176470586 0.4064486830154405 0.03294117647058824 0.013623978201634877
1 0.2605882352941176 0.4623069936421435 0.40352941176470586 0.01634877384196185
2 0.6670588235294118 0.5090826521344233 0.15764705882352942 0.01907356948228883
1 0.6758823529411765 0.5304268846503178 0.1988235294117647 0.01634877384196185