0 0.5 0.05503731343283582 0.6423529411764706 0.016791044776119403
0 0.5 0.1296641791044776 0.2647058823529412 0.016791044776119403
2 0.09058823529411765 0.21222014925373134 0.06352941176470588 0.013992537313432836
2 0.46 0.21222014925373134 0.06352941176470588 0.013992537313432836
2 0.11294117647058824 0.26119402985074625 0.10823529411764705 0.018656716417910446
2 0.5070588235294118 0.261660447761194 0.06823529411764706 0.01958955223880597
2 0.1411764705882353 0.30830223880597013 0.16470588235294117 0.01958955223880597
2 0.5535294117647059 0.30783582089552236 0.04823529411764706 0.018656716417910446
2 0.1411764705882353 0.35494402985074625 0.16470588235294117 0.01958955223880597
2 0.10882352941176471 0.417910447761194 0.1 0.014925373134328358
4 0.24705882352941178 0.4244402985074627 0.023529411764705882 0.018656716417910446
2 0.29705882352941176 0.41744402985074625 0.052941176470588235 0.013992537313432836
4 0.4235294117647059 0.4244402985074627 0.023529411764705882 0.018656716417910446
2 0.46352941176470586 0.41744402985074625 0.03294117647058824 0.013992537313432836
1 0.2605882352941176 0.4748134328358209 0.40352941176470586 0.016791044776119403
2 0.6670588235294118 0.5228544776119403 0.15764705882352942 0.01958955223880597
1 0.6758823529411765 0.5447761194029851 0.1988235294117647 0.016791044776119403