0 0.5 0.05094991364421416 0.6423529411764706 0.015544041450777202
0 0.5 0.12003454231433507 0.30470588235294116 0.015544041450777202
2 0.11352941176470588 0.19645941278065632 0.10941176470588235 0.012953367875647668
3 0.29705882352941176 0.20120898100172713 0.2223529411764706 0.022452504317789293
2 0.5158823529411765 0.19689119170984457 0.08352941176470588 0.013816925734024179
3 0.5994117647058823 0.19689119170984457 0.04823529411764706 0.013816925734024179
2 0.09294117647058824 0.2422279792746114 0.06823529411764706 0.018134715025906734
3 0.16470588235294117 0.24050086355785838 0.04 0.01468048359240069
2 0.1411764705882353 0.28540587219343694 0.16470588235294117 0.018134715025906734
3 0.27176470588235296 0.28540587219343694 0.0611764705882353 0.018134715025906734
2 0.5635294117647058 0.28540587219343694 0.06823529411764706 0.018134715025906734
3 0.63 0.28540587219343694 0.029411764705882353 0.018134715025906734
2 0.10058823529411764 0.32642487046632124 0.08352941176470588 0.013816925734024179
3 0.17647058823529413 0.32642487046632124 0.03294117647058824 0.013816925734024179
2 0.08294117647058824 0.37132987910189985 0.04823529411764706 0.017271157167530225
3 0.1411764705882353 0.3696027633851468 0.03294117647058824 0.013816925734024179
2 0.09058823529411765 0.4123488773747841 0.06352941176470588 0.012953367875647668
3 0.16294117647058823 0.41278065630397237 0.04588235294117647 0.013816925734024179
2 0.48294117647058826 0.4123488773747841 0.10941176470588235 0.012953367875647668
3 0.6264705882352941 0.41321243523316065 0.1423529411764706 0.01468048359240069
2 0.10882352941176471 0.47322970639032813 0.1 0.013816925734024179
4 0.24705882352941178 0.4792746113989637 0.023529411764705882 0.017271157167530225
2 0.29705882352941176 0.4727979274611399 0.052941176470588235 0.012953367875647668
5 0.4235294117647059 0.4792746113989637 0.023529411764705882 0.017271157167530225
2 0.46352941176470586 0.4727979274611399 0.03294117647058824 0.012953367875647668
1 0.2605882352941176 0.5259067357512953 0.40352941176470586 0.015544041450777202
2 0.6670588235294118 0.5703799654576857 0.15764705882352942 0.018134715025906734
1 0.6758823529411765 0.5906735751295337 0.1988235294117647 0.015544041450777202