0 0.5 0.05051369863013699 0.6423529411764706 0.015410958904109588
0 0.5 0.11857876712328767 0.23294117647058823 0.014554794520547944
2 0.10058823529411764 0.1952054794520548 0.08352941176470588 0.0136986301369863
2 0.11352941176470588 0.23758561643835616 0.10941176470588235 0.012842465753424657
3 0.2529411764705882 0.2401541095890411 0.13411764705882354 0.01797945205479452
2 0.11352941176470588 0.2803938356164384 0.10941176470588235 0.012842465753424657
3 0.24941176470588236 0.2851027397260274 0.12705882352941175 0.02226027397260274
2 0.11294117647058824 0.3253424657534247 0.10823529411764705 0.017123287671232876
3 0.20411764705882354 0.3253424657534247 0.03882352941176471 0.017123287671232876
2 0.09058823529411765 0.3660102739726027 0.06352941176470588 0.012842465753424657
3 0.15705882352941178 0.3664383561643836 0.03411764705882353 0.0136986301369863
2 0.10882352941176471 0.4263698630136986 0.1 0.0136986301369863
4 0.24705882352941178 0.4323630136986301 0.023529411764705882 0.017123287671232876
2 0.29705882352941176 0.4259417808219178 0.052941176470588235 0.012842465753424657
5 0.4235294117647059 0.4323630136986301 0.023529411764705882 0.017123287671232876
2 0.46352941176470586 0.4259417808219178 0.03294117647058824 0.012842465753424657
1 0.2605882352941176 0.4785958904109589 0.40352941176470586 0.015410958904109588
2 0.6670588235294118 0.5226883561643836 0.15764705882352942 0.01797945205479452
1 0.6758823529411765 0.5428082191780822 0.1988235294117647 0.015410958904109588