0 0.5 0.05624404194470925 0.6423529411764706 0.017159199237368923
0 0.5 0.1325071496663489 0.2647058823529412 0.017159199237368923
2 0.08294117647058824 0.219256434699714 0.04823529411764706 0.019065776930409915
3 0.1411764705882353 0.21973307912297427 0.03294117647058824 0.02001906577693041
2 0.4676470588235294 0.21687321258341277 0.10941176470588235 0.014299332697807437
3 0.5947058823529412 0.2202097235462345 0.10941176470588235 0.020972354623450904
2 0.10529411764705883 0.2669208770257388 0.09294117647058824 0.019065776930409915
3 0.18411764705882352 0.26739752144899903 0.029411764705882353 0.02001906577693041
2 0.5123529411764706 0.26453765490943754 0.10941176470588235 0.014299332697807437
3 0.6605882352941177 0.26739752144899903 0.15176470588235294 0.02001906577693041
2 0.10529411764705883 0.3145853193517636 0.09294117647058824 0.019065776930409915
3 0.2 0.3150619637750238 0.0611764705882353 0.02001906577693041
2 0.11294117647058824 0.3622497616777884 0.10823529411764705 0.019065776930409915
3 0.21058823529411766 0.36081982840800764 0.05176470588235294 0.016205910390848427
2 0.5276470588235294 0.3598665395614871 0.10941176470588235 0.014299332697807437
3 0.6711764705882353 0.36415633937082936 0.1423529411764706 0.022878932316491896
2 0.09058823529411765 0.4075309818875119 0.06352941176470588 0.014299332697807437
3 0.1623529411764706 0.4103908484270734 0.04470588235294118 0.02001906577693041
2 0.09294117647058824 0.4580552907530982 0.06823529411764706 0.02001906577693041
3 0.16470588235294117 0.4561487130600572 0.04 0.016205910390848427
2 0.10882352941176471 0.5224022878932316 0.1 0.015252621544327931
4 0.24705882352941178 0.5290753098188751 0.023529411764705882 0.019065776930409915
2 0.29705882352941176 0.5219256434699714 0.052941176470588235 0.014299332697807437
5 0.4235294117647059 0.5290753098188751 0.023529411764705882 0.019065776930409915
2 0.46352941176470586 0.5219256434699714 0.03294117647058824 0.014299332697807437
1 0.2605882352941176 0.5805529075309819 0.40352941176470586 0.017159199237368923
2 0.6670588235294118 0.6296472831267874 0.15764705882352942 0.02001906577693041
1 0.6758823529411765 0.652049571020019 0.1988235294117647 0.017159199237368923