0 0.5 0.05166374781085814 0.6423529411764706 0.01576182136602452
0 0.5 0.1212784588441331 0.23294117647058823 0.0148861646234676
2 0.09058823529411765 0.19921190893169877 0.06352941176470588 0.013134851138353765
2 0.09294117647058824 0.2456217162872154 0.06823529411764706 0.01838879159369527
3 0.16117647058823528 0.2456217162872154 0.03294117647058824 0.01838879159369527
2 0.47941176470588237 0.24518388791593695 0.09294117647058824 0.017513134851138354
3 0.5664705882352942 0.2434325744308231 0.04588235294117647 0.014010507880910683
2 0.11352941176470588 0.28677758318739055 0.10941176470588235 0.013134851138353765
2 0.5288235294117647 0.28677758318739055 0.10941176470588235 0.013134851138353765
2 0.09058823529411765 0.3305604203152364 0.06352941176470588 0.013134851138353765
2 0.4747058823529412 0.3327495621716287 0.09294117647058824 0.017513134851138354
2 0.08294117647058824 0.37653239929947463 0.04823529411764706 0.017513134851138354
3 0.14823529411764705 0.37697022767075306 0.047058823529411764 0.01838879159369527
2 0.11294117647058824 0.4203152364273205 0.10823529411764705 0.017513134851138354
2 0.10882352941176471 0.4798598949211909 0.1 0.014010507880910683
5 0.24705882352941178 0.4859894921190893 0.023529411764705882 0.017513134851138354
2 0.29705882352941176 0.47942206654991243 0.052941176470588235 0.013134851138353765
4 0.4235294117647059 0.4859894921190893 0.023529411764705882 0.017513134851138354
2 0.46352941176470586 0.47942206654991243 0.03294117647058824 0.013134851138353765
1 0.2605882352941176 0.5332749562171629 0.40352941176470586 0.01576182136602452
2 0.6670588235294118 0.5783712784588442 0.15764705882352942 0.01838879159369527
1 0.6758823529411765 0.5989492119089317 0.1988235294117647 0.01576182136602452