0 0.5 0.0545790934320074 0.6423529411764706 0.016651248843663275
0 0.5 0.12858464384828863 0.2647058823529412 0.016651248843663275
2 0.10058823529411764 0.21091581868640147 0.08352941176470588 0.014801110083256245
3 0.18176470588235294 0.21137835337650324 0.04352941176470588 0.01572617946345976
2 0.11352941176470588 0.2567067530064755 0.10941176470588235 0.013876040703052728
2 0.5205882352941177 0.2590194264569843 0.09294117647058824 0.018501387604070305
3 0.6070588235294118 0.257631822386679 0.04470588235294118 0.01572617946345976
2 0.11352941176470588 0.30296022201665124 0.10941176470588235 0.013876040703052728
3 0.2923529411764706 0.30619796484736356 0.21294117647058824 0.020351526364477335
2 0.5564705882352942 0.3057354301572618 0.16470588235294117 0.01942645698427382
2 0.08294117647058824 0.3515263644773358 0.04823529411764706 0.018501387604070305
2 0.10882352941176471 0.4144310823311748 0.1 0.014801110083256245
5 0.24705882352941178 0.42090656799259946 0.023529411764705882 0.018501387604070305
2 0.29705882352941176 0.4139685476410731 0.052941176470588235 0.013876040703052728
4 0.4235294117647059 0.42090656799259946 0.023529411764705882 0.018501387604070305
2 0.46352941176470586 0.4139685476410731 0.03294117647058824 0.013876040703052728
1 0.2605882352941176 0.4708603145235893 0.40352941176470586 0.016651248843663275
2 0.6670588235294118 0.5185013876040703 0.15764705882352942 0.01942645698427382
1 0.6758823529411765 0.5402405180388529 0.1988235294117647 0.016651248843663275