0 0.5 0.05117085862966175 0.6423529411764706 0.015611448395490026
0 0.5 0.12012142237640937 0.24941176470588236 0.014744145706851692
2 0.1411764705882353 0.19991326973113616 0.16470588235294117 0.01821335646140503
3 0.26705882352941174 0.1981786643538595 0.05176470588235294 0.014744145706851692
2 0.11294117647058824 0.24284475281873374 0.10823529411764705 0.017346053772766695
3 0.20529411764705882 0.24154379878577623 0.041176470588235294 0.014744145706851692
2 0.5194117647058824 0.24284475281873374 0.09294117647058824 0.017346053772766695
3 0.6047058823529412 0.24111014744145706 0.042352941176470586 0.013876843018213356
2 0.09294117647058824 0.28664353859496966 0.06823529411764706 0.01821335646140503
3 0.16 0.2844752818733738 0.03058823529411765 0.013876843018213356
2 0.5152941176470588 0.28664353859496966 0.16470588235294117 0.01821335646140503
3 0.6347058823529412 0.2862098872506505 0.03882352941176471 0.017346053772766695
2 0.08294117647058824 0.3295750216825672 0.04823529411764706 0.017346053772766695
3 0.15411764705882353 0.3282740676496097 0.058823529411764705 0.014744145706851692
2 0.11352941176470588 0.3707718993928881 0.10941176470588235 0.013009540329575022
3 0.2570588235294118 0.3738074588031223 0.1423529411764706 0.019080659150043366
2 0.5564705882352942 0.3733738074588031 0.16470588235294117 0.01821335646140503
3 0.6705882352941176 0.3712055507372073 0.02823529411764706 0.013876843018213356
2 0.1411764705882353 0.41673894189071986 0.16470588235294117 0.01821335646140503
3 0.2576470588235294 0.41457068516912404 0.03294117647058824 0.013876843018213356
2 0.5635294117647058 0.41673894189071986 0.06823529411764706 0.01821335646140503
3 0.6411764705882353 0.4150043365134432 0.05176470588235294 0.014744145706851692
2 0.10882352941176471 0.47528187337380745 0.1 0.013876843018213356
4 0.24705882352941178 0.4813529921942758 0.023529411764705882 0.017346053772766695
2 0.29705882352941176 0.4748482220294883 0.052941176470588235 0.013009540329575022
5 0.4235294117647059 0.4813529921942758 0.023529411764705882 0.017346053772766695
2 0.46352941176470586 0.4748482220294883 0.03294117647058824 0.013009540329575022
1 0.2605882352941176 0.5281873373807459 0.40352941176470586 0.015611448395490026
2 0.6670588235294118 0.5728534258456202 0.15764705882352942 0.01821335646140503
1 0.6758823529411765 0.593235039028621 0.1988235294117647 0.015611448395490026