0 0.5 0.0560303893637227 0.6423529411764706 0.017094017094017096
0 0.5 0.1315289648622982 0.23294117647058823 0.016144349477682812
2 0.08294117647058824 0.2184235517568851 0.04823529411764706 0.01899335232668566
3 0.13941176470588235 0.21889838556505223 0.029411764705882353 0.019943019943019943
2 0.4470588235294118 0.21889838556505223 0.06823529411764706 0.019943019943019943
2 0.1411764705882353 0.26638176638176636 0.16470588235294117 0.019943019943019943
2 0.10058823529411764 0.3114909781576448 0.08352941176470588 0.015194681861348529
2 0.5023529411764706 0.31339031339031337 0.10823529411764705 0.01899335232668566
3 0.5905882352941176 0.3114909781576448 0.03294117647058824 0.015194681861348529
2 0.1411764705882353 0.3613485280151947 0.16470588235294117 0.019943019943019943
3 0.26176470588235295 0.35944919278252613 0.041176470588235294 0.016144349477682812
2 0.10882352941176471 0.4254510921177588 0.1 0.015194681861348529
5 0.24705882352941178 0.43209876543209874 0.023529411764705882 0.01899335232668566
2 0.29705882352941176 0.4249762583095916 0.052941176470588235 0.014245014245014245
4 0.4235294117647059 0.43209876543209874 0.023529411764705882 0.01899335232668566
2 0.46352941176470586 0.4249762583095916 0.03294117647058824 0.014245014245014245
1 0.2605882352941176 0.48338081671415006 0.40352941176470586 0.017094017094017096
2 0.6670588235294118 0.5322886989553656 0.15764705882352942 0.019943019943019943
1 0.6758823529411765 0.5546058879392213 0.1988235294117647 0.017094017094017096