0 0.5 0.055503292568203196 0.6423529411764706 0.016933207902163686
0 0.5 0.13076199435559738 0.30470588235294116 0.016933207902163686
2 0.09294117647058824 0.21683913452492945 0.06823529411764706 0.01975540921919097
2 0.4647058823529412 0.21401693320790216 0.06352941176470588 0.014111006585136407
3 0.5311764705882352 0.21448730009407338 0.03411764705882353 0.015051740357478834
2 0.09058823529411765 0.2610536218250235 0.06352941176470588 0.014111006585136407
2 0.46 0.2610536218250235 0.06352941176470588 0.014111006585136407
2 0.10058823529411764 0.3085606773283161 0.08352941176470588 0.015051740357478834
2 0.11294117647058824 0.35747883349012227 0.10823529411764705 0.01881467544684854
2 0.10529411764705883 0.4045155221072437 0.09294117647058824 0.01881467544684854
3 0.1988235294117647 0.40545625587958606 0.058823529411764705 0.020696142991533398
2 0.54 0.40498588899341487 0.16470588235294117 0.01975540921919097
3 0.66 0.40498588899341487 0.04 0.01975540921919097
2 0.10882352941176471 0.4684854186265287 0.1 0.015051740357478834
4 0.24705882352941178 0.47507055503292567 0.023529411764705882 0.01881467544684854
2 0.29705882352941176 0.46801505174035746 0.052941176470588235 0.014111006585136407
5 0.4235294117647059 0.47507055503292567 0.023529411764705882 0.01881467544684854
2 0.46352941176470586 0.46801505174035746 0.03294117647058824 0.014111006585136407
1 0.2605882352941176 0.5258701787394168 0.40352941176470586 0.016933207902163686
2 0.6670588235294118 0.5743179680150517 0.15764705882352942 0.01975540921919097
1 0.6758823529411765 0.5964252116650988 0.1988235294117647 0.016933207902163686