0 0.5 0.057729941291585124 0.6423529411764706 0.01761252446183953
0 0.5 0.13551859099804306 0.24941176470588236 0.016634050880626222
2 0.10058823529411764 0.22309197651663404 0.08352941176470588 0.015655577299412915
3 0.19470588235294117 0.22553816046966732 0.06941176470588235 0.02054794520547945
2 0.4723529411764706 0.22504892367906065 0.04823529411764706 0.019569471624266144
3 0.5335294117647059 0.22504892367906065 0.03882352941176471 0.019569471624266144
2 0.10529411764705883 0.273972602739726 0.09294117647058824 0.019569471624266144
3 0.20058823529411765 0.2744618395303327 0.06235294117647059 0.02054794520547945
2 0.4894117647058824 0.27152641878669276 0.06352941176470588 0.014677103718199608
3 0.5741176470588235 0.2744618395303327 0.07058823529411765 0.02054794520547945
2 0.11352941176470588 0.3204500978473581 0.10941176470588235 0.014677103718199608
3 0.27176470588235296 0.3258317025440313 0.17176470588235293 0.025440313111545987
2 0.5564705882352942 0.32338551859099807 0.16470588235294117 0.02054794520547945
3 0.6752941176470588 0.32093933463796476 0.03764705882352941 0.015655577299412915
2 0.08294117647058824 0.37181996086105673 0.04823529411764706 0.019569471624266144
3 0.14941176470588236 0.3698630136986301 0.04941176470588235 0.015655577299412915
2 0.11294117647058824 0.4207436399217221 0.10823529411764705 0.019569471624266144
3 0.2076470588235294 0.4187866927592955 0.04588235294117647 0.015655577299412915
2 0.5147058823529411 0.4187866927592955 0.08352941176470588 0.015655577299412915
3 0.5911764705882353 0.4187866927592955 0.03411764705882353 0.015655577299412915
2 0.09294117647058824 0.47015655577299414 0.06823529411764706 0.02054794520547945
3 0.17058823529411765 0.46819960861056753 0.05176470588235294 0.016634050880626222
2 0.4747058823529412 0.46771037181996084 0.08352941176470588 0.015655577299412915
3 0.5552941176470588 0.46819960861056753 0.042352941176470586 0.016634050880626222
2 0.10882352941176471 0.5362035225048923 0.1 0.015655577299412915
5 0.24705882352941178 0.5430528375733855 0.023529411764705882 0.019569471624266144
2 0.29705882352941176 0.5357142857142857 0.052941176470588235 0.014677103718199608
4 0.4235294117647059 0.5430528375733855 0.023529411764705882 0.019569471624266144
2 0.46352941176470586 0.5357142857142857 0.03294117647058824 0.014677103718199608
1 0.2605882352941176 0.5958904109589042 0.40352941176470586 0.01761252446183953
2 0.6670588235294118 0.6462818003913894 0.15764705882352942 0.02054794520547945
1 0.6758823529411765 0.6692759295499021 0.1988235294117647 0.01761252446183953