0 0.5 0.05073086844368014 0.6423529411764706 0.015477214101461736
0 0.5 0.11951848667239896 0.28352941176470586 0.015477214101461736
2 0.11294117647058824 0.19776440240756663 0.10823529411764705 0.017196904557179708
2 0.10058823529411764 0.23903697334479793 0.08352941176470588 0.013757523645743766
2 0.1411764705882353 0.28417884780739466 0.16470588235294117 0.018056749785038694
2 0.09294117647058824 0.3271711092003439 0.06823529411764706 0.018056749785038694
2 0.4647058823529412 0.324591573516767 0.06352941176470588 0.012897678417884782
2 0.10882352941176471 0.38521066208082544 0.1 0.013757523645743766
4 0.24705882352941178 0.39122957867583835 0.023529411764705882 0.017196904557179708
2 0.29705882352941176 0.38478073946689595 0.052941176470588235 0.012897678417884782
4 0.4235294117647059 0.39122957867583835 0.023529411764705882 0.017196904557179708
2 0.46352941176470586 0.38478073946689595 0.03294117647058824 0.012897678417884782
1 0.2605882352941176 0.4376612209802236 0.40352941176470586 0.015477214101461736
2 0.6670588235294118 0.4819432502149613 0.15764705882352942 0.018056749785038694
1 0.6758823529411765 0.5021496130696474 0.1988235294117647 0.015477214101461736