0 0.5 0.05801376597836775 0.6423529411764706 0.017699115044247787
0 0.5 0.13618485742379546 0.24941176470588236 0.01671583087512291
2 0.09058823529411765 0.22369714847590955 0.06352941176470588 0.014749262536873156
3 0.16058823529411764 0.22468043264503443 0.041176470588235294 0.01671583087512291
2 0.10058823529411764 0.27335299901671584 0.08352941176470588 0.015732546705998034
3 0.18294117647058825 0.27335299901671584 0.04588235294117647 0.015732546705998034
2 0.11352941176470588 0.3220255653883973 0.10941176470588235 0.014749262536873156
3 0.24176470588235294 0.3254670599803343 0.11176470588235295 0.021632251720747297
2 0.5205882352941177 0.32448377581120946 0.09294117647058824 0.01966568338249754
3 0.6105882352941177 0.3230088495575221 0.05176470588235294 0.01671583087512291
2 0.08294117647058824 0.37364798426745327 0.04823529411764706 0.01966568338249754
3 0.14411764705882352 0.37364798426745327 0.03882352941176471 0.01966568338249754
2 0.11294117647058824 0.42281219272369713 0.10823529411764705 0.01966568338249754
3 0.20470588235294118 0.42133726647000985 0.04 0.01671583087512291
2 0.10882352941176471 0.4896755162241888 0.1 0.015732546705998034
4 0.24705882352941178 0.49655850540806296 0.023529411764705882 0.01966568338249754
2 0.29705882352941176 0.48918387413962633 0.052941176470588235 0.014749262536873156
5 0.4235294117647059 0.49655850540806296 0.023529411764705882 0.01966568338249754
2 0.46352941176470586 0.48918387413962633 0.03294117647058824 0.014749262536873156
1 0.2605882352941176 0.5496558505408063 0.40352941176470586 0.017699115044247787
2 0.6670588235294118 0.6002949852507374 0.15764705882352942 0.02064896755162242
1 0.6758823529411765 0.6234021632251721 0.1988235294117647 0.017699115044247787