0 0.5 0.05202821869488536 0.6423529411764706 0.015873015873015872
0 0.5 0.12213403880070546 0.23294117647058823 0.014991181657848324
2 0.08294117647058824 0.20282186948853614 0.04823529411764706 0.01763668430335097
3 0.14588235294117646 0.20105820105820105 0.042352941176470586 0.014109347442680775
2 0.11294117647058824 0.24691358024691357 0.10823529411764705 0.01763668430335097
3 0.20411764705882354 0.24691358024691357 0.03882352941176471 0.01763668430335097
2 0.11294117647058824 0.291005291005291 0.10823529411764705 0.01763668430335097
3 0.2076470588235294 0.29056437389770723 0.04588235294117647 0.01675485008818342
2 0.08294117647058824 0.3350970017636684 0.04823529411764706 0.01763668430335097
3 0.15529411764705883 0.3355379188712522 0.0611764705882353 0.018518518518518517
2 0.11352941176470588 0.376984126984127 0.10941176470588235 0.013227513227513227
3 0.2664705882352941 0.37962962962962965 0.16117647058823528 0.018518518518518517
2 0.528235294117647 0.37918871252204583 0.10823529411764705 0.01763668430335097
3 0.6264705882352941 0.37742504409171074 0.052941176470588235 0.014109347442680775
2 0.11352941176470588 0.4210758377425044 0.10941176470588235 0.013227513227513227
3 0.3 0.42504409171075835 0.22823529411764706 0.021164021164021163
2 0.508235294117647 0.4237213403880071 0.06823529411764706 0.018518518518518517
3 0.5835294117647059 0.4237213403880071 0.047058823529411764 0.018518518518518517
2 0.10882352941176471 0.48324514991181655 0.1 0.014109347442680775
5 0.24705882352941178 0.4894179894179894 0.023529411764705882 0.01763668430335097
2 0.29705882352941176 0.4828042328042328 0.052941176470588235 0.013227513227513227
4 0.4235294117647059 0.4894179894179894 0.023529411764705882 0.01763668430335097
2 0.46352941176470586 0.4828042328042328 0.03294117647058824 0.013227513227513227
1 0.2605882352941176 0.5370370370370371 0.40352941176470586 0.015873015873015872
2 0.6670588235294118 0.5824514991181657 0.15764705882352942 0.018518518518518517
1 0.6758823529411765 0.6031746031746031 0.1988235294117647 0.015873015873015872