0 0.5 0.050170068027210885 0.6423529411764706 0.015306122448979591
0 0.5 0.11819727891156463 0.28352941176470586 0.015306122448979591
2 0.1411764705882353 0.19600340136054423 0.16470588235294117 0.017857142857142856
3 0.27058823529411763 0.19430272108843538 0.058823529411764705 0.01445578231292517
2 0.08294117647058824 0.23809523809523808 0.04823529411764706 0.017006802721088437
3 0.14823529411764705 0.2385204081632653 0.047058823529411764 0.017857142857142856
2 0.4547058823529412 0.23639455782312926 0.08352941176470588 0.013605442176870748
3 0.528235294117647 0.23639455782312926 0.02823529411764706 0.013605442176870748
2 0.08294117647058824 0.28061224489795916 0.04823529411764706 0.017006802721088437
3 0.14588235294117646 0.2789115646258503 0.042352941176470586 0.013605442176870748
2 0.09058823529411765 0.3210034013605442 0.06352941176470588 0.012755102040816327
3 0.15705882352941178 0.3227040816326531 0.03411764705882353 0.016156462585034014
2 0.1411764705882353 0.36607142857142855 0.16470588235294117 0.017857142857142856
3 0.25823529411764706 0.36394557823129253 0.03411764705882353 0.013605442176870748
2 0.611764705882353 0.36607142857142855 0.16470588235294117 0.017857142857142856
3 0.7347058823529412 0.36522108843537415 0.04588235294117647 0.016156462585034014
2 0.09058823529411765 0.4060374149659864 0.06352941176470588 0.012755102040816327
3 0.17058823529411765 0.4085884353741497 0.0611764705882353 0.017857142857142856
2 0.10882352941176471 0.46598639455782315 0.1 0.013605442176870748
5 0.24705882352941178 0.4719387755102041 0.023529411764705882 0.017006802721088437
2 0.29705882352941176 0.4655612244897959 0.052941176470588235 0.012755102040816327
4 0.4235294117647059 0.4719387755102041 0.023529411764705882 0.017006802721088437
2 0.46352941176470586 0.4655612244897959 0.03294117647058824 0.012755102040816327
1 0.2605882352941176 0.5178571428571429 0.40352941176470586 0.015306122448979591
2 0.6670588235294118 0.5616496598639455 0.15764705882352942 0.017857142857142856
1 0.6758823529411765 0.5816326530612245 0.1988235294117647 0.015306122448979591