0 0.5 0.05545112781954887 0.6423529411764706 0.016917293233082706
0 0.5 0.13063909774436092 0.30470588235294116 0.016917293233082706
2 0.09294117647058824 0.21663533834586465 0.06823529411764706 0.019736842105263157
3 0.16117647058823528 0.21663533834586465 0.03294117647058824 0.019736842105263157
2 0.10058823529411764 0.26127819548872183 0.08352941176470588 0.015037593984962405
3 0.18235294117647058 0.26127819548872183 0.04470588235294118 0.015037593984962405
2 0.49 0.26127819548872183 0.08352941176470588 0.015037593984962405
3 0.5694117647058824 0.26362781954887216 0.04 0.019736842105263157
2 0.09058823529411765 0.30780075187969924 0.06352941176470588 0.014097744360902255
3 0.1623529411764706 0.30874060150375937 0.04470588235294118 0.015977443609022556
2 0.09294117647058824 0.3576127819548872 0.06823529411764706 0.019736842105263157
3 0.16176470588235295 0.35526315789473684 0.03411764705882353 0.015037593984962405
2 0.10529411764705883 0.4041353383458647 0.09294117647058824 0.018796992481203006
3 0.19 0.40272556390977443 0.041176470588235294 0.015977443609022556
2 0.5041176470588236 0.4041353383458647 0.09294117647058824 0.018796992481203006
3 0.5829411764705882 0.40460526315789475 0.029411764705882353 0.019736842105263157
2 0.10882352941176471 0.4680451127819549 0.1 0.015037593984962405
4 0.24705882352941178 0.47462406015037595 0.023529411764705882 0.018796992481203006
2 0.29705882352941176 0.4675751879699248 0.052941176470588235 0.014097744360902255
5 0.4235294117647059 0.47462406015037595 0.023529411764705882 0.018796992481203006
2 0.46352941176470586 0.4675751879699248 0.03294117647058824 0.014097744360902255
1 0.2605882352941176 0.525375939849624 0.40352941176470586 0.016917293233082706
2 0.6670588235294118 0.5737781954887218 0.15764705882352942 0.019736842105263157
1 0.6758823529411765 0.5958646616541353 0.1988235294117647 0.016917293233082706