0 0.5 0.058823529411764705 0.6423529411764706 0.01794616151545364
0 0.5 0.13808574277168495 0.24941176470588236 0.01694915254237288
2 0.10058823529411764 0.22731804586241275 0.08352941176470588 0.015952143569292122
3 0.18 0.22781655034895315 0.04 0.01694915254237288
2 0.08294117647058824 0.27916251246261214 0.04823529411764706 0.019940179461615155
3 0.1411764705882353 0.27716849451645065 0.03294117647058824 0.015952143569292122
2 0.11352941176470588 0.32652043868394814 0.10941176470588235 0.014955134596211365
3 0.2752941176470588 0.3300099700897308 0.17882352941176471 0.02193419740777667
2 0.10058823529411764 0.37686939182452645 0.08352941176470588 0.015952143569292122
3 0.18235294117647058 0.3793619142572283 0.04470588235294118 0.020937188434695914
2 0.10529411764705883 0.4287138584247258 0.09294117647058824 0.019940179461615155
3 0.19294117647058823 0.4292123629112662 0.047058823529411764 0.020937188434695914
2 0.49941176470588233 0.4267198404785643 0.08352941176470588 0.015952143569292122
3 0.5847058823529412 0.4272183449651047 0.05176470588235294 0.01694915254237288
2 0.10882352941176471 0.4965104685942173 0.1 0.015952143569292122
5 0.24705882352941178 0.5034895314057827 0.023529411764705882 0.019940179461615155
2 0.29705882352941176 0.49601196410767695 0.052941176470588235 0.014955134596211365
4 0.4235294117647059 0.5034895314057827 0.023529411764705882 0.019940179461615155
2 0.46352941176470586 0.49601196410767695 0.03294117647058824 0.014955134596211365
1 0.2605882352941176 0.5573280159521435 0.40352941176470586 0.01794616151545364
2 0.6670588235294118 0.6086739780658026 0.15764705882352942 0.020937188434695914
1 0.6758823529411765 0.6321036889332003 0.1988235294117647 0.01794616151545364