0 0.5 0.058941058941058944 0.6423529411764706 0.017982017982017984
0 0.5 0.13886113886113885 0.28352941176470586 0.017982017982017984
2 0.10529411764705883 0.22977022977022976 0.09294117647058824 0.01998001998001998
3 0.1864705882352941 0.22927072927072928 0.03411764705882353 0.01898101898101898
2 0.5117647058823529 0.22977022977022976 0.10823529411764705 0.01998001998001998
3 0.6070588235294118 0.23026973026973027 0.047058823529411764 0.02097902097902098
2 0.08294117647058824 0.27972027972027974 0.04823529411764706 0.01998001998001998
3 0.14176470588235293 0.2777222777222777 0.03411764705882353 0.015984015984015984
2 0.1411764705882353 0.33016983016983015 0.16470588235294117 0.02097902097902098
3 0.2688235294117647 0.33016983016983015 0.05529411764705883 0.02097902097902098
2 0.5841176470588235 0.3271728271728272 0.10941176470588235 0.014985014985014986
3 0.7347058823529412 0.3306693306693307 0.1564705882352941 0.02197802197802198
2 0.10529411764705883 0.37962037962037964 0.09294117647058824 0.01998001998001998
3 0.1952941176470588 0.37812187812187814 0.05176470588235294 0.016983016983016984
2 0.10882352941176471 0.44755244755244755 0.1 0.015984015984015984
5 0.24705882352941178 0.45454545454545453 0.023529411764705882 0.01998001998001998
2 0.29705882352941176 0.44705294705294707 0.052941176470588235 0.014985014985014986
4 0.4235294117647059 0.45454545454545453 0.023529411764705882 0.01998001998001998
2 0.46352941176470586 0.44705294705294707 0.03294117647058824 0.014985014985014986
1 0.2605882352941176 0.5084915084915085 0.40352941176470586 0.017982017982017984
2 0.6670588235294118 0.5599400599400599 0.15764705882352942 0.02097902097902098
1 0.6758823529411765 0.5834165834165834 0.1988235294117647 0.017982017982017984