0 0.5 0.05051369863013699 0.6423529411764706 0.015410958904109588
0 0.5 0.1190068493150685 0.28352941176470586 0.015410958904109588
2 0.10058823529411764 0.1952054794520548 0.08352941176470588 0.0136986301369863
2 0.11352941176470588 0.23758561643835616 0.10941176470588235 0.012842465753424657
3 0.2676470588235294 0.2422945205479452 0.1635294117647059 0.02226027397260274
2 0.5158823529411765 0.238013698630137 0.08352941176470588 0.0136986301369863
3 0.591764705882353 0.2401541095890411 0.03294117647058824 0.01797945205479452
2 0.11294117647058824 0.2825342465753425 0.10823529411764705 0.017123287671232876
3 0.20941176470588235 0.2808219178082192 0.04941176470588235 0.0136986301369863
2 0.09294117647058824 0.3257705479452055 0.06823529411764706 0.01797945205479452
3 0.1688235294117647 0.3236301369863014 0.04823529411764706 0.0136986301369863
2 0.09294117647058824 0.3685787671232877 0.06823529411764706 0.01797945205479452
3 0.16470588235294117 0.3668664383561644 0.04 0.014554794520547944
2 0.09058823529411765 0.4088184931506849 0.06352941176470588 0.012842465753424657
3 0.16294117647058823 0.4092465753424658 0.04588235294117647 0.0136986301369863
2 0.10882352941176471 0.4691780821917808 0.1 0.0136986301369863
4 0.24705882352941178 0.4751712328767123 0.023529411764705882 0.017123287671232876
2 0.29705882352941176 0.46875 0.052941176470588235 0.012842465753424657
5 0.4235294117647059 0.4751712328767123 0.023529411764705882 0.017123287671232876
2 0.46352941176470586 0.46875 0.03294117647058824 0.012842465753424657
1 0.2605882352941176 0.521404109589041 0.40352941176470586 0.015410958904109588
2 0.6670588235294118 0.5654965753424658 0.15764705882352942 0.01797945205479452
1 0.6758823529411765 0.5856164383561644 0.1988235294117647 0.015410958904109588