0 0.5 0.05315315315315315 0.6423529411764706 0.016216216216216217
0 0.5 0.12522522522522522 0.28352941176470586 0.016216216216216217
2 0.11352941176470588 0.20495495495495494 0.10941176470588235 0.013513513513513514
2 0.10529411764705883 0.25225225225225223 0.09294117647058824 0.018018018018018018
2 0.11294117647058824 0.2972972972972973 0.10823529411764705 0.018018018018018018
3 0.2011764705882353 0.29774774774774776 0.03294117647058824 0.01891891891891892
2 0.5276470588235294 0.29504504504504503 0.10941176470588235 0.013513513513513514
2 0.1411764705882353 0.3427927927927928 0.16470588235294117 0.01891891891891892
3 0.2641176470588235 0.34054054054054056 0.04588235294117647 0.014414414414414415
2 0.10058823529411764 0.3855855855855856 0.08352941176470588 0.014414414414414415
3 0.18352941176470589 0.3878378378378378 0.047058823529411764 0.01891891891891892
2 0.10529411764705883 0.43243243243243246 0.09294117647058824 0.018018018018018018
3 0.1888235294117647 0.43243243243243246 0.03882352941176471 0.018018018018018018
2 0.10882352941176471 0.4936936936936937 0.1 0.014414414414414415
5 0.24705882352941178 0.5 0.023529411764705882 0.018018018018018018
2 0.29705882352941176 0.49324324324324326 0.052941176470588235 0.013513513513513514
4 0.4235294117647059 0.5 0.023529411764705882 0.018018018018018018
2 0.46352941176470586 0.49324324324324326 0.03294117647058824 0.013513513513513514
1 0.2605882352941176 0.5486486486486486 0.40352941176470586 0.016216216216216217
2 0.6670588235294118 0.5950450450450451 0.15764705882352942 0.01891891891891892
1 0.6758823529411765 0.6162162162162163 0.1988235294117647 0.016216216216216217