0 0.5 0.05645933014354067 0.6423529411764706 0.01722488038277512
0 0.5 0.13253588516746412 0.23294117647058823 0.016267942583732056
2 0.11294117647058824 0.22009569377990432 0.10823529411764705 0.019138755980861243
2 0.10529411764705883 0.2679425837320574 0.09294117647058824 0.019138755980861243
3 0.19117647058823528 0.2665071770334928 0.04352941176470588 0.016267942583732056
2 0.09294117647058824 0.31626794258373203 0.06823529411764706 0.020095693779904306
3 0.16823529411764707 0.31626794258373203 0.047058823529411764 0.020095693779904306
2 0.09294117647058824 0.36411483253588517 0.06823529411764706 0.020095693779904306
3 0.17941176470588235 0.36411483253588517 0.06941176470588235 0.020095693779904306
2 0.11294117647058824 0.41148325358851673 0.10823529411764705 0.019138755980861243
3 0.20823529411764705 0.41196172248803825 0.047058823529411764 0.020095693779904306
2 0.10529411764705883 0.45933014354066987 0.09294117647058824 0.019138755980861243
3 0.19294117647058823 0.45885167464114834 0.047058823529411764 0.01818181818181818
2 0.10882352941176471 0.5244019138755981 0.1 0.015311004784688996
4 0.24705882352941178 0.5311004784688995 0.023529411764705882 0.019138755980861243
2 0.29705882352941176 0.5239234449760766 0.052941176470588235 0.014354066985645933
5 0.4235294117647059 0.5311004784688995 0.023529411764705882 0.019138755980861243
2 0.46352941176470586 0.5239234449760766 0.03294117647058824 0.014354066985645933
1 0.2605882352941176 0.5827751196172248 0.40352941176470586 0.01722488038277512
2 0.6670588235294118 0.6320574162679425 0.15764705882352942 0.020095693779904306
1 0.6758823529411765 0.6545454545454545 0.1988235294117647 0.01722488038277512