0 0.5 0.05529522024367385 0.6423529411764706 0.016869728209934397
0 0.5 0.1302717900656045 0.2647058823529412 0.016869728209934397
2 0.11294117647058824 0.2155576382380506 0.10823529411764705 0.01874414245548266
3 0.20176470588235293 0.21508903467666354 0.03411764705882353 0.01780693533270853
2 0.09058823529411765 0.2600749765698219 0.06352941176470588 0.014058106841611996
3 0.1564705882352941 0.26288659793814434 0.03294117647058824 0.019681349578256794
2 0.10529411764705883 0.30927835051546393 0.09294117647058824 0.01874414245548266
3 0.19294117647058823 0.309746954076851 0.047058823529411764 0.019681349578256794
2 0.49941176470588233 0.30740393626991563 0.08352941176470588 0.01499531396438613
3 0.581764705882353 0.30740393626991563 0.04588235294117647 0.01499531396438613
2 0.09058823529411765 0.3537956888472352 0.06352941176470588 0.014058106841611996
3 0.1564705882352941 0.35660731021555764 0.03294117647058824 0.019681349578256794
2 0.10882352941176471 0.4198687910028116 0.1 0.01499531396438613
4 0.24705882352941178 0.42642924086223055 0.023529411764705882 0.01874414245548266
2 0.29705882352941176 0.41940018744142454 0.052941176470588235 0.014058106841611996
5 0.4235294117647059 0.42642924086223055 0.023529411764705882 0.01874414245548266
2 0.46352941176470586 0.41940018744142454 0.03294117647058824 0.014058106841611996
1 0.2605882352941176 0.47703842549203374 0.40352941176470586 0.016869728209934397
2 0.6670588235294118 0.5253045923149016 0.15764705882352942 0.019681349578256794
1 0.6758823529411765 0.5473289597000938 0.1988235294117647 0.016869728209934397