0 0.5 0.05139372822299652 0.6423529411764706 0.0156794425087108
0 0.5 0.1210801393728223 0.2647058823529412 0.0156794425087108
2 0.08294117647058824 0.20034843205574912 0.04823529411764706 0.017421602787456445
2 0.10058823529411764 0.2421602787456446 0.08352941176470588 0.013937282229965157
2 0.5305882352941177 0.24433797909407665 0.16470588235294117 0.018292682926829267
2 0.09058823529411765 0.2852787456445993 0.06352941176470588 0.013066202090592335
2 0.11294117647058824 0.3310104529616725 0.10823529411764705 0.017421602787456445
2 0.10882352941176471 0.3902439024390244 0.1 0.013937282229965157
4 0.24705882352941178 0.39634146341463417 0.023529411764705882 0.017421602787456445
2 0.29705882352941176 0.38980836236933797 0.052941176470588235 0.013066202090592335
4 0.4235294117647059 0.39634146341463417 0.023529411764705882 0.017421602787456445
2 0.46352941176470586 0.38980836236933797 0.03294117647058824 0.013066202090592335
1 0.2605882352941176 0.44337979094076657 0.40352941176470586 0.0156794425087108
2 0.6670588235294118 0.4882404181184669 0.15764705882352942 0.018292682926829267
1 0.6758823529411765 0.5087108013937283 0.1988235294117647 0.0156794425087108