0 0.5 0.05581835383159887 0.6423529411764706 0.017029328287606435
0 0.5 0.1315042573320719 0.30470588235294116 0.017029328287606435
2 0.11294117647058824 0.21759697256385999 0.10823529411764705 0.01892147587511826
3 0.21411764705882352 0.2161778618732261 0.058823529411764705 0.01608325449385052
2 0.11352941176470588 0.2625354777672658 0.10941176470588235 0.014191106906338695
3 0.24235294117647058 0.2653736991485336 0.11294117647058824 0.019867549668874173
2 0.10058823529411764 0.31031220435193946 0.08352941176470588 0.015137180700094607
3 0.18058823529411766 0.3107852412488174 0.041176470588235294 0.01608325449385052
2 0.1411764705882353 0.35998107852412486 0.16470588235294117 0.019867549668874173
3 0.26529411764705885 0.35998107852412486 0.04823529411764706 0.019867549668874173
2 0.5711764705882353 0.3576158940397351 0.08352941176470588 0.015137180700094607
3 0.65 0.3595080416272469 0.03882352941176471 0.01892147587511826
2 0.10529411764705883 0.40681173131504256 0.09294117647058824 0.01892147587511826
3 0.20470588235294118 0.4096499526963103 0.07058823529411765 0.02459791863765374
2 0.4894117647058824 0.4044465468306528 0.06352941176470588 0.014191106906338695
3 0.5688235294117647 0.4063386944181646 0.06 0.017975402081362345
2 0.10882352941176471 0.47114474929044464 0.1 0.015137180700094607
5 0.24705882352941178 0.47776726584673607 0.023529411764705882 0.01892147587511826
2 0.29705882352941176 0.4706717123935667 0.052941176470588235 0.014191106906338695
4 0.4235294117647059 0.47776726584673607 0.023529411764705882 0.01892147587511826
2 0.46352941176470586 0.4706717123935667 0.03294117647058824 0.014191106906338695
1 0.2605882352941176 0.5288552507095553 0.40352941176470586 0.017029328287606435
2 0.6670588235294118 0.5775780510879849 0.15764705882352942 0.019867549668874173
1 0.6758823529411765 0.5998107852412489 0.1988235294117647 0.017029328287606435