0 0.5 0.052444444444444446 0.6423529411764706 0.016
0 0.5 0.12355555555555556 0.2647058823529412 0.016
2 0.10529411764705883 0.20444444444444446 0.09294117647058824 0.017777777777777778
3 0.1935294117647059 0.2048888888888889 0.04823529411764706 0.018666666666666668
2 0.5041176470588236 0.20444444444444446 0.09294117647058824 0.017777777777777778
3 0.5829411764705882 0.2048888888888889 0.029411764705882353 0.018666666666666668
2 0.09058823529411765 0.24666666666666667 0.06352941176470588 0.013333333333333334
3 0.17941176470588235 0.24977777777777777 0.07882352941176471 0.019555555555555555
2 0.09058823529411765 0.2911111111111111 0.06352941176470588 0.013333333333333334
3 0.1635294117647059 0.29288888888888887 0.047058823529411764 0.016888888888888887
2 0.1411764705882353 0.3382222222222222 0.16470588235294117 0.018666666666666668
3 0.27294117647058824 0.3373333333333333 0.06352941176470588 0.016888888888888887
2 0.11352941176470588 0.38 0.10941176470588235 0.013333333333333334
3 0.25882352941176473 0.38266666666666665 0.14588235294117646 0.018666666666666668
2 0.10882352941176471 0.44266666666666665 0.1 0.014222222222222223
5 0.24705882352941178 0.4488888888888889 0.023529411764705882 0.017777777777777778
2 0.29705882352941176 0.44222222222222224 0.052941176470588235 0.013333333333333334
4 0.4235294117647059 0.4488888888888889 0.023529411764705882 0.017777777777777778
2 0.46352941176470586 0.44222222222222224 0.03294117647058824 0.013333333333333334
1 0.2605882352941176 0.4968888888888889 0.40352941176470586 0.016
2 0.6670588235294118 0.5426666666666666 0.15764705882352942 0.018666666666666668
1 0.6758823529411765 0.5635555555555556 0.1988235294117647 0.016