0 0.5 0.052397868561278864 0.6423529411764706 0.015985790408525755
0 0.5 0.12300177619893428 0.23294117647058823 0.015097690941385435
2 0.09294117647058824 0.20470692717584368 0.06823529411764706 0.018650088809946713
2 0.4647058823529412 0.20204262877442272 0.06352941176470588 0.013321492007104795
2 0.11352941176470588 0.2464476021314387 0.10941176470588235 0.013321492007104795
2 0.5288235294117647 0.2464476021314387 0.10941176470588235 0.013321492007104795
2 0.10529411764705883 0.29307282415630553 0.09294117647058824 0.017761989342806393
2 0.08294117647058824 0.33747779751332146 0.04823529411764706 0.017761989342806393
2 0.10882352941176471 0.3978685612788632 0.1 0.014209591474245116
5 0.24705882352941178 0.40408525754884544 0.023529411764705882 0.017761989342806393
2 0.29705882352941176 0.39742451154529307 0.052941176470588235 0.013321492007104795
4 0.4235294117647059 0.40408525754884544 0.023529411764705882 0.017761989342806393
2 0.46352941176470586 0.39742451154529307 0.03294117647058824 0.013321492007104795
1 0.2605882352941176 0.45204262877442275 0.40352941176470586 0.015985790408525755
2 0.6670588235294118 0.4977797513321492 0.15764705882352942 0.018650088809946713
1 0.6758823529411765 0.5186500888099467 0.1988235294117647 0.015985790408525755