0 0.5 0.05334538878842676 0.6423529411764706 0.0162748643761302
0 0.5 0.1252260397830018 0.24941176470588236 0.015370705244122965
2 0.11352941176470588 0.20569620253164558 0.10941176470588235 0.013562386980108499
3 0.25823529411764706 0.2088607594936709 0.14470588235294118 0.019891500904159132
2 0.49823529411764705 0.20795660036166366 0.04823529411764706 0.018083182640144666
3 0.5694117647058824 0.2066003616636528 0.058823529411764705 0.015370705244122965
2 0.10529411764705883 0.25316455696202533 0.09294117647058824 0.018083182640144666
3 0.1988235294117647 0.25180831826401445 0.058823529411764705 0.015370705244122965
2 0.11294117647058824 0.298372513562387 0.10823529411764705 0.018083182640144666
3 0.22294117647058823 0.29927667269439423 0.07647058823529412 0.019891500904159132
2 0.1411764705882353 0.34403254972875225 0.16470588235294117 0.0189873417721519
3 0.25823529411764706 0.34177215189873417 0.03411764705882353 0.014466546112115732
2 0.10882352941176471 0.4050632911392405 0.1 0.014466546112115732
4 0.24705882352941178 0.41139240506329117 0.023529411764705882 0.018083182640144666
2 0.29705882352941176 0.4046112115732369 0.052941176470588235 0.013562386980108499
5 0.4235294117647059 0.41139240506329117 0.023529411764705882 0.018083182640144666
2 0.46352941176470586 0.4046112115732369 0.03294117647058824 0.013562386980108499
1 0.2605882352941176 0.4602169981916817 0.40352941176470586 0.0162748643761302
2 0.6670588235294118 0.5067811934900542 0.15764705882352942 0.0189873417721519
1 0.6758823529411765 0.5280289330922242 0.1988235294117647 0.0162748643761302