0 0.5 0.05021276595744681 0.6423529411764706 0.015319148936170212
0 0.5 0.11787234042553192 0.23294117647058823 0.01446808510638298
2 0.11294117647058824 0.19574468085106383 0.10823529411764705 0.01702127659574468
3 0.20470588235294118 0.19446808510638297 0.04 0.01446808510638298
2 0.09058823529411765 0.23617021276595745 0.06352941176470588 0.01276595744680851
3 0.16 0.23702127659574468 0.04 0.01446808510638298
2 0.4823529411764706 0.23829787234042554 0.10823529411764705 0.01702127659574468
2 0.1411764705882353 0.28127659574468084 0.16470588235294117 0.017872340425531916
2 0.5535294117647059 0.28085106382978725 0.04823529411764706 0.01702127659574468
2 0.09294117647058824 0.32382978723404254 0.06823529411764706 0.017872340425531916
3 0.16941176470588235 0.32170212765957445 0.04941176470588235 0.013617021276595745
2 0.1411764705882353 0.36638297872340425 0.16470588235294117 0.017872340425531916
2 0.5841176470588235 0.3638297872340426 0.10941176470588235 0.01276595744680851
2 0.08294117647058824 0.4085106382978723 0.04823529411764706 0.01702127659574468
2 0.10882352941176471 0.46638297872340423 0.1 0.013617021276595745
4 0.24705882352941178 0.4723404255319149 0.023529411764705882 0.01702127659574468
2 0.29705882352941176 0.46595744680851064 0.052941176470588235 0.01276595744680851
5 0.4235294117647059 0.4723404255319149 0.023529411764705882 0.01702127659574468
2 0.46352941176470586 0.46595744680851064 0.03294117647058824 0.01276595744680851
1 0.2605882352941176 0.5182978723404256 0.40352941176470586 0.015319148936170212
2 0.6670588235294118 0.5621276595744681 0.15764705882352942 0.017872340425531916
1 0.6758823529411765 0.5821276595744681 0.1988235294117647 0.015319148936170212