0 0.5 0.05841584158415842 0.6423529411764706 0.01782178217821782
0 0.5 0.13762376237623763 0.2647058823529412 0.01782178217821782
2 0.08294117647058824 0.22772277227722773 0.04823529411764706 0.019801980198019802
3 0.14705882352941177 0.22623762376237624 0.04470588235294118 0.016831683168316833
2 0.4370588235294118 0.22772277227722773 0.04823529411764706 0.019801980198019802
3 0.4988235294117647 0.22623762376237624 0.04 0.016831683168316833
2 0.10058823529411764 0.27524752475247527 0.08352941176470588 0.015841584158415842
3 0.18352941176470589 0.27574257425742577 0.047058823529411764 0.016831683168316833
2 0.49 0.27524752475247527 0.08352941176470588 0.015841584158415842
3 0.5664705882352942 0.27524752475247527 0.03411764705882353 0.015841584158415842
2 0.11352941176470588 0.32425742574257427 0.10941176470588235 0.01485148514851485
3 0.2411764705882353 0.3297029702970297 0.11058823529411765 0.02574257425742574
2 0.09294117647058824 0.37673267326732673 0.06823529411764706 0.020792079207920793
3 0.18 0.37673267326732673 0.07058823529411765 0.020792079207920793
2 0.09294117647058824 0.4262376237623762 0.06823529411764706 0.020792079207920793
3 0.17470588235294118 0.42524752475247524 0.06 0.01881188118811881
2 0.11352941176470588 0.47277227722772275 0.10941176470588235 0.01485148514851485
3 0.22705882352941176 0.47326732673267324 0.08235294117647059 0.015841584158415842
2 0.10882352941176471 0.5425742574257426 0.1 0.015841584158415842
5 0.24705882352941178 0.5495049504950495 0.023529411764705882 0.019801980198019802
2 0.29705882352941176 0.5420792079207921 0.052941176470588235 0.01485148514851485
4 0.4235294117647059 0.5495049504950495 0.023529411764705882 0.019801980198019802
2 0.46352941176470586 0.5420792079207921 0.03294117647058824 0.01485148514851485
1 0.2605882352941176 0.602970297029703 0.40352941176470586 0.01782178217821782
2 0.6670588235294118 0.653960396039604 0.15764705882352942 0.020792079207920793
1 0.6758823529411765 0.6772277227722773 0.1988235294117647 0.01782178217821782