0 0.5 0.054528650646950096 0.6423529411764706 0.0166358595194085
0 0.5 0.12846580406654343 0.30470588235294116 0.0166358595194085
2 0.10058823529411764 0.21072088724584104 0.08352941176470588 0.014787430683918669
3 0.17470588235294118 0.21303142329020333 0.029411764705882353 0.019408502772643253
2 0.11352941176470588 0.25646950092421444 0.10941176470588235 0.013863216266173753
3 0.24294117647058824 0.25693160813308685 0.11411764705882353 0.014787430683918669
2 0.10529411764705883 0.3049907578558225 0.09294117647058824 0.018484288354898338
3 0.20470588235294118 0.3077634011090573 0.07058823529411765 0.024029574861367836
2 0.1411764705882353 0.35166358595194086 0.16470588235294117 0.019408502772643253
3 0.2576470588235294 0.34935304990757854 0.03294117647058824 0.014787430683918669
2 0.10882352941176471 0.41404805914972276 0.1 0.014787430683918669
5 0.24705882352941178 0.42051756007393715 0.023529411764705882 0.018484288354898338
2 0.29705882352941176 0.4135859519408503 0.052941176470588235 0.013863216266173753
4 0.4235294117647059 0.42051756007393715 0.023529411764705882 0.018484288354898338
2 0.46352941176470586 0.4135859519408503 0.03294117647058824 0.013863216266173753
1 0.2605882352941176 0.4704251386321627 0.40352941176470586 0.0166358595194085
2 0.6670588235294118 0.5180221811460258 0.15764705882352942 0.019408502772643253
1 0.6758823529411765 0.5397412199630314 0.1988235294117647 0.0166358595194085