0 0.5 0.05324909747292419 0.6423529411764706 0.016245487364620937
0 0.5 0.12545126353790614 0.2647058823529412 0.016245487364620937
2 0.11294117647058824 0.2075812274368231 0.10823529411764705 0.018050541516245487
3 0.22 0.20803249097472923 0.07058823529411765 0.01895306859205776
2 0.5147058823529411 0.20577617328519857 0.08352941176470588 0.01444043321299639
3 0.6094117647058823 0.21028880866425992 0.07058823529411765 0.023465703971119134
2 0.08294117647058824 0.2527075812274368 0.04823529411764706 0.018050541516245487
3 0.14941176470588236 0.2509025270758123 0.04941176470588235 0.01444043321299639
2 0.10058823529411764 0.296028880866426 0.08352941176470588 0.01444043321299639
3 0.17941176470588235 0.29783393501805056 0.03882352941176471 0.018050541516245487
2 0.08294117647058824 0.34296028880866425 0.04823529411764706 0.018050541516245487
3 0.15235294117647058 0.3434115523465704 0.05529411764705883 0.01895306859205776
2 0.08294117647058824 0.388086642599278 0.04823529411764706 0.018050541516245487
3 0.1411764705882353 0.3862815884476534 0.03294117647058824 0.01444043321299639
2 0.45941176470588235 0.388086642599278 0.09294117647058824 0.018050541516245487
3 0.558235294117647 0.38853790613718414 0.06941176470588235 0.01895306859205776
2 0.10882352941176471 0.44945848375451264 0.1 0.01444043321299639
4 0.24705882352941178 0.45577617328519854 0.023529411764705882 0.018050541516245487
2 0.29705882352941176 0.4490072202166065 0.052941176470588235 0.013537906137184115
5 0.4235294117647059 0.45577617328519854 0.023529411764705882 0.018050541516245487
2 0.46352941176470586 0.4490072202166065 0.03294117647058824 0.013537906137184115
1 0.2605882352941176 0.5045126353790613 0.40352941176470586 0.016245487364620937
2 0.6670588235294118 0.5509927797833934 0.15764705882352942 0.01895306859205776
1 0.6758823529411765 0.572202166064982 0.1988235294117647 0.016245487364620937