0 0.5 0.05324909747292419 0.6423529411764706 0.016245487364620937
0 0.5 0.125 0.23294117647058823 0.015342960288808664
2 0.10529411764705883 0.2075812274368231 0.09294117647058824 0.018050541516245487
2 0.09294117647058824 0.25315884476534295 0.06823529411764706 0.01895306859205776
2 0.10058823529411764 0.296028880866426 0.08352941176470588 0.01444043321299639
2 0.10529411764705883 0.34296028880866425 0.09294117647058824 0.018050541516245487
3 0.19058823529411764 0.34115523465703973 0.042352941176470586 0.01444043321299639
2 0.10882352941176471 0.4043321299638989 0.1 0.01444043321299639
4 0.24705882352941178 0.41064981949458484 0.023529411764705882 0.018050541516245487
2 0.29705882352941176 0.4038808664259928 0.052941176470588235 0.013537906137184115
5 0.4235294117647059 0.41064981949458484 0.023529411764705882 0.018050541516245487
2 0.46352941176470586 0.4038808664259928 0.03294117647058824 0.013537906137184115
1 0.2605882352941176 0.45938628158844763 0.40352941176470586 0.016245487364620937
2 0.6670588235294118 0.5058664259927798 0.15764705882352942 0.01895306859205776
1 0.6758823529411765 0.5270758122743683 0.1988235294117647 0.016245487364620937