0 0.5 0.05514018691588785 0.6423529411764706 0.016822429906542057
0 0.5 0.12990654205607477 0.30470588235294116 0.016822429906542057
2 0.10058823529411764 0.2130841121495327 0.08352941176470588 0.014953271028037384
3 0.18058823529411766 0.21355140186915889 0.041176470588235294 0.01588785046728972
2 0.09058823529411765 0.25934579439252337 0.06352941176470588 0.014018691588785047
3 0.16 0.2602803738317757 0.04 0.01588785046728972
2 0.09294117647058824 0.3088785046728972 0.06823529411764706 0.019626168224299065
3 0.17411764705882352 0.30700934579439254 0.058823529411764705 0.01588785046728972
2 0.46705882352941175 0.3088785046728972 0.06823529411764706 0.019626168224299065
3 0.5388235294117647 0.30700934579439254 0.04 0.01588785046728972
2 0.09294117647058824 0.355607476635514 0.06823529411764706 0.019626168224299065
3 0.1688235294117647 0.355607476635514 0.04823529411764706 0.019626168224299065
2 0.46705882352941175 0.355607476635514 0.06823529411764706 0.019626168224299065
3 0.5335294117647059 0.355607476635514 0.029411764705882353 0.019626168224299065
2 0.10058823529411764 0.4 0.08352941176470588 0.014953271028037384
3 0.19176470588235295 0.4014018691588785 0.06352941176470588 0.017757009345794394
2 0.10882352941176471 0.4654205607476635 0.1 0.014953271028037384
5 0.24705882352941178 0.4719626168224299 0.023529411764705882 0.018691588785046728
2 0.29705882352941176 0.4649532710280374 0.052941176470588235 0.014018691588785047
4 0.4235294117647059 0.4719626168224299 0.023529411764705882 0.018691588785046728
2 0.46352941176470586 0.4649532710280374 0.03294117647058824 0.014018691588785047
1 0.2605882352941176 0.5224299065420561 0.40352941176470586 0.016822429906542057
2 0.6670588235294118 0.5705607476635514 0.15764705882352942 0.019626168224299065
1 0.6758823529411765 0.5925233644859813 0.1988235294117647 0.016822429906542057