0 0.5 0.05841584158415842 0.6423529411764706 0.01782178217821782
0 0.5 0.13762376237623763 0.30470588235294116 0.01782178217821782
2 0.11352941176470588 0.22524752475247525 0.10941176470588235 0.01485148514851485
3 0.23058823529411765 0.22821782178217823 0.08941176470588236 0.020792079207920793
2 0.11294117647058824 0.27722772277227725 0.10823529411764705 0.019801980198019802
3 0.20823529411764705 0.27772277227722775 0.047058823529411764 0.020792079207920793
2 0.4970588235294118 0.27722772277227725 0.04823529411764706 0.019801980198019802
3 0.5623529411764706 0.27772277227722775 0.047058823529411764 0.020792079207920793
2 0.10058823529411764 0.32475247524752476 0.08352941176470588 0.015841584158415842
3 0.19941176470588234 0.32772277227722774 0.07882352941176471 0.02178217821782178
2 0.11352941176470588 0.37376237623762376 0.10941176470588235 0.01485148514851485
3 0.2570588235294118 0.37623762376237624 0.1423529411764706 0.019801980198019802
2 0.5058823529411764 0.37376237623762376 0.06352941176470588 0.01485148514851485
3 0.5858823529411765 0.37673267326732673 0.0611764705882353 0.020792079207920793
2 0.09294117647058824 0.4262376237623762 0.06823529411764706 0.020792079207920793
3 0.16823529411764707 0.42524752475247524 0.047058823529411764 0.01881188118811881
2 0.10882352941176471 0.49306930693069306 0.1 0.015841584158415842
4 0.24705882352941178 0.5 0.023529411764705882 0.019801980198019802
2 0.29705882352941176 0.49257425742574257 0.052941176470588235 0.01485148514851485
5 0.4235294117647059 0.5 0.023529411764705882 0.019801980198019802
2 0.46352941176470586 0.49257425742574257 0.03294117647058824 0.01485148514851485
1 0.2605882352941176 0.5534653465346535 0.40352941176470586 0.01782178217821782
2 0.6670588235294118 0.6044554455445544 0.15764705882352942 0.020792079207920793
1 0.6758823529411765 0.6277227722772277 0.1988235294117647 0.01782178217821782