0 0.5 0.056137012369172214 0.6423529411764706 0.017126546146527116
0 0.5 0.13225499524262607 0.30470588235294116 0.017126546146527116
2 0.09294117647058824 0.2193149381541389 0.06823529411764706 0.019980970504281638
3 0.16117647058823528 0.21693625118934348 0.03294117647058824 0.015223596574690771
2 0.47941176470588237 0.21883920076117983 0.09294117647058824 0.019029495718363463
3 0.5670588235294117 0.21741198858230257 0.047058823529411764 0.016175071360608945
2 0.10058823529411764 0.26450999048525214 0.08352941176470588 0.015223596574690771
3 0.18941176470588236 0.26736441484300666 0.058823529411764705 0.02093244529019981
2 0.11294117647058824 0.3139866793529971 0.10823529411764705 0.019029495718363463
3 0.21294117647058824 0.31255946717411986 0.05647058823529412 0.016175071360608945
2 0.09058823529411765 0.3591817316841104 0.06352941176470588 0.014272121788772598
3 0.17058823529411765 0.3620361560418649 0.0611764705882353 0.019980970504281638
2 0.45235294117647057 0.3615604186489058 0.04823529411764706 0.019029495718363463
3 0.5188235294117647 0.35965746907706947 0.04941176470588235 0.015223596574690771
2 0.1411764705882353 0.40960989533777353 0.16470588235294117 0.019980970504281638
3 0.27176470588235296 0.40960989533777353 0.0611764705882353 0.019980970504281638
2 0.10058823529411764 0.4548049476688868 0.08352941176470588 0.015223596574690771
3 0.18941176470588236 0.4576593720266413 0.058823529411764705 0.02093244529019981
2 0.10882352941176471 0.5214081826831589 0.1 0.015223596574690771
5 0.24705882352941178 0.5280685061845861 0.023529411764705882 0.019029495718363463
2 0.29705882352941176 0.5209324452901998 0.052941176470588235 0.014272121788772598
4 0.4235294117647059 0.5280685061845861 0.023529411764705882 0.019029495718363463
2 0.46352941176470586 0.5209324452901998 0.03294117647058824 0.014272121788772598
1 0.2605882352941176 0.5794481446241675 0.40352941176470586 0.017126546146527116
2 0.6670588235294118 0.6284490960989534 0.15764705882352942 0.019980970504281638
1 0.6758823529411765 0.6508087535680305 0.1988235294117647 0.017126546146527116