0 0.5 0.05784313725490196 0.6423529411764706 0.01764705882352941
0 0.5 0.13578431372549019 0.23294117647058823 0.016666666666666666
2 0.11352941176470588 0.22303921568627452 0.10941176470588235 0.014705882352941176
3 0.2711764705882353 0.22647058823529412 0.17058823529411765 0.021568627450980392
2 0.5288235294117647 0.22303921568627452 0.10941176470588235 0.014705882352941176
3 0.6882352941176471 0.22598039215686275 0.17411764705882352 0.020588235294117647
2 0.09294117647058824 0.275 0.06823529411764706 0.020588235294117647
3 0.18411764705882352 0.2754901960784314 0.07882352941176471 0.021568627450980392
2 0.10058823529411764 0.3215686274509804 0.08352941176470588 0.01568627450980392
3 0.17647058823529413 0.3215686274509804 0.03294117647058824 0.01568627450980392
2 0.4823529411764706 0.32401960784313727 0.06823529411764706 0.020588235294117647
3 0.5623529411764706 0.3220588235294118 0.05647058823529412 0.016666666666666666
2 0.10529411764705883 0.37254901960784315 0.09294117647058824 0.0196078431372549
3 0.1864705882352941 0.37058823529411766 0.03411764705882353 0.01568627450980392
2 0.4894117647058824 0.3700980392156863 0.06352941176470588 0.014705882352941176
3 0.5782352941176471 0.3735294117647059 0.07882352941176471 0.021568627450980392
2 0.1411764705882353 0.42205882352941176 0.16470588235294117 0.020588235294117647
3 0.2647058823529412 0.4200980392156863 0.047058823529411764 0.016666666666666666
2 0.10882352941176471 0.48823529411764705 0.1 0.01568627450980392
4 0.24705882352941178 0.4950980392156863 0.023529411764705882 0.0196078431372549
2 0.29705882352941176 0.4877450980392157 0.052941176470588235 0.014705882352941176
5 0.4235294117647059 0.4950980392156863 0.023529411764705882 0.0196078431372549
2 0.46352941176470586 0.4877450980392157 0.03294117647058824 0.014705882352941176
1 0.2605882352941176 0.5480392156862746 0.40352941176470586 0.01764705882352941
2 0.6670588235294118 0.5985294117647059 0.15764705882352942 0.020588235294117647
1 0.6758823529411765 0.6215686274509804 0.1988235294117647 0.01764705882352941