0 0.5 0.05291479820627803 0.6423529411764706 0.016143497757847534
0 0.5 0.1242152466367713 0.23294117647058823 0.015246636771300448
2 0.09294117647058824 0.20672645739910314 0.06823529411764706 0.01883408071748879
3 0.16588235294117648 0.20493273542600896 0.042352941176470586 0.015246636771300448
2 0.09294117647058824 0.2515695067264574 0.06823529411764706 0.01883408071748879
3 0.17529411764705882 0.2515695067264574 0.0611764705882353 0.01883408071748879
2 0.08294117647058824 0.29596412556053814 0.04823529411764706 0.017937219730941704
2 0.1411764705882353 0.3412556053811659 0.16470588235294117 0.01883408071748879
2 0.5835294117647059 0.34080717488789236 0.10823529411764705 0.017937219730941704
2 0.10882352941176471 0.40179372197309415 0.1 0.014349775784753363
4 0.24705882352941178 0.4080717488789238 0.023529411764705882 0.017937219730941704
2 0.29705882352941176 0.4013452914798206 0.052941176470588235 0.013452914798206279
5 0.4235294117647059 0.4080717488789238 0.023529411764705882 0.017937219730941704
2 0.46352941176470586 0.4013452914798206 0.03294117647058824 0.013452914798206279
1 0.2605882352941176 0.4565022421524664 0.40352941176470586 0.016143497757847534
2 0.6670588235294118 0.5026905829596413 0.15764705882352942 0.01883408071748879
1 0.6758823529411765 0.5237668161434977 0.1988235294117647 0.016143497757847534