0 0.5 0.053979871912168347 0.6423529411764706 0.01646843549862763
0 0.5 0.12717291857273558 0.2647058823529412 0.01646843549862763
2 0.10529411764705883 0.21043000914913082 0.09294117647058824 0.018298261665141813
2 0.09294117647058824 0.2566331198536139 0.06823529411764706 0.0192131747483989
2 0.10529411764705883 0.3019213174748399 0.09294117647058824 0.018298261665141813
2 0.5041176470588236 0.3019213174748399 0.09294117647058824 0.018298261665141813
2 0.10529411764705883 0.34766697163769444 0.09294117647058824 0.018298261665141813
2 0.11352941176470588 0.3911253430924062 0.10941176470588235 0.013723696248856358
2 0.10882352941176471 0.4556267154620311 0.1 0.01463860933211345
4 0.24705882352941178 0.46203110704483075 0.023529411764705882 0.018298261665141813
2 0.29705882352941176 0.45516925892040255 0.052941176470588235 0.013723696248856358
4 0.4235294117647059 0.46203110704483075 0.023529411764705882 0.018298261665141813
2 0.46352941176470586 0.45516925892040255 0.03294117647058824 0.013723696248856358
1 0.2605882352941176 0.5114364135407137 0.40352941176470586 0.01646843549862763
2 0.6670588235294118 0.5585544373284538 0.15764705882352942 0.0192131747483989
1 0.6758823529411765 0.5800548947849954 0.1988235294117647 0.01646843549862763