0 0.5 0.057115198451113264 0.6423529411764706 0.017424975798644726
0 0.5 0.1340755082284608 0.24941176470588236 0.016456921587608905
2 0.09294117647058824 0.22313649564375604 0.06823529411764706 0.02032913843175218
2 0.09294117647058824 0.27153920619554694 0.06823529411764706 0.02032913843175218
2 0.09294117647058824 0.31994191674733785 0.06823529411764706 0.02032913843175218
3 0.1676470588235294 0.31897386253630206 0.04588235294117647 0.018393030009680542
2 0.10529411764705883 0.36786060019361083 0.09294117647058824 0.01936108422071636
2 0.10882352941176471 0.43368828654404645 0.1 0.015488867376573089
5 0.24705882352941178 0.4404646660212972 0.023529411764705882 0.01936108422071636
2 0.29705882352941176 0.4332042594385286 0.052941176470588235 0.01452081316553727
4 0.4235294117647059 0.4404646660212972 0.023529411764705882 0.01936108422071636
2 0.46352941176470586 0.4332042594385286 0.03294117647058824 0.01452081316553727
1 0.2605882352941176 0.4927395934172314 0.40352941176470586 0.017424975798644726
2 0.6670588235294118 0.542594385285576 0.15764705882352942 0.02032913843175218
1 0.6758823529411765 0.5653436592449177 0.1988235294117647 0.017424975798644726