0 0.5 0.05108225108225108 0.6423529411764706 0.015584415584415584
0 0.5 0.12034632034632034 0.28352941176470586 0.015584415584415584
2 0.09294117647058824 0.19956709956709956 0.06823529411764706 0.01818181818181818
3 0.16470588235294117 0.19956709956709956 0.04 0.01818181818181818
2 0.09058823529411765 0.24025974025974026 0.06352941176470588 0.012987012987012988
3 0.1635294117647059 0.24199134199134198 0.047058823529411764 0.01645021645021645
2 0.11352941176470588 0.28354978354978355 0.10941176470588235 0.012987012987012988
3 0.29352941176470587 0.2865800865800866 0.21529411764705883 0.01904761904761905
2 0.5058823529411764 0.28354978354978355 0.06352941176470588 0.012987012987012988
3 0.5694117647058824 0.283982683982684 0.02823529411764706 0.013852813852813853
2 0.10529411764705883 0.329004329004329 0.09294117647058824 0.017316017316017316
3 0.18941176470588236 0.3277056277056277 0.04 0.01471861471861472
2 0.10058823529411764 0.37056277056277054 0.08352941176470588 0.013852813852813853
3 0.18588235294117647 0.370995670995671 0.05176470588235294 0.01471861471861472
2 0.11294117647058824 0.4155844155844156 0.10823529411764705 0.017316017316017316
3 0.2011764705882353 0.41385281385281386 0.03294117647058824 0.013852813852813853
2 0.10882352941176471 0.47445887445887447 0.1 0.013852813852813853
5 0.24705882352941178 0.4805194805194805 0.023529411764705882 0.017316017316017316
2 0.29705882352941176 0.474025974025974 0.052941176470588235 0.012987012987012988
4 0.4235294117647059 0.4805194805194805 0.023529411764705882 0.017316017316017316
2 0.46352941176470586 0.474025974025974 0.03294117647058824 0.012987012987012988
1 0.2605882352941176 0.5272727272727272 0.40352941176470586 0.015584415584415584
2 0.6670588235294118 0.5718614718614718 0.15764705882352942 0.01818181818181818
1 0.6758823529411765 0.5922077922077922 0.1988235294117647 0.015584415584415584