0 0.5 0.05789990186457311 0.6423529411764706 0.017664376840039256
0 0.5 0.13591756624141316 0.24941176470588236 0.016683022571148183
2 0.09058823529411765 0.22325809617271836 0.06352941176470588 0.014720314033366046
3 0.16294117647058823 0.2237487733071639 0.04588235294117647 0.015701668302257114
2 0.10529411764705883 0.2747791952894995 0.09294117647058824 0.019627085377821395
3 0.1935294117647059 0.275269872423945 0.04823529411764706 0.020608439646712464
2 0.08294117647058824 0.323846908734053 0.04823529411764706 0.019627085377821395
3 0.14823529411764705 0.32433758586849853 0.047058823529411764 0.020608439646712464
2 0.4547058823529412 0.32188420019627084 0.08352941176470588 0.015701668302257114
3 0.5305882352941177 0.32433758586849853 0.03294117647058824 0.020608439646712464
2 0.09058823529411765 0.3704612365063788 0.06352941176470588 0.014720314033366046
3 0.16 0.37144259077526987 0.04 0.016683022571148183
2 0.10882352941176471 0.4396467124631992 0.1 0.015701668302257114
5 0.24705882352941178 0.4465161923454367 0.023529411764705882 0.019627085377821395
2 0.29705882352941176 0.4391560353287537 0.052941176470588235 0.014720314033366046
4 0.4235294117647059 0.4465161923454367 0.023529411764705882 0.019627085377821395
2 0.46352941176470586 0.4391560353287537 0.03294117647058824 0.014720314033366046
1 0.2605882352941176 0.49950932286555444 0.40352941176470586 0.017664376840039256
2 0.6670588235294118 0.5500490677134445 0.15764705882352942 0.020608439646712464
1 0.6758823529411765 0.5731108930323847 0.1988235294117647 0.017664376840039256