0 0.5 0.05717054263565891 0.6423529411764706 0.01744186046511628
0 0.5 0.13420542635658914 0.23294117647058823 0.016472868217054265
2 0.08294117647058824 0.22286821705426357 0.04823529411764706 0.01937984496124031
3 0.14882352941176472 0.22335271317829458 0.04823529411764706 0.020348837209302327
2 0.49529411764705883 0.22335271317829458 0.16470588235294117 0.020348837209302327
3 0.6188235294117647 0.22238372093023256 0.047058823529411764 0.018410852713178296
2 0.09058823529411765 0.2688953488372093 0.06352941176470588 0.014534883720930232
3 0.17529411764705882 0.27180232558139533 0.07058823529411765 0.020348837209302327
2 0.11352941176470588 0.3173449612403101 0.10941176470588235 0.014534883720930232
3 0.25176470588235295 0.3183139534883721 0.13176470588235295 0.016472868217054265
2 0.1411764705882353 0.3687015503875969 0.16470588235294117 0.020348837209302327
3 0.2641176470588235 0.36773255813953487 0.04588235294117647 0.018410852713178296
2 0.09294117647058824 0.4171511627906977 0.06823529411764706 0.020348837209302327
3 0.16941176470588235 0.41472868217054265 0.04941176470588235 0.015503875968992248
2 0.4747058823529412 0.41472868217054265 0.08352941176470588 0.015503875968992248
3 0.5511764705882353 0.41472868217054265 0.03411764705882353 0.015503875968992248
2 0.10882352941176471 0.48255813953488375 0.1 0.015503875968992248
4 0.24705882352941178 0.4893410852713178 0.023529411764705882 0.01937984496124031
2 0.29705882352941176 0.48207364341085274 0.052941176470588235 0.014534883720930232
5 0.4235294117647059 0.4893410852713178 0.023529411764705882 0.01937984496124031
2 0.46352941176470586 0.48207364341085274 0.03294117647058824 0.014534883720930232
1 0.2605882352941176 0.5416666666666666 0.40352941176470586 0.01744186046511628
2 0.6670588235294118 0.5915697674418605 0.15764705882352942 0.020348837209302327
1 0.6758823529411765 0.6143410852713178 0.1988235294117647 0.01744186046511628