0 0.5 0.05368516833484986 0.6423529411764706 0.01637852593266606
0 0.5 0.12602365787079162 0.24941176470588236 0.015468607825295723
2 0.11352941176470588 0.2070063694267516 0.10941176470588235 0.01364877161055505
3 0.28411764705882353 0.21019108280254778 0.19647058823529412 0.020018198362147407
2 0.528235294117647 0.20928116469517744 0.10823529411764705 0.018198362147406732
3 0.6223529411764706 0.2097361237488626 0.04470588235294118 0.01910828025477707
2 0.10529411764705883 0.25477707006369427 0.09294117647058824 0.018198362147406732
3 0.1864705882352941 0.2529572338489536 0.03411764705882353 0.014558689717925387
2 0.5123529411764706 0.25250227479526843 0.10941176470588235 0.01364877161055505
3 0.6611764705882353 0.25477707006369427 0.15294117647058825 0.018198362147406732
2 0.10529411764705883 0.3002729754322111 0.09294117647058824 0.018198362147406732
3 0.19705882352941176 0.30072793448589624 0.05529411764705883 0.01910828025477707
2 0.10529411764705883 0.34576888080072793 0.09294117647058824 0.018198362147406732
3 0.1952941176470588 0.34440400363967244 0.05176470588235294 0.015468607825295723
2 0.5123529411764706 0.3434940855323021 0.10941176470588235 0.01364877161055505
3 0.69 0.34849863512283896 0.21058823529411766 0.023657870791628753
2 0.09058823529411765 0.3889899909008189 0.06352941176470588 0.01364877161055505
3 0.15411764705882353 0.38989990900818927 0.02823529411764706 0.015468607825295723
2 0.10882352941176471 0.4531392174704277 0.1 0.014558689717925387
4 0.24705882352941178 0.45950864422202004 0.023529411764705882 0.018198362147406732
2 0.29705882352941176 0.4526842584167425 0.052941176470588235 0.01364877161055505
5 0.4235294117647059 0.45950864422202004 0.023529411764705882 0.018198362147406732
2 0.46352941176470586 0.4526842584167425 0.03294117647058824 0.01364877161055505
1 0.2605882352941176 0.5086442220200182 0.40352941176470586 0.01637852593266606
2 0.6670588235294118 0.5555050045495905 0.15764705882352942 0.01910828025477707
1 0.6758823529411765 0.5768880800727935 0.1988235294117647 0.01637852593266606