0 0.5 0.05876494023904383 0.6423529411764706 0.017928286852589643
0 0.5 0.13844621513944222 0.2647058823529412 0.017928286852589643
2 0.08294117647058824 0.2290836653386454 0.04823529411764706 0.0199203187250996
3 0.15529411764705883 0.2295816733067729 0.0611764705882353 0.02091633466135458
2 0.09058823529411765 0.27639442231075695 0.06352941176470588 0.014940239043824702
2 0.4747058823529412 0.2788844621513944 0.09294117647058824 0.0199203187250996
3 0.5694117647058824 0.2793824701195219 0.0611764705882353 0.02091633466135458
2 0.10529411764705883 0.3286852589641434 0.09294117647058824 0.0199203187250996
3 0.1864705882352941 0.32669322709163345 0.03411764705882353 0.01593625498007968
2 0.5041176470588236 0.3286852589641434 0.09294117647058824 0.0199203187250996
2 0.10529411764705883 0.3784860557768924 0.09294117647058824 0.0199203187250996
3 0.2 0.3789840637450199 0.0611764705882353 0.02091633466135458
2 0.5123529411764706 0.375996015936255 0.10941176470588235 0.014940239043824702
2 0.10882352941176471 0.44621513944223107 0.1 0.01593625498007968
5 0.24705882352941178 0.4531872509960159 0.023529411764705882 0.0199203187250996
2 0.29705882352941176 0.4457171314741036 0.052941176470588235 0.014940239043824702
4 0.4235294117647059 0.4531872509960159 0.023529411764705882 0.0199203187250996
2 0.46352941176470586 0.4457171314741036 0.03294117647058824 0.014940239043824702
1 0.2605882352941176 0.5069721115537849 0.40352941176470586 0.017928286852589643
2 0.6670588235294118 0.5582669322709163 0.15764705882352942 0.02091633466135458
1 0.6758823529411765 0.5816733067729084 0.1988235294117647 0.017928286852589643