0 0.5 0.05021276595744681 0.6423529411764706 0.015319148936170212
0 0.5 0.11829787234042553 0.28352941176470586 0.015319148936170212
2 0.09294117647058824 0.19617021276595745 0.06823529411764706 0.017872340425531916
3 0.16117647058823528 0.19404255319148936 0.03294117647058824 0.013617021276595745
2 0.08294117647058824 0.23829787234042554 0.04823529411764706 0.01702127659574468
3 0.15411764705882353 0.23914893617021277 0.058823529411764705 0.01872340425531915
2 0.1411764705882353 0.28127659574468084 0.16470588235294117 0.017872340425531916
3 0.2641176470588235 0.27914893617021275 0.04588235294117647 0.013617021276595745
2 0.5835294117647059 0.28085106382978725 0.10823529411764705 0.01702127659574468
3 0.6752941176470588 0.2795744680851064 0.04 0.01446808510638298
2 0.11294117647058824 0.32340425531914896 0.10823529411764705 0.01702127659574468
3 0.2088235294117647 0.32382978723404254 0.04823529411764706 0.017872340425531916
2 0.10058823529411764 0.36425531914893616 0.08352941176470588 0.013617021276595745
3 0.18352941176470589 0.365531914893617 0.047058823529411764 0.016170212765957447
2 0.4823529411764706 0.36638297872340425 0.06823529411764706 0.017872340425531916
3 0.5735294117647058 0.3668085106382979 0.07882352941176471 0.01872340425531915
2 0.11352941176470588 0.40638297872340423 0.10941176470588235 0.01276595744680851
3 0.2635294117647059 0.41106382978723405 0.15529411764705883 0.022127659574468085
2 0.5058823529411764 0.40638297872340423 0.06352941176470588 0.01276595744680851
3 0.5788235294117647 0.40680851063829787 0.047058823529411764 0.013617021276595745
2 0.10882352941176471 0.46638297872340423 0.1 0.013617021276595745
5 0.24705882352941178 0.4723404255319149 0.023529411764705882 0.01702127659574468
2 0.29705882352941176 0.46595744680851064 0.052941176470588235 0.01276595744680851
4 0.4235294117647059 0.4723404255319149 0.023529411764705882 0.01702127659574468
2 0.46352941176470586 0.46595744680851064 0.03294117647058824 0.01276595744680851
1 0.2605882352941176 0.5182978723404256 0.40352941176470586 0.015319148936170212
2 0.6670588235294118 0.5621276595744681 0.15764705882352942 0.017872340425531916
1 0.6758823529411765 0.5821276595744681 0.1988235294117647 0.015319148936170212