0 0.5 0.05230496453900709 0.6423529411764706 0.015957446808510637
0 0.5 0.12278368794326242 0.23294117647058823 0.015070921985815602
2 0.10058823529411764 0.20212765957446807 0.08352941176470588 0.014184397163120567
3 0.18411764705882352 0.20434397163120568 0.04823529411764706 0.018617021276595744
2 0.5305882352941177 0.20434397163120568 0.16470588235294117 0.018617021276595744
3 0.6476470588235295 0.20212765957446807 0.03411764705882353 0.014184397163120567
2 0.10058823529411764 0.24645390070921985 0.08352941176470588 0.014184397163120567
3 0.18058823529411766 0.24689716312056736 0.041176470588235294 0.015070921985815602
2 0.10529411764705883 0.2925531914893617 0.09294117647058824 0.01773049645390071
3 0.18588235294117647 0.2907801418439716 0.03294117647058824 0.014184397163120567
2 0.10058823529411764 0.3351063829787234 0.08352941176470588 0.014184397163120567
3 0.17647058823529413 0.3351063829787234 0.03294117647058824 0.014184397163120567
2 0.4723529411764706 0.33687943262411346 0.04823529411764706 0.01773049645390071
3 0.5311764705882352 0.33643617021276595 0.03411764705882353 0.016843971631205674
2 0.10882352941176471 0.3971631205673759 0.1 0.014184397163120567
5 0.24705882352941178 0.4033687943262411 0.023529411764705882 0.01773049645390071
2 0.29705882352941176 0.3967198581560284 0.052941176470588235 0.013297872340425532
4 0.4235294117647059 0.4033687943262411 0.023529411764705882 0.01773049645390071
2 0.46352941176470586 0.3967198581560284 0.03294117647058824 0.013297872340425532
1 0.2605882352941176 0.4512411347517731 0.40352941176470586 0.015957446808510637
2 0.6670588235294118 0.49689716312056736 0.15764705882352942 0.018617021276595744
1 0.6758823529411765 0.5177304964539007 0.1988235294117647 0.015957446808510637