0 0.5 0.055977229601518026 0.6423529411764706 0.017077798861480076
0 0.5 0.13140417457305503 0.24941176470588236 0.016129032258064516
2 0.10058823529411764 0.21631878557874762 0.08352941176470588 0.015180265654648957
3 0.18058823529411766 0.2167931688804554 0.041176470588235294 0.016129032258064516
2 0.5305882352941177 0.21869070208728653 0.16470588235294117 0.019924098671726755
3 0.6547058823529411 0.21631878557874762 0.04823529411764706 0.015180265654648957
2 0.11294117647058824 0.2656546489563567 0.10823529411764705 0.018975332068311195
3 0.20823529411764705 0.2637571157495256 0.047058823529411764 0.015180265654648957
2 0.09058823529411765 0.31072106261859583 0.06352941176470588 0.014231499051233396
3 0.17941176470588235 0.31404174573055027 0.07882352941176471 0.020872865275142316
2 0.48294117647058826 0.31072106261859583 0.10941176470588235 0.014231499051233396
3 0.6641176470588235 0.3135673624288425 0.21764705882352942 0.019924098671726755
2 0.08294117647058824 0.3605313092979127 0.04823529411764706 0.018975332068311195
3 0.14705882352941177 0.3610056925996205 0.04470588235294118 0.019924098671726755
2 0.09294117647058824 0.4084440227703985 0.06823529411764706 0.019924098671726755
3 0.16823529411764707 0.4060721062618596 0.047058823529411764 0.015180265654648957
2 0.10882352941176471 0.47248576850094876 0.1 0.015180265654648957
4 0.24705882352941178 0.4791271347248577 0.023529411764705882 0.018975332068311195
2 0.29705882352941176 0.47201138519924096 0.052941176470588235 0.014231499051233396
5 0.4235294117647059 0.4791271347248577 0.023529411764705882 0.018975332068311195
2 0.46352941176470586 0.47201138519924096 0.03294117647058824 0.014231499051233396
1 0.2605882352941176 0.530360531309298 0.40352941176470586 0.017077798861480076
2 0.6670588235294118 0.5792220113851992 0.15764705882352942 0.019924098671726755
1 0.6758823529411765 0.6015180265654649 0.1988235294117647 0.017077798861480076