0 0.5 0.05291479820627803 0.6423529411764706 0.016143497757847534
0 0.5 0.12466367713004484 0.30470588235294116 0.016143497757847534
2 0.08294117647058824 0.2062780269058296 0.04823529411764706 0.017937219730941704
3 0.15058823529411763 0.20493273542600896 0.05176470588235294 0.015246636771300448
2 0.10058823529411764 0.24932735426008967 0.08352941176470588 0.014349775784753363
3 0.17647058823529413 0.24932735426008967 0.03294117647058824 0.014349775784753363
2 0.49 0.24932735426008967 0.08352941176470588 0.014349775784753363
3 0.5735294117647058 0.2515695067264574 0.04823529411764706 0.01883408071748879
2 0.08294117647058824 0.29596412556053814 0.04823529411764706 0.017937219730941704
3 0.1476470588235294 0.29417040358744395 0.04588235294117647 0.014349775784753363
2 0.4370588235294118 0.29596412556053814 0.04823529411764706 0.017937219730941704
3 0.5135294117647059 0.29641255605381167 0.06941176470588235 0.01883408071748879
2 0.09058823529411765 0.33856502242152464 0.06352941176470588 0.013452914798206279
3 0.16117647058823528 0.33901345291479823 0.042352941176470586 0.014349775784753363
2 0.4623529411764706 0.3412556053811659 0.06823529411764706 0.01883408071748879
3 0.54 0.33946188340807176 0.05176470588235294 0.015246636771300448
2 0.09294117647058824 0.3860986547085202 0.06823529411764706 0.01883408071748879
3 0.16176470588235295 0.38385650224215245 0.03411764705882353 0.014349775784753363
2 0.10882352941176471 0.44663677130044843 0.1 0.014349775784753363
5 0.24705882352941178 0.452914798206278 0.023529411764705882 0.017937219730941704
2 0.29705882352941176 0.4461883408071749 0.052941176470588235 0.013452914798206279
4 0.4235294117647059 0.452914798206278 0.023529411764705882 0.017937219730941704
2 0.46352941176470586 0.4461883408071749 0.03294117647058824 0.013452914798206279
1 0.2605882352941176 0.5013452914798207 0.40352941176470586 0.016143497757847534
2 0.6670588235294118 0.5475336322869955 0.15764705882352942 0.01883408071748879
1 0.6758823529411765 0.568609865470852 0.1988235294117647 0.016143497757847534