0 0.5 0.05571293673276676 0.6423529411764706 0.0169971671388102
0 0.5 0.1307837582625118 0.23294117647058823 0.016052880075542966
2 0.08294117647058824 0.21718602455146366 0.04823529411764706 0.018885741265344664
2 0.10529411764705883 0.26440037771482533 0.09294117647058824 0.018885741265344664
2 0.5117647058823529 0.26440037771482533 0.10823529411764705 0.018885741265344664
2 0.10058823529411764 0.3097261567516525 0.08352941176470588 0.015108593012275733
2 0.48 0.3092540132200189 0.06352941176470588 0.014164305949008499
2 0.1411764705882353 0.3593012275731822 0.16470588235294117 0.019830028328611898
2 0.1411764705882353 0.4065155807365439 0.16470588235294117 0.019830028328611898
2 0.611764705882353 0.4065155807365439 0.16470588235294117 0.019830028328611898
2 0.08294117647058824 0.45325779036827196 0.04823529411764706 0.018885741265344664
2 0.4547058823529412 0.4513692162417375 0.08352941176470588 0.015108593012275733
2 0.10882352941176471 0.5174693106704438 0.1 0.015108593012275733
4 0.24705882352941178 0.5240793201133145 0.023529411764705882 0.018885741265344664
2 0.29705882352941176 0.5169971671388102 0.052941176470588235 0.014164305949008499
4 0.4235294117647059 0.5240793201133145 0.023529411764705882 0.018885741265344664
2 0.46352941176470586 0.5169971671388102 0.03294117647058824 0.014164305949008499
1 0.2605882352941176 0.5750708215297451 0.40352941176470586 0.0169971671388102
2 0.6670588235294118 0.6237016052880076 0.15764705882352942 0.019830028328611898
1 0.6758823529411765 0.6458923512747875 0.1988235294117647 0.0169971671388102