0 0.5 0.055503292568203196 0.6423529411764706 0.016933207902163686
0 0.5 0.13029162746942616 0.24941176470588236 0.01599247412982126
2 0.08294117647058824 0.21636876763875823 0.04823529411764706 0.01881467544684854
3 0.15058823529411763 0.2149576669802446 0.05176470588235294 0.01599247412982126
2 0.11352941176470588 0.2610536218250235 0.10941176470588235 0.014111006585136407
3 0.22058823529411764 0.26199435559736595 0.06941176470588235 0.01599247412982126
2 0.508235294117647 0.2638758231420508 0.06823529411764706 0.01975540921919097
2 0.10529411764705883 0.3104421448730009 0.09294117647058824 0.01881467544684854
3 0.1935294117647059 0.31091251175917217 0.04823529411764706 0.01975540921919097
2 0.5123529411764706 0.30809031044214485 0.10941176470588235 0.014111006585136407
2 0.08294117647058824 0.35747883349012227 0.04823529411764706 0.01881467544684854
2 0.11294117647058824 0.4045155221072437 0.10823529411764705 0.01881467544684854
2 0.10058823529411764 0.44967074317968014 0.08352941176470588 0.015051740357478834
3 0.1811764705882353 0.4501411100658514 0.042352941176470586 0.01599247412982126
2 0.10882352941176471 0.51552210724365 0.1 0.015051740357478834
5 0.24705882352941178 0.522107243650047 0.023529411764705882 0.01881467544684854
2 0.29705882352941176 0.5150517403574788 0.052941176470588235 0.014111006585136407
4 0.4235294117647059 0.522107243650047 0.023529411764705882 0.01881467544684854
2 0.46352941176470586 0.5150517403574788 0.03294117647058824 0.014111006585136407
1 0.2605882352941176 0.5729068673565381 0.40352941176470586 0.016933207902163686
2 0.6670588235294118 0.621354656632173 0.15764705882352942 0.01975540921919097
1 0.6758823529411765 0.6434619002822202 0.1988235294117647 0.016933207902163686