0 0.5 0.050341296928327645 0.6423529411764706 0.015358361774744027
0 0.5 0.1181740614334471 0.24941176470588236 0.014505119453924915
2 0.08294117647058824 0.1962457337883959 0.04823529411764706 0.017064846416382253
2 0.46705882352941175 0.1962457337883959 0.10823529411764705 0.017064846416382253
2 0.08294117647058824 0.23890784982935154 0.04823529411764706 0.017064846416382253
3 0.1411764705882353 0.2393344709897611 0.03294117647058824 0.017918088737201365
2 0.4447058823529412 0.23677474402730375 0.06352941176470588 0.012798634812286689
3 0.5164705882352941 0.23720136518771331 0.04470588235294118 0.013651877133105802
2 0.09058823529411765 0.2794368600682594 0.06352941176470588 0.012798634812286689
3 0.1623529411764706 0.27986348122866894 0.04470588235294118 0.013651877133105802
2 0.10058823529411764 0.3225255972696246 0.08352941176470588 0.013651877133105802
2 0.49 0.3225255972696246 0.08352941176470588 0.013651877133105802
3 0.5776470588235294 0.32295221843003413 0.05647058823529412 0.014505119453924915
2 0.11352941176470588 0.36476109215017066 0.10941176470588235 0.012798634812286689
3 0.2641176470588235 0.36689419795221845 0.1564705882352941 0.017064846416382253
2 0.10882352941176471 0.4249146757679181 0.1 0.013651877133105802
4 0.24705882352941178 0.4308873720136519 0.023529411764705882 0.017064846416382253
2 0.29705882352941176 0.42448805460750855 0.052941176470588235 0.012798634812286689
5 0.4235294117647059 0.4308873720136519 0.023529411764705882 0.017064846416382253
2 0.46352941176470586 0.42448805460750855 0.03294117647058824 0.012798634812286689
1 0.2605882352941176 0.47696245733788395 0.40352941176470586 0.015358361774744027
2 0.6670588235294118 0.5209044368600683 0.15764705882352942 0.017918088737201365
1 0.6758823529411765 0.5409556313993175 0.1988235294117647 0.015358361774744027