0 0.5 0.04933110367892977 0.6423529411764706 0.015050167224080268
0 0.5 0.11580267558528429 0.24941176470588236 0.014214046822742474
2 0.08294117647058824 0.19230769230769232 0.04823529411764706 0.016722408026755852
2 0.49529411764705883 0.19272575250836121 0.16470588235294117 0.017558528428093644
2 0.10529411764705883 0.23411371237458195 0.09294117647058824 0.016722408026755852
2 0.10058823529411764 0.27424749163879597 0.08352941176470588 0.013377926421404682
2 0.10058823529411764 0.31605351170568563 0.08352941176470588 0.013377926421404682
2 0.08294117647058824 0.3595317725752508 0.04823529411764706 0.016722408026755852
2 0.1411764705882353 0.40175585284280935 0.16470588235294117 0.017558528428093644
2 0.10882352941176471 0.45819397993311034 0.1 0.013377926421404682
4 0.24705882352941178 0.46404682274247494 0.023529411764705882 0.016722408026755852
2 0.29705882352941176 0.45777591973244147 0.052941176470588235 0.01254180602006689
4 0.4235294117647059 0.46404682274247494 0.023529411764705882 0.016722408026755852
2 0.46352941176470586 0.45777591973244147 0.03294117647058824 0.01254180602006689
1 0.2605882352941176 0.5091973244147158 0.40352941176470586 0.015050167224080268
2 0.6670588235294118 0.552257525083612 0.15764705882352942 0.017558528428093644
1 0.6758823529411765 0.5719063545150501 0.1988235294117647 0.015050167224080268