0 0.5 0.05705996131528046 0.6423529411764706 0.017408123791102514
0 0.5 0.1344294003868472 0.28352941176470586 0.017408123791102514
2 0.09294117647058824 0.22292069632495165 0.06823529411764706 0.020309477756286266
3 0.17941176470588235 0.22292069632495165 0.06941176470588235 0.020309477756286266
2 0.46705882352941175 0.22292069632495165 0.06823529411764706 0.020309477756286266
3 0.5358823529411765 0.22195357833655707 0.03411764705882353 0.0183752417794971
2 0.09294117647058824 0.2712765957446808 0.06823529411764706 0.020309477756286266
3 0.16176470588235295 0.2703094777562863 0.03411764705882353 0.0183752417794971
2 0.09294117647058824 0.31963249516441006 0.06823529411764706 0.020309477756286266
3 0.17529411764705882 0.31963249516441006 0.0611764705882353 0.020309477756286266
2 0.10058823529411764 0.3655705996131528 0.08352941176470588 0.015473887814313346
3 0.18470588235294116 0.3655705996131528 0.04941176470588235 0.015473887814313346
2 0.10529411764705883 0.4158607350096712 0.09294117647058824 0.019342359767891684
3 0.19294117647058823 0.41392649903288203 0.047058823529411764 0.015473887814313346
2 0.49176470588235294 0.41634429400386846 0.06823529411764706 0.020309477756286266
3 0.5735294117647058 0.4153771760154739 0.06 0.0183752417794971
2 0.11352941176470588 0.46179883945841393 0.10941176470588235 0.014506769825918761
3 0.25941176470588234 0.46518375241779497 0.14705882352941177 0.02127659574468085
2 0.10882352941176471 0.5299806576402321 0.1 0.015473887814313346
5 0.24705882352941178 0.5367504835589942 0.023529411764705882 0.019342359767891684
2 0.29705882352941176 0.5294970986460348 0.052941176470588235 0.014506769825918761
4 0.4235294117647059 0.5367504835589942 0.023529411764705882 0.019342359767891684
2 0.46352941176470586 0.5294970986460348 0.03294117647058824 0.014506769825918761
1 0.2605882352941176 0.5889748549323017 0.40352941176470586 0.017408123791102514
2 0.6670588235294118 0.6387814313346228 0.15764705882352942 0.020309477756286266
1 0.6758823529411765 0.6615087040618955 0.1988235294117647 0.017408123791102514