0 0.5 0.05207413945278023 0.6423529411764706 0.01588702559576346
0 0.5 0.12268314210061783 0.30470588235294116 0.01588702559576346
2 0.11352941176470588 0.20079435127978817 0.10941176470588235 0.01323918799646955
2 0.09058823529411765 0.24492497793468668 0.06352941176470588 0.01323918799646955
3 0.16941176470588235 0.24580759046778464 0.058823529411764705 0.01500441306266549
2 0.08294117647058824 0.2912621359223301 0.04823529411764706 0.0176522506619594
2 0.10058823529411764 0.33362753751103263 0.08352941176470588 0.01412180052956752
2 0.5029411764705882 0.33318623124448365 0.10941176470588235 0.01323918799646955
2 0.08294117647058824 0.3795233892321271 0.04823529411764706 0.0176522506619594
2 0.10058823529411764 0.42188879082082964 0.08352941176470588 0.01412180052956752
3 0.18941176470588236 0.4245366284201236 0.058823529411764705 0.019417475728155338
2 0.10882352941176471 0.4836716681376876 0.1 0.01412180052956752
5 0.24705882352941178 0.48984995586937335 0.023529411764705882 0.0176522506619594
2 0.29705882352941176 0.48323036187113855 0.052941176470588235 0.01323918799646955
4 0.4235294117647059 0.48984995586937335 0.023529411764705882 0.0176522506619594
2 0.46352941176470586 0.48323036187113855 0.03294117647058824 0.01323918799646955
1 0.2605882352941176 0.5375110326566638 0.40352941176470586 0.01588702559576346
2 0.6670588235294118 0.5829655781112092 0.15764705882352942 0.018534863195057368
1 0.6758823529411765 0.6037069726390115 0.1988235294117647 0.01588702559576346