0 0.5 0.050643776824034335 0.6423529411764706 0.015450643776824034
0 0.5 0.11931330472103004 0.28352941176470586 0.015450643776824034
2 0.09294117647058824 0.19785407725321888 0.06823529411764706 0.018025751072961373
3 0.16941176470588235 0.19570815450643778 0.04941176470588235 0.013733905579399141
2 0.11294117647058824 0.24034334763948498 0.10823529411764705 0.017167381974248927
3 0.21411764705882352 0.24120171673819743 0.058823529411764705 0.01888412017167382
2 0.11294117647058824 0.2832618025751073 0.10823529411764705 0.017167381974248927
3 0.20705882352941177 0.28197424892703865 0.04470588235294118 0.014592274678111588
2 0.08294117647058824 0.3261802575107296 0.04823529411764706 0.017167381974248927
3 0.1388235294117647 0.3244635193133047 0.02823529411764706 0.013733905579399141
2 0.4676470588235294 0.3240343347639485 0.10941176470588235 0.012875536480686695
3 0.6094117647058823 0.3261802575107296 0.1388235294117647 0.017167381974248927
2 0.08294117647058824 0.36909871244635195 0.04823529411764706 0.017167381974248927
3 0.1411764705882353 0.36738197424892705 0.03294117647058824 0.013733905579399141
2 0.4370588235294118 0.36909871244635195 0.04823529411764706 0.017167381974248927
3 0.5017647058823529 0.3686695278969957 0.04588235294117647 0.01630901287553648
2 0.08294117647058824 0.41201716738197425 0.04823529411764706 0.017167381974248927
3 0.14588235294117646 0.4107296137339056 0.042352941176470586 0.014592274678111588
2 0.10882352941176471 0.4703862660944206 0.1 0.013733905579399141
5 0.24705882352941178 0.47639484978540775 0.023529411764705882 0.017167381974248927
2 0.29705882352941176 0.4699570815450644 0.052941176470588235 0.012875536480686695
4 0.4235294117647059 0.47639484978540775 0.023529411764705882 0.017167381974248927
2 0.46352941176470586 0.4699570815450644 0.03294117647058824 0.012875536480686695
1 0.2605882352941176 0.5227467811158798 0.40352941176470586 0.015450643776824034
2 0.6670588235294118 0.5669527896995709 0.15764705882352942 0.018025751072961373
1 0.6758823529411765 0.5871244635193134 0.1988235294117647 0.015450643776824034