0 0.5 0.0506872852233677 0.6423529411764706 0.015463917525773196
0 0.5 0.11941580756013746 0.30470588235294116 0.015463917525773196
2 0.09058823529411765 0.195446735395189 0.06352941176470588 0.01288659793814433
3 0.16941176470588235 0.19845360824742267 0.058823529411764705 0.018900343642611683
2 0.09294117647058824 0.24097938144329897 0.06823529411764706 0.01804123711340206
3 0.18 0.24097938144329897 0.07058823529411765 0.01804123711340206
2 0.08294117647058824 0.28350515463917525 0.04823529411764706 0.01718213058419244
3 0.1388235294117647 0.281786941580756 0.02823529411764706 0.013745704467353952
2 0.1411764705882353 0.3268900343642612 0.16470588235294117 0.01804123711340206
3 0.26705882352941174 0.32517182130584193 0.05176470588235294 0.014604810996563574
2 0.11294117647058824 0.3694158075601375 0.10823529411764705 0.01718213058419244
3 0.2011764705882353 0.3698453608247423 0.03294117647058824 0.01804123711340206
2 0.5552941176470588 0.3698453608247423 0.16470588235294117 0.01804123711340206
3 0.6758823529411765 0.36812714776632305 0.041176470588235294 0.014604810996563574
2 0.10882352941176471 0.42783505154639173 0.1 0.013745704467353952
4 0.24705882352941178 0.4338487972508591 0.023529411764705882 0.01718213058419244
2 0.29705882352941176 0.4274054982817869 0.052941176470588235 0.01288659793814433
5 0.4235294117647059 0.4338487972508591 0.023529411764705882 0.01718213058419244
2 0.46352941176470586 0.4274054982817869 0.03294117647058824 0.01288659793814433
1 0.2605882352941176 0.4802405498281787 0.40352941176470586 0.015463917525773196
2 0.6670588235294118 0.5244845360824743 0.15764705882352942 0.01804123711340206
1 0.6758823529411765 0.5446735395189003 0.1988235294117647 0.015463917525773196