0 0.5 0.05258467023172905 0.6423529411764706 0.016042780748663103
0 0.5 0.12388591800356506 0.28352941176470586 0.016042780748663103
2 0.11352941176470588 0.20276292335115864 0.10941176470588235 0.013368983957219251
2 0.11294117647058824 0.24955436720142601 0.10823529411764705 0.017825311942959002
2 0.5270588235294118 0.24955436720142601 0.10823529411764705 0.017825311942959002
2 0.10058823529411764 0.29233511586452765 0.08352941176470588 0.0142602495543672
2 0.5023529411764706 0.29411764705882354 0.10823529411764705 0.017825311942959002
2 0.11294117647058824 0.33868092691622104 0.10823529411764705 0.017825311942959002
2 0.11294117647058824 0.38324420677361853 0.10823529411764705 0.017825311942959002
2 0.10882352941176471 0.44385026737967914 0.1 0.0142602495543672
4 0.24705882352941178 0.4500891265597148 0.023529411764705882 0.017825311942959002
2 0.29705882352941176 0.4434046345811052 0.052941176470588235 0.013368983957219251
4 0.4235294117647059 0.4500891265597148 0.023529411764705882 0.017825311942959002
2 0.46352941176470586 0.4434046345811052 0.03294117647058824 0.013368983957219251
1 0.2605882352941176 0.4982174688057041 0.40352941176470586 0.016042780748663103
2 0.6670588235294118 0.5441176470588235 0.15764705882352942 0.01871657754010695
1 0.6758823529411765 0.5650623885918004 0.1988235294117647 0.016042780748663103