0 0.5 0.052444444444444446 0.6423529411764706 0.016
0 0.5 0.12355555555555556 0.28352941176470586 0.016
2 0.11294117647058824 0.20444444444444446 0.10823529411764705 0.017777777777777778
3 0.2011764705882353 0.2048888888888889 0.03294117647058824 0.018666666666666668
2 0.5070588235294118 0.2048888888888889 0.06823529411764706 0.018666666666666668
2 0.09058823529411765 0.24666666666666667 0.06352941176470588 0.013333333333333334
3 0.16117647058823528 0.24755555555555556 0.042352941176470586 0.015111111111111112
2 0.09294117647058824 0.2937777777777778 0.06823529411764706 0.018666666666666668
2 0.48764705882352943 0.2911111111111111 0.10941176470588235 0.013333333333333334
2 0.1411764705882353 0.3382222222222222 0.16470588235294117 0.018666666666666668
3 0.26294117647058823 0.33644444444444443 0.04352941176470588 0.015111111111111112
2 0.5711764705882353 0.336 0.08352941176470588 0.014222222222222223
2 0.11352941176470588 0.38 0.10941176470588235 0.013333333333333334
3 0.27058823529411763 0.38266666666666665 0.16941176470588235 0.018666666666666668
2 0.10529411764705883 0.4266666666666667 0.09294117647058824 0.017777777777777778
2 0.5123529411764706 0.42444444444444446 0.10941176470588235 0.013333333333333334
3 0.6729411764705883 0.42533333333333334 0.17647058823529413 0.015111111111111112
2 0.10882352941176471 0.4871111111111111 0.1 0.014222222222222223
5 0.24705882352941178 0.49333333333333335 0.023529411764705882 0.017777777777777778
2 0.29705882352941176 0.4866666666666667 0.052941176470588235 0.013333333333333334
4 0.4235294117647059 0.49333333333333335 0.023529411764705882 0.017777777777777778
2 0.46352941176470586 0.4866666666666667 0.03294117647058824 0.013333333333333334
1 0.2605882352941176 0.5413333333333333 0.40352941176470586 0.016
2 0.6670588235294118 0.5871111111111111 0.15764705882352942 0.018666666666666668
1 0.6758823529411765 0.608 0.1988235294117647 0.016