0 0.5 0.05722599418040737 0.6423529411764706 0.01745877788554801
0 0.5 0.13482056256062075 0.2647058823529412 0.01745877788554801
2 0.11352941176470588 0.22065955383123181 0.10941176470588235 0.014548981571290009
2 0.5205882352941177 0.22308438409311349 0.09294117647058824 0.019398642095053348
2 0.1411764705882353 0.27206595538312317 0.16470588235294117 0.020368574199806012
2 0.10529411764705883 0.3200775945683802 0.09294117647058824 0.019398642095053348
2 0.09294117647058824 0.36905916585838994 0.06823529411764706 0.020368574199806012
2 0.48705882352941177 0.3685741998060136 0.10823529411764705 0.019398642095053348
2 0.10058823529411764 0.4151309408341416 0.08352941176470588 0.015518913676042677
2 0.10058823529411764 0.463627546071775 0.08352941176470588 0.015518913676042677
2 0.4723529411764706 0.4655674102812803 0.04823529411764706 0.019398642095053348
2 0.10882352941176471 0.5315227934044617 0.1 0.015518913676042677
4 0.24705882352941178 0.5383123181377304 0.023529411764705882 0.019398642095053348
2 0.29705882352941176 0.5310378273520854 0.052941176470588235 0.014548981571290009
4 0.4235294117647059 0.5383123181377304 0.023529411764705882 0.019398642095053348
2 0.46352941176470586 0.5310378273520854 0.03294117647058824 0.014548981571290009
1 0.2605882352941176 0.5906886517943744 0.40352941176470586 0.01745877788554801
2 0.6670588235294118 0.6406401551891368 0.15764705882352942 0.020368574199806012
1 0.6758823529411765 0.6634335596508244 0.1988235294117647 0.01745877788554801