0 0.5 0.0552434456928839 0.6423529411764706 0.016853932584269662
0 0.5 0.1301498127340824 0.30470588235294116 0.016853932584269662
2 0.09058823529411765 0.21301498127340823 0.06352941176470588 0.014044943820224719
2 0.4623529411764706 0.21582397003745318 0.06823529411764706 0.019662921348314606
3 0.5370588235294118 0.2148876404494382 0.04588235294117647 0.017790262172284643
2 0.09058823529411765 0.2598314606741573 0.06352941176470588 0.014044943820224719
2 0.08294117647058824 0.3089887640449438 0.04823529411764706 0.018726591760299626
2 0.11352941176470588 0.35346441947565543 0.10941176470588235 0.014044943820224719
2 0.508235294117647 0.3562734082397004 0.06823529411764706 0.019662921348314606
3 0.5764705882352941 0.3562734082397004 0.03294117647058824 0.019662921348314606
2 0.08294117647058824 0.40262172284644193 0.04823529411764706 0.018726591760299626
3 0.15529411764705883 0.40308988764044945 0.0611764705882353 0.019662921348314606
2 0.4676470588235294 0.4002808988764045 0.10941176470588235 0.014044943820224719
3 0.6164705882352941 0.4054307116104869 0.15294117647058825 0.024344569288389514
2 0.08294117647058824 0.449438202247191 0.04823529411764706 0.018726591760299626
2 0.10882352941176471 0.5131086142322098 0.1 0.0149812734082397
5 0.24705882352941178 0.5196629213483146 0.023529411764705882 0.018726591760299626
2 0.29705882352941176 0.5126404494382022 0.052941176470588235 0.014044943820224719
4 0.4235294117647059 0.5196629213483146 0.023529411764705882 0.018726591760299626
2 0.46352941176470586 0.5126404494382022 0.03294117647058824 0.014044943820224719
1 0.2605882352941176 0.5702247191011236 0.40352941176470586 0.016853932584269662
2 0.6670588235294118 0.6184456928838952 0.15764705882352942 0.019662921348314606
1 0.6758823529411765 0.6404494382022472 0.1988235294117647 0.016853932584269662