0 0.5 0.05587121212121212 0.6423529411764706 0.017045454545454544
0 0.5 0.13162878787878787 0.28352941176470586 0.017045454545454544
2 0.08294117647058824 0.2178030303030303 0.04823529411764706 0.01893939393939394
3 0.15529411764705883 0.21827651515151514 0.0611764705882353 0.019886363636363636
2 0.10058823529411764 0.26325757575757575 0.08352941176470588 0.015151515151515152
3 0.17705882352941177 0.26325757575757575 0.03411764705882353 0.015151515151515152
2 0.5023529411764706 0.26515151515151514 0.10823529411764705 0.01893939393939394
3 0.5976470588235294 0.265625 0.047058823529411764 0.019886363636363636
2 0.10529411764705883 0.3125 0.09294117647058824 0.01893939393939394
3 0.1888235294117647 0.3125 0.03882352941176471 0.01893939393939394
2 0.09058823529411765 0.3574810606060606 0.06352941176470588 0.014204545454545454
3 0.16941176470588235 0.3584280303030303 0.058823529411764705 0.016098484848484848
2 0.45235294117647057 0.35984848484848486 0.04823529411764706 0.01893939393939394
3 0.5247058823529411 0.3584280303030303 0.0611764705882353 0.016098484848484848
2 0.10882352941176471 0.42424242424242425 0.1 0.015151515151515152
5 0.24705882352941178 0.4308712121212121 0.023529411764705882 0.01893939393939394
2 0.29705882352941176 0.4237689393939394 0.052941176470588235 0.014204545454545454
4 0.4235294117647059 0.4308712121212121 0.023529411764705882 0.01893939393939394
2 0.46352941176470586 0.4237689393939394 0.03294117647058824 0.014204545454545454
1 0.2605882352941176 0.48200757575757575 0.40352941176470586 0.017045454545454544
2 0.6670588235294118 0.5307765151515151 0.15764705882352942 0.019886363636363636
1 0.6758823529411765 0.553030303030303 0.1988235294117647 0.017045454545454544