0 0.5 0.05581835383159887 0.6423529411764706 0.017029328287606435
0 0.5 0.1315042573320719 0.30470588235294116 0.017029328287606435
2 0.11352941176470588 0.2152317880794702 0.10941176470588235 0.014191106906338695
3 0.28 0.22043519394512773 0.18823529411764706 0.02459791863765374
2 0.5058823529411764 0.2152317880794702 0.06352941176470588 0.014191106906338695
3 0.5788235294117647 0.21570482497634816 0.047058823529411764 0.015137180700094607
2 0.09294117647058824 0.2653736991485336 0.06823529411764706 0.019867549668874173
3 0.16823529411764707 0.2653736991485336 0.047058823529411764 0.019867549668874173
2 0.4747058823529412 0.2630085146641438 0.08352941176470588 0.015137180700094607
3 0.558235294117647 0.2653736991485336 0.04823529411764706 0.019867549668874173
2 0.08294117647058824 0.3122043519394513 0.04823529411764706 0.01892147587511826
3 0.14470588235294118 0.31267738883632923 0.04 0.019867549668874173
2 0.09058823529411765 0.35714285714285715 0.06352941176470588 0.014191106906338695
3 0.1635294117647059 0.3576158940397351 0.047058823529411764 0.015137180700094607
2 0.4747058823529412 0.3595080416272469 0.09294117647058824 0.01892147587511826
3 0.5617647058823529 0.3576158940397351 0.04588235294117647 0.015137180700094607
2 0.10882352941176471 0.423841059602649 0.1 0.015137180700094607
5 0.24705882352941178 0.4304635761589404 0.023529411764705882 0.01892147587511826
2 0.29705882352941176 0.42336802270577106 0.052941176470588235 0.014191106906338695
4 0.4235294117647059 0.4304635761589404 0.023529411764705882 0.01892147587511826
2 0.46352941176470586 0.42336802270577106 0.03294117647058824 0.014191106906338695
1 0.2605882352941176 0.4815515610217597 0.40352941176470586 0.017029328287606435
2 0.6670588235294118 0.5302743614001892 0.15764705882352942 0.019867549668874173
1 0.6758823529411765 0.5525070955534531 0.1988235294117647 0.017029328287606435