0 0.5 0.051259774109470024 0.6423529411764706 0.015638575152041704
0 0.5 0.12033014769765421 0.23294117647058823 0.014769765421372719
2 0.1411764705882353 0.2002606429192007 0.16470588235294117 0.018245004344048653
3 0.26588235294117646 0.19808861859252824 0.04941176470588235 0.013900955690703735
2 0.5535294117647059 0.1998262380538662 0.04823529411764706 0.01737619461337967
3 0.6211764705882353 0.19852302345786274 0.05176470588235294 0.014769765421372719
2 0.10529411764705883 0.24326672458731538 0.09294117647058824 0.01737619461337967
3 0.2 0.24370112945264988 0.0611764705882353 0.018245004344048653
2 0.08294117647058824 0.2867072111207645 0.04823529411764706 0.01737619461337967
3 0.1388235294117647 0.2849695916594266 0.02823529411764706 0.013900955690703735
2 0.46705882352941175 0.2867072111207645 0.10823529411764705 0.01737619461337967
3 0.5594117647058824 0.28540399652476106 0.041176470588235294 0.014769765421372719
2 0.10058823529411764 0.32841007819287577 0.08352941176470588 0.013900955690703735
3 0.18235294117647058 0.32841007819287577 0.04470588235294118 0.013900955690703735
2 0.11352941176470588 0.37141615986099047 0.10941176470588235 0.013032145960034752
3 0.2323529411764706 0.3722849695916594 0.09294117647058824 0.014769765421372719
2 0.49823529411764705 0.3735881841876629 0.04823529411764706 0.01737619461337967
3 0.5705882352941176 0.3740225890529974 0.0611764705882353 0.018245004344048653
2 0.11352941176470588 0.41485664639443964 0.10941176470588235 0.013032145960034752
3 0.24941176470588236 0.41789748045178104 0.12705882352941175 0.019113814074717638
2 0.10882352941176471 0.476107732406603 0.1 0.013900955690703735
4 0.24705882352941178 0.48218940052128584 0.023529411764705882 0.01737619461337967
2 0.29705882352941176 0.47567332754126845 0.052941176470588235 0.013032145960034752
5 0.4235294117647059 0.48218940052128584 0.023529411764705882 0.01737619461337967
2 0.46352941176470586 0.47567332754126845 0.03294117647058824 0.013032145960034752
1 0.2605882352941176 0.529105125977411 0.40352941176470586 0.015638575152041704
2 0.6670588235294118 0.5738488271068636 0.15764705882352942 0.018245004344048653
1 0.6758823529411765 0.5942658557775847 0.1988235294117647 0.015638575152041704