0 0.5 0.050341296928327645 0.6423529411764706 0.015358361774744027
0 0.5 0.11860068259385666 0.28352941176470586 0.015358361774744027
2 0.1411764705882353 0.19667235494880547 0.16470588235294117 0.017918088737201365
3 0.25823529411764706 0.19581911262798635 0.03411764705882353 0.016211604095563138
2 0.5835294117647059 0.1962457337883959 0.10823529411764705 0.017064846416382253
3 0.69 0.19667235494880547 0.06941176470588235 0.017918088737201365
2 0.09058823529411765 0.23677474402730375 0.06352941176470588 0.012798634812286689
3 0.16117647058823528 0.23762798634812288 0.042352941176470586 0.014505119453924915
2 0.09294117647058824 0.2819965870307167 0.06823529411764706 0.017918088737201365
3 0.16117647058823528 0.2819965870307167 0.03294117647058824 0.017918088737201365
2 0.11352941176470588 0.322098976109215 0.10941176470588235 0.012798634812286689
3 0.24823529411764705 0.3267918088737201 0.12470588235294118 0.02218430034129693
2 0.5058823529411764 0.322098976109215 0.06352941176470588 0.012798634812286689
3 0.5829411764705882 0.3246587030716723 0.05529411764705883 0.017918088737201365
2 0.08294117647058824 0.36689419795221845 0.04823529411764706 0.017064846416382253
3 0.16294117647058823 0.3677474402730375 0.07647058823529412 0.01877133105802048
2 0.10882352941176471 0.4249146757679181 0.1 0.013651877133105802
4 0.24705882352941178 0.4308873720136519 0.023529411764705882 0.017064846416382253
2 0.29705882352941176 0.42448805460750855 0.052941176470588235 0.012798634812286689
5 0.4235294117647059 0.4308873720136519 0.023529411764705882 0.017064846416382253
2 0.46352941176470586 0.42448805460750855 0.03294117647058824 0.012798634812286689
1 0.2605882352941176 0.47696245733788395 0.40352941176470586 0.015358361774744027
2 0.6670588235294118 0.5209044368600683 0.15764705882352942 0.017918088737201365
1 0.6758823529411765 0.5409556313993175 0.1988235294117647 0.015358361774744027