0 0.5 0.05152838427947598 0.6423529411764706 0.01572052401746725
0 0.5 0.12139737991266375 0.28352941176470586 0.01572052401746725
2 0.08294117647058824 0.20087336244541484 0.04823529411764706 0.017467248908296942
3 0.14529411764705882 0.19956331877729258 0.041176470588235294 0.014847161572052401
2 0.10058823529411764 0.2427947598253275 0.08352941176470588 0.013973799126637555
3 0.19 0.2441048034934498 0.06 0.016593886462882096
2 0.5023529411764706 0.2445414847161572 0.10823529411764705 0.017467248908296942
3 0.5958823529411764 0.24323144104803493 0.04352941176470588 0.014847161572052401
2 0.08294117647058824 0.28820960698689957 0.04823529411764706 0.017467248908296942
3 0.14529411764705882 0.2868995633187773 0.041176470588235294 0.014847161572052401
2 0.46705882352941175 0.28820960698689957 0.10823529411764705 0.017467248908296942
3 0.5623529411764706 0.28864628820960697 0.047058823529411764 0.01834061135371179
2 0.10058823529411764 0.33013100436681225 0.08352941176470588 0.013973799126637555
3 0.17647058823529413 0.33013100436681225 0.03294117647058824 0.013973799126637555
2 0.4723529411764706 0.3318777292576419 0.04823529411764706 0.017467248908296942
3 0.5305882352941177 0.3323144104803493 0.03294117647058824 0.01834061135371179
2 0.10529411764705883 0.37554585152838427 0.09294117647058824 0.017467248908296942
3 0.1923529411764706 0.3737991266375546 0.04588235294117647 0.013973799126637555
2 0.10882352941176471 0.4349344978165939 0.1 0.013973799126637555
4 0.24705882352941178 0.4410480349344978 0.023529411764705882 0.017467248908296942
2 0.29705882352941176 0.4344978165938865 0.052941176470588235 0.013100436681222707
5 0.4235294117647059 0.4410480349344978 0.023529411764705882 0.017467248908296942
2 0.46352941176470586 0.4344978165938865 0.03294117647058824 0.013100436681222707
1 0.2605882352941176 0.4882096069868996 0.40352941176470586 0.01572052401746725
2 0.6670588235294118 0.5331877729257642 0.15764705882352942 0.01834061135371179
1 0.6758823529411765 0.5537117903930131 0.1988235294117647 0.01572052401746725