0 0.5 0.05888223552894212 0.6423529411764706 0.017964071856287425
0 0.5 0.13822355289421157 0.23294117647058823 0.016966067864271458
2 0.1411764705882353 0.23003992015968064 0.16470588235294117 0.020958083832335328
3 0.27058823529411763 0.2280439121756487 0.058823529411764705 0.016966067864271458
2 0.09294117647058824 0.27994011976047906 0.06823529411764706 0.020958083832335328
3 0.17941176470588235 0.27994011976047906 0.06941176470588235 0.020958083832335328
2 0.09058823529411765 0.3268463073852295 0.06352941176470588 0.014970059880239521
3 0.17823529411764705 0.33033932135728544 0.07647058823529412 0.021956087824351298
2 0.47 0.3273453093812375 0.08352941176470588 0.015968063872255488
3 0.5611764705882353 0.32884231536926145 0.06352941176470588 0.018962075848303395
2 0.11352941176470588 0.37674650698602796 0.10941176470588235 0.014970059880239521
3 0.27058823529411763 0.37974051896207583 0.16941176470588235 0.020958083832335328
2 0.08294117647058824 0.4291417165668663 0.04823529411764706 0.01996007984031936
3 0.14176470588235293 0.4286427145708583 0.03411764705882353 0.018962075848303395
2 0.09294117647058824 0.47954091816367267 0.06823529411764706 0.020958083832335328
3 0.1652941176470588 0.47754491017964074 0.041176470588235294 0.016966067864271458
2 0.10882352941176471 0.5469061876247505 0.1 0.015968063872255488
5 0.24705882352941178 0.5538922155688623 0.023529411764705882 0.01996007984031936
2 0.29705882352941176 0.5464071856287425 0.052941176470588235 0.014970059880239521
4 0.4235294117647059 0.5538922155688623 0.023529411764705882 0.01996007984031936
2 0.46352941176470586 0.5464071856287425 0.03294117647058824 0.014970059880239521
1 0.2605882352941176 0.6077844311377245 0.40352941176470586 0.017964071856287425
2 0.6670588235294118 0.659181636726547 0.15764705882352942 0.020958083832335328
1 0.6758823529411765 0.6826347305389222 0.1988235294117647 0.017964071856287425