0 0.5 0.05864811133200795 0.6423529411764706 0.017892644135188866
0 0.5 0.13817097415506957 0.28352941176470586 0.017892644135188866
2 0.10529411764705883 0.2286282306163022 0.09294117647058824 0.019880715705765408
3 0.19294117647058823 0.22912524850894633 0.047058823529411764 0.020874751491053677
2 0.10058823529411764 0.27634194831013914 0.08352941176470588 0.015904572564612324
3 0.17705882352941177 0.27634194831013914 0.03411764705882353 0.015904572564612324
2 0.49 0.27634194831013914 0.08352941176470588 0.015904572564612324
2 0.11294117647058824 0.32803180914512925 0.10823529411764705 0.019880715705765408
3 0.2011764705882353 0.3260437375745527 0.03294117647058824 0.015904572564612324
2 0.09058823529411765 0.37524850894632206 0.06352941176470588 0.014910536779324055
3 0.17529411764705882 0.3782306163021869 0.07058823529411765 0.020874751491053677
2 0.10882352941176471 0.44532803180914515 0.1 0.015904572564612324
4 0.24705882352941178 0.452286282306163 0.023529411764705882 0.019880715705765408
2 0.29705882352941176 0.444831013916501 0.052941176470588235 0.014910536779324055
5 0.4235294117647059 0.452286282306163 0.023529411764705882 0.019880715705765408
2 0.46352941176470586 0.444831013916501 0.03294117647058824 0.014910536779324055
1 0.2605882352941176 0.5059642147117296 0.40352941176470586 0.017892644135188866
2 0.6670588235294118 0.5571570576540755 0.15764705882352942 0.020874751491053677
1 0.6758823529411765 0.5805168986083499 0.1988235294117647 0.017892644135188866