0 0.5 0.05349048050770626 0.6423529411764706 0.016319129646418858
0 0.5 0.12601994560290117 0.2647058823529412 0.016319129646418858
2 0.11352941176470588 0.20625566636446055 0.10941176470588235 0.013599274705349048
2 0.10058823529411764 0.25203989120580234 0.08352941176470588 0.014505893019038985
2 0.11352941176470588 0.2969174977334542 0.10941176470588235 0.013599274705349048
2 0.1411764705882353 0.34496826835902084 0.16470588235294117 0.019038984587488667
2 0.10882352941176471 0.40616500453309157 0.1 0.014505893019038985
4 0.24705882352941178 0.4125113327289211 0.023529411764705882 0.01813236627379873
2 0.29705882352941176 0.4057116953762466 0.052941176470588235 0.013599274705349048
4 0.4235294117647059 0.4125113327289211 0.023529411764705882 0.01813236627379873
2 0.46352941176470586 0.4057116953762466 0.03294117647058824 0.013599274705349048
1 0.2605882352941176 0.4614687216681777 0.40352941176470586 0.016319129646418858
2 0.6670588235294118 0.5081595648232095 0.15764705882352942 0.019038984587488667
1 0.6758823529411765 0.5294650951949229 0.1988235294117647 0.016319129646418858