0 0.5 0.05152838427947598 0.6423529411764706 0.01572052401746725
0 0.5 0.12096069868995633 0.24941176470588236 0.014847161572052401
2 0.11294117647058824 0.20087336244541484 0.10823529411764705 0.017467248908296942
2 0.10058823529411764 0.2427947598253275 0.08352941176470588 0.013973799126637555
3 0.18823529411764706 0.24323144104803493 0.05647058823529412 0.014847161572052401
2 0.11294117647058824 0.28820960698689957 0.10823529411764705 0.017467248908296942
3 0.20647058823529413 0.2868995633187773 0.04352941176470588 0.014847161572052401
2 0.5194117647058824 0.28820960698689957 0.09294117647058824 0.017467248908296942
3 0.6129411764705882 0.2868995633187773 0.058823529411764705 0.014847161572052401
2 0.09294117647058824 0.3323144104803493 0.06823529411764706 0.01834061135371179
2 0.11294117647058824 0.37554585152838427 0.10823529411764705 0.017467248908296942
2 0.10882352941176471 0.4349344978165939 0.1 0.013973799126637555
4 0.24705882352941178 0.4410480349344978 0.023529411764705882 0.017467248908296942
2 0.29705882352941176 0.4344978165938865 0.052941176470588235 0.013100436681222707
5 0.4235294117647059 0.4410480349344978 0.023529411764705882 0.017467248908296942
2 0.46352941176470586 0.4344978165938865 0.03294117647058824 0.013100436681222707
1 0.2605882352941176 0.4882096069868996 0.40352941176470586 0.01572052401746725
2 0.6670588235294118 0.5331877729257642 0.15764705882352942 0.01834061135371179
1 0.6758823529411765 0.5537117903930131 0.1988235294117647 0.01572052401746725