0 0.5 0.055977229601518026 0.6423529411764706 0.017077798861480076
0 0.5 0.13140417457305503 0.23294117647058823 0.016129032258064516
2 0.08294117647058824 0.21821631878557876 0.04823529411764706 0.018975332068311195
3 0.14647058823529413 0.2167931688804554 0.04352941176470588 0.016129032258064516
2 0.10529411764705883 0.2656546489563567 0.09294117647058824 0.018975332068311195
3 0.2 0.2661290322580645 0.0611764705882353 0.019924098671726755
2 0.4894117647058824 0.26328273244781786 0.06352941176470588 0.014231499051233396
3 0.5741176470588235 0.2661290322580645 0.07058823529411765 0.019924098671726755
2 0.1411764705882353 0.3135673624288425 0.16470588235294117 0.019924098671726755
3 0.2576470588235294 0.3135673624288425 0.03294117647058824 0.019924098671726755
2 0.5611764705882353 0.31072106261859583 0.06352941176470588 0.014231499051233396
3 0.6329411764705882 0.31166982922201136 0.04470588235294118 0.016129032258064516
2 0.09294117647058824 0.3610056925996205 0.06823529411764706 0.019924098671726755
3 0.1588235294117647 0.3586337760910816 0.02823529411764706 0.015180265654648957
2 0.4747058823529412 0.3586337760910816 0.08352941176470588 0.015180265654648957
3 0.5588235294117647 0.3586337760910816 0.04941176470588235 0.015180265654648957
2 0.1411764705882353 0.4084440227703985 0.16470588235294117 0.019924098671726755
3 0.25588235294117645 0.4084440227703985 0.029411764705882353 0.019924098671726755
2 0.10882352941176471 0.47248576850094876 0.1 0.015180265654648957
4 0.24705882352941178 0.4791271347248577 0.023529411764705882 0.018975332068311195
2 0.29705882352941176 0.47201138519924096 0.052941176470588235 0.014231499051233396
5 0.4235294117647059 0.4791271347248577 0.023529411764705882 0.018975332068311195
2 0.46352941176470586 0.47201138519924096 0.03294117647058824 0.014231499051233396
1 0.2605882352941176 0.530360531309298 0.40352941176470586 0.017077798861480076
2 0.6670588235294118 0.5792220113851992 0.15764705882352942 0.019924098671726755
1 0.6758823529411765 0.6015180265654649 0.1988235294117647 0.017077798861480076