0 0.5 0.05645933014354067 0.6423529411764706 0.01722488038277512
0 0.5 0.13301435406698564 0.2647058823529412 0.01722488038277512
2 0.1411764705882353 0.22057416267942584 0.16470588235294117 0.020095693779904306
2 0.11294117647058824 0.2679425837320574 0.10823529411764705 0.019138755980861243
2 0.1411764705882353 0.31626794258373203 0.16470588235294117 0.020095693779904306
2 0.1411764705882353 0.36411483253588517 0.16470588235294117 0.020095693779904306
2 0.08294117647058824 0.41148325358851673 0.04823529411764706 0.019138755980861243
2 0.10882352941176471 0.47655502392344495 0.1 0.015311004784688996
4 0.24705882352941178 0.48325358851674644 0.023529411764705882 0.019138755980861243
2 0.29705882352941176 0.47607655502392343 0.052941176470588235 0.014354066985645933
4 0.4235294117647059 0.48325358851674644 0.023529411764705882 0.019138755980861243
2 0.46352941176470586 0.47607655502392343 0.03294117647058824 0.014354066985645933
1 0.2605882352941176 0.5349282296650718 0.40352941176470586 0.01722488038277512
2 0.6670588235294118 0.5842105263157895 0.15764705882352942 0.020095693779904306
1 0.6758823529411765 0.6066985645933014 0.1988235294117647 0.01722488038277512