0 0.5 0.05148342059336824 0.6423529411764706 0.015706806282722512
0 0.5 0.1212914485165794 0.28352941176470586 0.015706806282722512
2 0.09058823529411765 0.19851657940663175 0.06352941176470588 0.013089005235602094
2 0.11352941176470588 0.24214659685863874 0.10941176470588235 0.013089005235602094
2 0.11352941176470588 0.2857766143106457 0.10941176470588235 0.013089005235602094
3 0.3 0.28839441535776617 0.22823529411764706 0.01832460732984293
2 0.5288235294117647 0.2857766143106457 0.10941176470588235 0.013089005235602094
2 0.11294117647058824 0.33158813263525305 0.10823529411764705 0.017452006980802792
3 0.21058823529411766 0.33027923211169286 0.05176470588235294 0.014834205933682374
2 0.5276470588235294 0.3294066317626527 0.10941176470588235 0.013089005235602094
3 0.6876470588235294 0.33158813263525305 0.17529411764705882 0.017452006980802792
2 0.10882352941176471 0.39092495636998253 0.1 0.013961605584642234
4 0.24705882352941178 0.3970331588132635 0.023529411764705882 0.017452006980802792
2 0.29705882352941176 0.39048865619546247 0.052941176470588235 0.013089005235602094
5 0.4235294117647059 0.3970331588132635 0.023529411764705882 0.017452006980802792
2 0.46352941176470586 0.39048865619546247 0.03294117647058824 0.013089005235602094
1 0.2605882352941176 0.44415357766143104 0.40352941176470586 0.015706806282722512
2 0.6670588235294118 0.48909249563699825 0.15764705882352942 0.01832460732984293
1 0.6758823529411765 0.5095986038394416 0.1988235294117647 0.015706806282722512