0 0.5 0.05152838427947598 0.6423529411764706 0.01572052401746725
0 0.5 0.12096069868995633 0.23294117647058823 0.014847161572052401
2 0.08294117647058824 0.20087336244541484 0.04823529411764706 0.017467248908296942
2 0.45941176470588235 0.20087336244541484 0.09294117647058824 0.017467248908296942
2 0.11352941176470588 0.2423580786026201 0.10941176470588235 0.013100436681222707
2 0.1411764705882353 0.28864628820960697 0.16470588235294117 0.01834061135371179
3 0.2647058823529412 0.28864628820960697 0.047058823529411764 0.01834061135371179
2 0.09058823529411765 0.3296943231441048 0.06352941176470588 0.013100436681222707
3 0.16058823529411764 0.33056768558951966 0.041176470588235294 0.014847161572052401
2 0.08294117647058824 0.37554585152838427 0.04823529411764706 0.017467248908296942
2 0.11294117647058824 0.4192139737991266 0.10823529411764705 0.017467248908296942
2 0.10882352941176471 0.47860262008733623 0.1 0.013973799126637555
5 0.24705882352941178 0.4847161572052402 0.023529411764705882 0.017467248908296942
2 0.29705882352941176 0.4781659388646288 0.052941176470588235 0.013100436681222707
4 0.4235294117647059 0.4847161572052402 0.023529411764705882 0.017467248908296942
2 0.46352941176470586 0.4781659388646288 0.03294117647058824 0.013100436681222707
1 0.2605882352941176 0.5318777292576419 0.40352941176470586 0.01572052401746725
2 0.6670588235294118 0.5768558951965066 0.15764705882352942 0.01834061135371179
1 0.6758823529411765 0.5973799126637555 0.1988235294117647 0.01572052401746725