0 0.5 0.05402930402930403 0.6423529411764706 0.016483516483516484
0 0.5 0.12683150183150182 0.24941176470588236 0.015567765567765568
2 0.09058823529411765 0.20833333333333334 0.06352941176470588 0.013736263736263736
2 0.08294117647058824 0.2564102564102564 0.04823529411764706 0.018315018315018316
3 0.14882352941176472 0.25457875457875456 0.04823529411764706 0.014652014652014652
2 0.4547058823529412 0.25457875457875456 0.08352941176470588 0.014652014652014652
3 0.5311764705882352 0.25457875457875456 0.03411764705882353 0.014652014652014652
2 0.10529411764705883 0.3021978021978022 0.09294117647058824 0.018315018315018316
3 0.19294117647058823 0.30036630036630035 0.047058823529411764 0.014652014652014652
2 0.48176470588235293 0.3021978021978022 0.04823529411764706 0.018315018315018316
2 0.1411764705882353 0.3484432234432234 0.16470588235294117 0.019230769230769232
2 0.5611764705882353 0.3456959706959707 0.06352941176470588 0.013736263736263736
2 0.08294117647058824 0.39377289377289376 0.04823529411764706 0.018315018315018316
3 0.15470588235294117 0.3933150183150183 0.06 0.0173992673992674
2 0.46705882352941175 0.39377289377289376 0.10823529411764705 0.018315018315018316
2 0.11352941176470588 0.43727106227106227 0.10941176470588235 0.013736263736263736
2 0.10882352941176471 0.5018315018315018 0.1 0.014652014652014652
5 0.24705882352941178 0.5082417582417582 0.023529411764705882 0.018315018315018316
2 0.29705882352941176 0.5013736263736264 0.052941176470588235 0.013736263736263736
4 0.4235294117647059 0.5082417582417582 0.023529411764705882 0.018315018315018316
2 0.46352941176470586 0.5013736263736264 0.03294117647058824 0.013736263736263736
1 0.2605882352941176 0.5576923076923077 0.40352941176470586 0.016483516483516484
2 0.6670588235294118 0.6048534798534798 0.15764705882352942 0.019230769230769232
1 0.6758823529411765 0.6263736263736264 0.1988235294117647 0.016483516483516484