0 0.5 0.05566037735849057 0.6423529411764706 0.016981132075471698
0 0.5 0.1311320754716981 0.2647058823529412 0.016981132075471698
2 0.10058823529411764 0.21509433962264152 0.08352941176470588 0.01509433962264151
3 0.18411764705882352 0.21745283018867925 0.04823529411764706 0.01981132075471698
2 0.5029411764705882 0.21462264150943397 0.10941176470588235 0.014150943396226415
3 0.6329411764705882 0.21556603773584906 0.11529411764705882 0.016037735849056604
2 0.11294117647058824 0.2641509433962264 0.10823529411764705 0.018867924528301886
3 0.22 0.2669811320754717 0.07058823529411765 0.024528301886792454
2 0.1411764705882353 0.3117924528301887 0.16470588235294117 0.01981132075471698
3 0.2576470588235294 0.3117924528301887 0.03294117647058824 0.01981132075471698
2 0.5841176470588235 0.3089622641509434 0.10941176470588235 0.014150943396226415
3 0.7470588235294118 0.3113207547169811 0.1811764705882353 0.018867924528301886
2 0.11294117647058824 0.3584905660377358 0.10823529411764705 0.018867924528301886
3 0.2011764705882353 0.35660377358490564 0.03294117647058824 0.01509433962264151
2 0.10058823529411764 0.4037735849056604 0.08352941176470588 0.01509433962264151
3 0.18588235294117647 0.4042452830188679 0.05176470588235294 0.016037735849056604
2 0.5023529411764706 0.4056603773584906 0.10823529411764705 0.018867924528301886
3 0.5976470588235294 0.4061320754716981 0.047058823529411764 0.01981132075471698
2 0.09058823529411765 0.45047169811320753 0.06352941176470588 0.014150943396226415
3 0.15705882352941178 0.4509433962264151 0.03411764705882353 0.01509433962264151
2 0.4747058823529412 0.4528301886792453 0.09294117647058824 0.018867924528301886
3 0.5617647058823529 0.4523584905660377 0.04588235294117647 0.017924528301886792
2 0.10882352941176471 0.5169811320754717 0.1 0.01509433962264151
4 0.24705882352941178 0.5235849056603774 0.023529411764705882 0.018867924528301886
2 0.29705882352941176 0.5165094339622641 0.052941176470588235 0.014150943396226415
5 0.4235294117647059 0.5235849056603774 0.023529411764705882 0.018867924528301886
2 0.46352941176470586 0.5165094339622641 0.03294117647058824 0.014150943396226415
1 0.2605882352941176 0.5745283018867925 0.40352941176470586 0.016981132075471698
2 0.6670588235294118 0.6231132075471698 0.15764705882352942 0.01981132075471698
1 0.6758823529411765 0.6452830188679245 0.1988235294117647 0.016981132075471698