0 0.5 0.05038428693424424 0.6423529411764706 0.015371477369769428
0 0.5 0.11870196413321947 0.2647058823529412 0.015371477369769428
2 0.09294117647058824 0.1968403074295474 0.06823529411764706 0.017933390264730998
3 0.16470588235294117 0.19513236549957302 0.04 0.014517506404782237
2 0.4747058823529412 0.19470538001707943 0.08352941176470588 0.013663535439795047
3 0.5711764705882353 0.19726729291204098 0.07411764705882352 0.018787361229718188
2 0.08294117647058824 0.23911187019641333 0.04823529411764706 0.017079419299743808
3 0.1411764705882353 0.23953885567890693 0.03294117647058824 0.017933390264730998
2 0.08294117647058824 0.28181041844577287 0.04823529411764706 0.017079419299743808
3 0.14470588235294118 0.28223740392826646 0.04 0.017933390264730998
2 0.11294117647058824 0.32450896669513235 0.10823529411764705 0.017079419299743808
3 0.1988235294117647 0.3232280102476516 0.02823529411764706 0.014517506404782237
2 0.09294117647058824 0.3676345004269855 0.06823529411764706 0.017933390264730998
3 0.16117647058823528 0.3654995730145175 0.03294117647058824 0.013663535439795047
2 0.09294117647058824 0.410333048676345 0.06823529411764706 0.017933390264730998
3 0.18411764705882352 0.4107600341588386 0.07882352941176471 0.018787361229718188
2 0.10882352941176471 0.46797608881298036 0.1 0.013663535439795047
5 0.24705882352941178 0.4739538855678907 0.023529411764705882 0.017079419299743808
2 0.29705882352941176 0.46754910333048677 0.052941176470588235 0.012809564474807857
4 0.4235294117647059 0.4739538855678907 0.023529411764705882 0.017079419299743808
2 0.46352941176470586 0.46754910333048677 0.03294117647058824 0.012809564474807857
1 0.2605882352941176 0.520068317677199 0.40352941176470586 0.015371477369769428
2 0.6670588235294118 0.5640478223740393 0.15764705882352942 0.017933390264730998
1 0.6758823529411765 0.5841161400512382 0.1988235294117647 0.015371477369769428