0 0.5 0.05853174603174603 0.6423529411764706 0.017857142857142856
0 0.5 0.1378968253968254 0.28352941176470586 0.017857142857142856
2 0.11352941176470588 0.22569444444444445 0.10941176470588235 0.01488095238095238
3 0.2511764705882353 0.22817460317460317 0.13058823529411764 0.01984126984126984
2 0.10529411764705883 0.2777777777777778 0.09294117647058824 0.01984126984126984
2 0.1411764705882353 0.32787698412698413 0.16470588235294117 0.020833333333333332
3 0.26176470588235295 0.32589285714285715 0.041176470588235294 0.016865079365079364
2 0.08294117647058824 0.376984126984127 0.04823529411764706 0.01984126984126984
2 0.10882352941176471 0.4444444444444444 0.1 0.015873015873015872
5 0.24705882352941178 0.4513888888888889 0.023529411764705882 0.01984126984126984
2 0.29705882352941176 0.4439484126984127 0.052941176470588235 0.01488095238095238
4 0.4235294117647059 0.4513888888888889 0.023529411764705882 0.01984126984126984
2 0.46352941176470586 0.4439484126984127 0.03294117647058824 0.01488095238095238
1 0.2605882352941176 0.5049603174603174 0.40352941176470586 0.017857142857142856
2 0.6670588235294118 0.5560515873015873 0.15764705882352942 0.020833333333333332
1 0.6758823529411765 0.5793650793650794 0.1988235294117647 0.017857142857142856