0 0.5 0.05148342059336824 0.6423529411764706 0.015706806282722512
0 0.5 0.1212914485165794 0.2647058823529412 0.015706806282722512
2 0.09058823529411765 0.19851657940663175 0.06352941176470588 0.013089005235602094
3 0.17529411764705882 0.20113438045375218 0.07058823529411765 0.01832460732984293
2 0.09294117647058824 0.24476439790575916 0.06823529411764706 0.01832460732984293
3 0.17411764705882352 0.2430191972076789 0.058823529411764705 0.014834205933682374
2 0.5152941176470588 0.24476439790575916 0.16470588235294117 0.01832460732984293
3 0.6317647058823529 0.2425828970331588 0.03294117647058824 0.013961605584642234
2 0.10529411764705883 0.2879581151832461 0.09294117647058824 0.017452006980802792
2 0.10058823529411764 0.3298429319371728 0.08352941176470588 0.013961605584642234
2 0.1411764705882353 0.3756544502617801 0.16470588235294117 0.01832460732984293
3 0.2576470588235294 0.37347294938917974 0.03294117647058824 0.013961605584642234
2 0.5841176470588235 0.3730366492146597 0.10941176470588235 0.013089005235602094
3 0.711764705882353 0.3756544502617801 0.11058823529411765 0.01832460732984293
2 0.10058823529411764 0.41710296684118675 0.08352941176470588 0.013961605584642234
3 0.18235294117647058 0.4192844677137871 0.04470588235294118 0.01832460732984293
2 0.4723529411764706 0.418848167539267 0.04823529411764706 0.017452006980802792
3 0.5370588235294118 0.41710296684118675 0.04588235294117647 0.013961605584642234
2 0.10882352941176471 0.4781849912739965 0.1 0.013961605584642234
4 0.24705882352941178 0.48429319371727747 0.023529411764705882 0.017452006980802792
2 0.29705882352941176 0.47774869109947643 0.052941176470588235 0.013089005235602094
5 0.4235294117647059 0.48429319371727747 0.023529411764705882 0.017452006980802792
2 0.46352941176470586 0.47774869109947643 0.03294117647058824 0.013089005235602094
1 0.2605882352941176 0.5314136125654451 0.40352941176470586 0.015706806282722512
2 0.6670588235294118 0.5763525305410122 0.15764705882352942 0.01832460732984293
1 0.6758823529411765 0.5968586387434555 0.1988235294117647 0.015706806282722512