0 0.5 0.05051369863013699 0.6423529411764706 0.015410958904109588
0 0.5 0.11857876712328767 0.24941176470588236 0.014554794520547944
2 0.11352941176470588 0.19477739726027396 0.10941176470588235 0.012842465753424657
3 0.2564705882352941 0.1956335616438356 0.1411764705882353 0.014554794520547944
2 0.5205882352941177 0.1969178082191781 0.09294117647058824 0.017123287671232876
3 0.6088235294117647 0.1973458904109589 0.04823529411764706 0.01797945205479452
2 0.10529411764705883 0.23972602739726026 0.09294117647058824 0.017123287671232876
3 0.18411764705882352 0.2401541095890411 0.029411764705882353 0.01797945205479452
2 0.09294117647058824 0.2829623287671233 0.06823529411764706 0.01797945205479452
3 0.17058823529411765 0.28125 0.05176470588235294 0.014554794520547944
2 0.1411764705882353 0.3257705479452055 0.16470588235294117 0.01797945205479452
3 0.27058823529411763 0.3240582191780822 0.058823529411764705 0.014554794520547944
2 0.10529411764705883 0.3681506849315068 0.09294117647058824 0.017123287671232876
3 0.1952941176470588 0.3668664383561644 0.05176470588235294 0.014554794520547944
2 0.48176470588235293 0.3681506849315068 0.04823529411764706 0.017123287671232876
3 0.5470588235294118 0.3685787671232877 0.047058823529411764 0.01797945205479452
2 0.10882352941176471 0.4263698630136986 0.1 0.0136986301369863
5 0.24705882352941178 0.4323630136986301 0.023529411764705882 0.017123287671232876
2 0.29705882352941176 0.4259417808219178 0.052941176470588235 0.012842465753424657
4 0.4235294117647059 0.4323630136986301 0.023529411764705882 0.017123287671232876
2 0.46352941176470586 0.4259417808219178 0.03294117647058824 0.012842465753424657
1 0.2605882352941176 0.4785958904109589 0.40352941176470586 0.015410958904109588
2 0.6670588235294118 0.5226883561643836 0.15764705882352942 0.01797945205479452
1 0.6758823529411765 0.5428082191780822 0.1988235294117647 0.015410958904109588