0 0.5 0.04933110367892977 0.6423529411764706 0.015050167224080268
0 0.5 0.11622073578595318 0.30470588235294116 0.015050167224080268
2 0.09058823529411765 0.19021739130434784 0.06352941176470588 0.01254180602006689
2 0.09058823529411765 0.23202341137123747 0.06352941176470588 0.01254180602006689
2 0.09058823529411765 0.2738294314381271 0.06352941176470588 0.01254180602006689
2 0.10529411764705883 0.3177257525083612 0.09294117647058824 0.016722408026755852
2 0.5041176470588236 0.3177257525083612 0.09294117647058824 0.016722408026755852
2 0.1411764705882353 0.35994983277591974 0.16470588235294117 0.017558528428093644
2 0.611764705882353 0.35994983277591974 0.16470588235294117 0.017558528428093644
2 0.10882352941176471 0.41638795986622074 0.1 0.013377926421404682
4 0.24705882352941178 0.4222408026755853 0.023529411764705882 0.016722408026755852
2 0.29705882352941176 0.4159698996655518 0.052941176470588235 0.01254180602006689
4 0.4235294117647059 0.4222408026755853 0.023529411764705882 0.016722408026755852
2 0.46352941176470586 0.4159698996655518 0.03294117647058824 0.01254180602006689
1 0.2605882352941176 0.4673913043478261 0.40352941176470586 0.015050167224080268
2 0.6670588235294118 0.5104515050167224 0.15764705882352942 0.017558528428093644
1 0.6758823529411765 0.5301003344481605 0.1988235294117647 0.015050167224080268