0 0.5 0.052397868561278864 0.6423529411764706 0.015985790408525755
0 0.5 0.12344582593250444 0.2647058823529412 0.015985790408525755
2 0.09294117647058824 0.20470692717584368 0.06823529411764706 0.018650088809946713
3 0.1652941176470588 0.20293072824156305 0.041176470588235294 0.015097690941385435
2 0.48764705882352943 0.20204262877442272 0.10941176470588235 0.013321492007104795
2 0.08294117647058824 0.24866785079928952 0.04823529411764706 0.017761989342806393
2 0.4470588235294118 0.24911190053285967 0.06823529411764706 0.018650088809946713
2 0.11294117647058824 0.29307282415630553 0.10823529411764705 0.017761989342806393
3 0.20823529411764705 0.2935168738898757 0.047058823529411764 0.018650088809946713
2 0.11352941176470588 0.3352575488454707 0.10941176470588235 0.013321492007104795
2 0.49823529411764705 0.33747779751332146 0.04823529411764706 0.017761989342806393
2 0.11352941176470588 0.3796625222024867 0.10941176470588235 0.013321492007104795
3 0.23941176470588235 0.380550621669627 0.10705882352941176 0.015097690941385435
2 0.5564705882352942 0.38232682060390766 0.16470588235294117 0.018650088809946713
3 0.6705882352941176 0.38010657193605685 0.02823529411764706 0.014209591474245116
2 0.10882352941176471 0.4422735346358792 0.1 0.014209591474245116
4 0.24705882352941178 0.44849023090586143 0.023529411764705882 0.017761989342806393
2 0.29705882352941176 0.44182948490230906 0.052941176470588235 0.013321492007104795
5 0.4235294117647059 0.44849023090586143 0.023529411764705882 0.017761989342806393
2 0.46352941176470586 0.44182948490230906 0.03294117647058824 0.013321492007104795
1 0.2605882352941176 0.49644760213143874 0.40352941176470586 0.015985790408525755
2 0.6670588235294118 0.5421847246891652 0.15764705882352942 0.018650088809946713
1 0.6758823529411765 0.5630550621669627 0.1988235294117647 0.015985790408525755