0 0.5 0.05427782888684453 0.6423529411764706 0.01655933762649494
0 0.5 0.12741490340386386 0.24941176470588236 0.015639374425023
2 0.09058823529411765 0.20929162833486661 0.06352941176470588 0.013799448022079117
2 0.10058823529411764 0.25574977000919963 0.08352941176470588 0.014719411223551058
2 0.11352941176470588 0.3012879484820607 0.10941176470588235 0.013799448022079117
3 0.2511764705882353 0.30404783808647656 0.13058823529411764 0.019319227230910764
2 0.1411764705882353 0.3500459981600736 0.16470588235294117 0.019319227230910764
3 0.25529411764705884 0.3482060717571297 0.02823529411764706 0.015639374425023
2 0.08294117647058824 0.39558417663293466 0.04823529411764706 0.01839926402943882
2 0.09058823529411765 0.4392824287028519 0.06352941176470588 0.013799448022079117
2 0.47 0.43974241030358785 0.08352941176470588 0.014719411223551058
2 0.10882352941176471 0.5041398344066237 0.1 0.014719411223551058
4 0.24705882352941178 0.5105795768169273 0.023529411764705882 0.01839926402943882
2 0.29705882352941176 0.5036798528058878 0.052941176470588235 0.013799448022079117
5 0.4235294117647059 0.5105795768169273 0.023529411764705882 0.01839926402943882
2 0.46352941176470586 0.5036798528058878 0.03294117647058824 0.013799448022079117
1 0.2605882352941176 0.5602575896964122 0.40352941176470586 0.01655933762649494
2 0.6670588235294118 0.6076356945722171 0.15764705882352942 0.019319227230910764
1 0.6758823529411765 0.6292548298068077 0.1988235294117647 0.01655933762649494