0 0.5 0.05447830101569714 0.6423529411764706 0.01662049861495845
0 0.5 0.1283471837488458 0.28352941176470586 0.01662049861495845
2 0.11352941176470588 0.2100646352723915 0.10941176470588235 0.013850415512465374
3 0.2735294117647059 0.2123730378578024 0.17529411764705882 0.018467220683287166
2 0.5288235294117647 0.2100646352723915 0.10941176470588235 0.013850415512465374
3 0.6888235294117647 0.2123730378578024 0.17529411764705882 0.018467220683287166
2 0.09294117647058824 0.2590027700831025 0.06823529411764706 0.019390581717451522
2 0.08294117647058824 0.3047091412742382 0.04823529411764706 0.018467220683287166
3 0.14823529411764705 0.3051708217913204 0.047058823529411764 0.019390581717451522
2 0.4547058823529412 0.3028624192059095 0.08352941176470588 0.014773776546629732
2 0.10058823529411764 0.3490304709141274 0.08352941176470588 0.014773776546629732
3 0.18294117647058825 0.3490304709141274 0.04588235294117647 0.014773776546629732
2 0.1411764705882353 0.3975069252077562 0.16470588235294117 0.019390581717451522
3 0.2576470588235294 0.3975069252077562 0.03294117647058824 0.019390581717451522
2 0.10058823529411764 0.44136657433056325 0.08352941176470588 0.014773776546629732
3 0.18941176470588236 0.44182825484764543 0.058823529411764705 0.01569713758079409
2 0.10882352941176471 0.5060018467220684 0.1 0.014773776546629732
5 0.24705882352941178 0.5124653739612188 0.023529411764705882 0.018467220683287166
2 0.29705882352941176 0.5055401662049861 0.052941176470588235 0.013850415512465374
4 0.4235294117647059 0.5124653739612188 0.023529411764705882 0.018467220683287166
2 0.46352941176470586 0.5055401662049861 0.03294117647058824 0.013850415512465374
1 0.2605882352941176 0.5623268698060941 0.40352941176470586 0.01662049861495845
2 0.6670588235294118 0.6098799630655586 0.15764705882352942 0.019390581717451522
1 0.6758823529411765 0.631578947368421 0.1988235294117647 0.01662049861495845