0 0.5 0.05344202898550725 0.6423529411764706 0.016304347826086956
0 0.5 0.12590579710144928 0.2647058823529412 0.016304347826086956
2 0.1411764705882353 0.20878623188405798 0.16470588235294117 0.019021739130434784
3 0.28058823529411764 0.20923913043478262 0.07882352941176471 0.019927536231884056
2 0.08294117647058824 0.2536231884057971 0.04823529411764706 0.018115942028985508
3 0.15529411764705883 0.25226449275362317 0.0611764705882353 0.015398550724637682
2 0.49529411764705883 0.25407608695652173 0.16470588235294117 0.019021739130434784
3 0.611764705882353 0.25407608695652173 0.03294117647058824 0.019021739130434784
2 0.09294117647058824 0.29936594202898553 0.06823529411764706 0.019021739130434784
3 0.17411764705882352 0.297554347826087 0.058823529411764705 0.015398550724637682
2 0.10529411764705883 0.3442028985507246 0.09294117647058824 0.018115942028985508
3 0.19941176470588234 0.34375 0.06 0.017210144927536232
2 0.1411764705882353 0.389945652173913 0.16470588235294117 0.019021739130434784
3 0.2576470588235294 0.389945652173913 0.03294117647058824 0.019021739130434784
2 0.11294117647058824 0.43478260869565216 0.10823529411764705 0.018115942028985508
3 0.20352941176470588 0.4329710144927536 0.03764705882352941 0.014492753623188406
2 0.5070588235294118 0.43523550724637683 0.06823529411764706 0.019021739130434784
3 0.58 0.43342391304347827 0.042352941176470586 0.015398550724637682
2 0.10882352941176471 0.4963768115942029 0.1 0.014492753623188406
5 0.24705882352941178 0.5027173913043478 0.023529411764705882 0.018115942028985508
2 0.29705882352941176 0.49592391304347827 0.052941176470588235 0.01358695652173913
4 0.4235294117647059 0.5027173913043478 0.023529411764705882 0.018115942028985508
2 0.46352941176470586 0.49592391304347827 0.03294117647058824 0.01358695652173913
1 0.2605882352941176 0.5516304347826086 0.40352941176470586 0.016304347826086956
2 0.6670588235294118 0.5982789855072463 0.15764705882352942 0.019021739130434784
1 0.6758823529411765 0.6195652173913043 0.1988235294117647 0.016304347826086956