0 0.5 0.04957983193277311 0.6423529411764706 0.015126050420168067
0 0.5 0.11638655462184874 0.23294117647058823 0.014285714285714285
2 0.08294117647058824 0.19327731092436976 0.04823529411764706 0.01680672268907563
2 0.4547058823529412 0.1915966386554622 0.08352941176470588 0.013445378151260505
2 0.11352941176470588 0.23319327731092437 0.10941176470588235 0.012605042016806723
2 0.09058823529411765 0.27521008403361347 0.06352941176470588 0.012605042016806723
2 0.10529411764705883 0.31932773109243695 0.09294117647058824 0.01680672268907563
3 0.1988235294117647 0.32016806722689073 0.058823529411764705 0.018487394957983194
2 0.5117647058823529 0.31932773109243695 0.10823529411764705 0.01680672268907563
3 0.6182352941176471 0.31974789915966384 0.06941176470588235 0.01764705882352941
2 0.10882352941176471 0.3764705882352941 0.1 0.013445378151260505
5 0.24705882352941178 0.38235294117647056 0.023529411764705882 0.01680672268907563
2 0.29705882352941176 0.3760504201680672 0.052941176470588235 0.012605042016806723
4 0.4235294117647059 0.38235294117647056 0.023529411764705882 0.01680672268907563
2 0.46352941176470586 0.3760504201680672 0.03294117647058824 0.012605042016806723
1 0.2605882352941176 0.42773109243697477 0.40352941176470586 0.015126050420168067
2 0.6670588235294118 0.47100840336134453 0.15764705882352942 0.01764705882352941
1 0.6758823529411765 0.4907563025210084 0.1988235294117647 0.015126050420168067