0 0.5 0.05179982440737489 0.6423529411764706 0.015803336259877086
0 0.5 0.12159789288849868 0.24941176470588236 0.014925373134328358
2 0.09294117647058824 0.20237050043898155 0.06823529411764706 0.018437225636523266
3 0.1723529411764706 0.20237050043898155 0.05529411764705883 0.018437225636523266
2 0.08294117647058824 0.24582967515364354 0.04823529411764706 0.01755926251097454
3 0.15470588235294117 0.24539069359086918 0.06 0.016681299385425813
2 0.10058823529411764 0.28797190517998245 0.08352941176470588 0.014047410008779631
3 0.19705882352941176 0.2906057945566286 0.07411764705882352 0.019315188762071993
2 0.1411764705882353 0.3340649692712906 0.16470588235294117 0.018437225636523266
3 0.2576470588235294 0.33187006145741876 0.03294117647058824 0.014047410008779631
2 0.5841176470588235 0.33143107989464443 0.10941176470588235 0.013169446883230905
3 0.7088235294117647 0.33362598770851626 0.10470588235294118 0.01755926251097454
2 0.09058823529411765 0.37532923617208075 0.06352941176470588 0.013169446883230905
3 0.1676470588235294 0.37796312554872696 0.05529411764705883 0.018437225636523266
2 0.10882352941176471 0.437225636523266 0.1 0.014047410008779631
4 0.24705882352941178 0.4433713784021071 0.023529411764705882 0.01755926251097454
2 0.29705882352941176 0.4367866549604917 0.052941176470588235 0.013169446883230905
5 0.4235294117647059 0.4433713784021071 0.023529411764705882 0.01755926251097454
2 0.46352941176470586 0.4367866549604917 0.03294117647058824 0.013169446883230905
1 0.2605882352941176 0.49078138718173836 0.40352941176470586 0.015803336259877086
2 0.6670588235294118 0.5359964881474978 0.15764705882352942 0.018437225636523266
1 0.6758823529411765 0.5566286215978928 0.1988235294117647 0.015803336259877086