0 0.5 0.058358061325420374 0.6423529411764706 0.017804154302670624
0 0.5 0.13699307616221562 0.23294117647058823 0.016815034619188922
2 0.08294117647058824 0.2274975272007913 0.04823529411764706 0.019782393669634024
3 0.14 0.22551928783382788 0.03058823529411765 0.01582591493570722
2 0.45941176470588235 0.2274975272007913 0.09294117647058824 0.019782393669634024
3 0.5470588235294118 0.22799208704253215 0.047058823529411764 0.020771513353115726
2 0.11352941176470588 0.2744807121661721 0.10941176470588235 0.01483679525222552
3 0.24176470588235294 0.27794263105835804 0.11176470588235295 0.021760633036597428
2 0.49823529411764705 0.27695351137487634 0.04823529411764706 0.019782393669634024
3 0.5623529411764706 0.2754698318496538 0.04470588235294118 0.016815034619188922
2 0.09058823529411765 0.3239366963402572 0.06352941176470588 0.01483679525222552
3 0.17176470588235293 0.3259149357072206 0.06352941176470588 0.018793273986152326
2 0.4823529411764706 0.3264094955489614 0.10823529411764705 0.019782393669634024
3 0.5847058823529412 0.3269040553907023 0.0611764705882353 0.020771513353115726
2 0.1411764705882353 0.37636003956478736 0.16470588235294117 0.020771513353115726
3 0.27941176470588236 0.3768545994065282 0.07647058823529412 0.021760633036597428
2 0.10882352941176471 0.4431256181998022 0.1 0.01582591493570722
4 0.24705882352941178 0.45004945598417406 0.023529411764705882 0.019782393669634024
2 0.29705882352941176 0.4426310583580613 0.052941176470588235 0.01483679525222552
5 0.4235294117647059 0.45004945598417406 0.023529411764705882 0.019782393669634024
2 0.46352941176470586 0.4426310583580613 0.03294117647058824 0.01483679525222552
1 0.2605882352941176 0.503461918892186 0.40352941176470586 0.017804154302670624
2 0.6670588235294118 0.5544015825914935 0.15764705882352942 0.020771513353115726
1 0.6758823529411765 0.5776458951533135 0.1988235294117647 0.017804154302670624