0 0.5 0.05498602050326188 0.6423529411764706 0.016775396085740912
0 0.5 0.12954333643988816 0.2647058823529412 0.016775396085740912
2 0.09058823529411765 0.212022367194781 0.06352941176470588 0.013979496738117428
3 0.16588235294117648 0.21295433364398883 0.05176470588235294 0.015843429636533086
2 0.08294117647058824 0.26095060577819196 0.04823529411764706 0.01863932898415657
3 0.15941176470588236 0.2614165890027959 0.06941176470588235 0.0195712954333644
2 0.10058823529411764 0.30568499534016774 0.08352941176470588 0.014911463187325256
3 0.18235294117647058 0.3080149114631873 0.04470588235294118 0.0195712954333644
2 0.10058823529411764 0.35228331780055916 0.08352941176470588 0.014911463187325256
3 0.18058823529411766 0.3527493010251631 0.041176470588235294 0.015843429636533086
2 0.5029411764705882 0.35181733457595527 0.10941176470588235 0.013979496738117428
3 0.6647058823529411 0.3550792171481827 0.17882352941176471 0.02050326188257223
2 0.10058823529411764 0.39888164026095063 0.08352941176470588 0.014911463187325256
3 0.18352941176470589 0.3993476234855545 0.047058823529411764 0.015843429636533086
2 0.11294117647058824 0.4473438956197577 0.10823529411764705 0.01863932898415657
3 0.21529411764705883 0.44780987884436163 0.0611764705882353 0.0195712954333644
2 0.5276470588235294 0.4450139794967381 0.10941176470588235 0.013979496738117428
3 0.6894117647058824 0.44594594594594594 0.17882352941176471 0.015843429636533086
2 0.10882352941176471 0.51071761416589 0.1 0.014911463187325256
5 0.24705882352941178 0.5172413793103449 0.023529411764705882 0.01863932898415657
2 0.29705882352941176 0.5102516309412861 0.052941176470588235 0.013979496738117428
4 0.4235294117647059 0.5172413793103449 0.023529411764705882 0.01863932898415657
2 0.46352941176470586 0.5102516309412861 0.03294117647058824 0.013979496738117428
1 0.2605882352941176 0.5675675675675675 0.40352941176470586 0.016775396085740912
2 0.6670588235294118 0.6155638397017708 0.15764705882352942 0.0195712954333644
1 0.6758823529411765 0.6374650512581547 0.1988235294117647 0.016775396085740912