0 0.5 0.052166224580017684 0.6423529411764706 0.015915119363395226
0 0.5 0.1229000884173298 0.2647058823529412 0.015915119363395226
2 0.09058823529411765 0.20114942528735633 0.06352941176470588 0.013262599469496022
3 0.1635294117647059 0.20380194518125552 0.047058823529411764 0.01856763925729443
2 0.10529411764705883 0.2475685234305924 0.09294117647058824 0.01768346595932803
3 0.19411764705882353 0.2458001768346596 0.04941176470588235 0.014146772767462422
2 0.49941176470588233 0.2458001768346596 0.08352941176470588 0.014146772767462422
3 0.5811764705882353 0.2480106100795756 0.04470588235294118 0.01856763925729443
2 0.11294117647058824 0.2917771883289125 0.10823529411764705 0.01768346595932803
3 0.21588235294117647 0.2922192749778957 0.06235294117647059 0.01856763925729443
2 0.5147058823529411 0.29000884173297964 0.08352941176470588 0.014146772767462422
3 0.5952941176470589 0.29045092838196285 0.042352941176470586 0.015030946065428824
2 0.10529411764705883 0.3359858532272325 0.09294117647058824 0.01768346595932803
3 0.1935294117647059 0.3364279398762157 0.04823529411764706 0.01856763925729443
2 0.11294117647058824 0.3801945181255526 0.10823529411764705 0.01768346595932803
3 0.1988235294117647 0.378868258178603 0.02823529411764706 0.015030946065428824
2 0.1411764705882353 0.4248452696728559 0.16470588235294117 0.01856763925729443
3 0.2576470588235294 0.4248452696728559 0.03294117647058824 0.01856763925729443
2 0.5535294117647059 0.4244031830238727 0.04823529411764706 0.01768346595932803
3 0.6182352941176471 0.4239610963748895 0.04588235294117647 0.016799292661361626
2 0.10882352941176471 0.484526967285588 0.1 0.014146772767462422
4 0.24705882352941178 0.4907161803713528 0.023529411764705882 0.01768346595932803
2 0.29705882352941176 0.48408488063660476 0.052941176470588235 0.013262599469496022
5 0.4235294117647059 0.4907161803713528 0.023529411764705882 0.01768346595932803
2 0.46352941176470586 0.48408488063660476 0.03294117647058824 0.013262599469496022
1 0.2605882352941176 0.5384615384615384 0.40352941176470586 0.015915119363395226
2 0.6670588235294118 0.5839964633068081 0.15764705882352942 0.01856763925729443
1 0.6758823529411765 0.6047745358090185 0.1988235294117647 0.015915119363395226