0 0.5 0.05684007707129094 0.6423529411764706 0.017341040462427744
0 0.5 0.13391136801541426 0.28352941176470586 0.017341040462427744
2 0.10529411764705883 0.22157996146435452 0.09294117647058824 0.019267822736030827
3 0.18941176470588236 0.22013487475915222 0.04 0.016377649325626204
2 0.48176470588235293 0.22157996146435452 0.04823529411764706 0.019267822736030827
3 0.5435294117647059 0.2220616570327553 0.04 0.02023121387283237
2 0.09058823529411765 0.26734104046242774 0.06352941176470588 0.014450867052023121
3 0.16 0.2683044315992293 0.04 0.016377649325626204
2 0.09294117647058824 0.31840077071290945 0.06823529411764706 0.02023121387283237
3 0.1723529411764706 0.31840077071290945 0.05529411764705883 0.02023121387283237
2 0.09058823529411765 0.36368015414258187 0.06352941176470588 0.014450867052023121
3 0.16470588235294117 0.36416184971098264 0.04941176470588235 0.015414258188824663
2 0.1411764705882353 0.4147398843930636 0.16470588235294117 0.02023121387283237
3 0.26294117647058823 0.4128131021194605 0.04352941176470588 0.016377649325626204
2 0.5711764705882353 0.4123314065510597 0.08352941176470588 0.015414258188824663
3 0.6570588235294118 0.4123314065510597 0.052941176470588235 0.015414258188824663
2 0.09058823529411765 0.46001926782273606 0.06352941176470588 0.014450867052023121
3 0.1711764705882353 0.46290944123314065 0.06235294117647059 0.02023121387283237
2 0.10882352941176471 0.5279383429672447 0.1 0.015414258188824663
4 0.24705882352941178 0.5346820809248555 0.023529411764705882 0.019267822736030827
2 0.29705882352941176 0.5274566473988439 0.052941176470588235 0.014450867052023121
5 0.4235294117647059 0.5346820809248555 0.023529411764705882 0.019267822736030827
2 0.46352941176470586 0.5274566473988439 0.03294117647058824 0.014450867052023121
1 0.2605882352941176 0.5867052023121387 0.40352941176470586 0.017341040462427744
2 0.6670588235294118 0.6363198458574181 0.15764705882352942 0.02023121387283237
1 0.6758823529411765 0.6589595375722543 0.1988235294117647 0.017341040462427744