0 0.5 0.05 0.6423529411764706 0.015254237288135594
0 0.5 0.11779661016949153 0.2647058823529412 0.015254237288135594
2 0.1411764705882353 0.19533898305084746 0.16470588235294117 0.017796610169491526
3 0.2647058823529412 0.19533898305084746 0.047058823529411764 0.017796610169491526
2 0.1411764705882353 0.23771186440677966 0.16470588235294117 0.017796610169491526
3 0.2688235294117647 0.23771186440677966 0.05529411764705883 0.017796610169491526
2 0.10058823529411764 0.27796610169491526 0.08352941176470588 0.013559322033898305
3 0.17411764705882352 0.27796610169491526 0.02823529411764706 0.013559322033898305
2 0.08294117647058824 0.3220338983050847 0.04823529411764706 0.01694915254237288
3 0.14470588235294118 0.3207627118644068 0.04 0.01440677966101695
2 0.10882352941176471 0.37966101694915255 0.1 0.013559322033898305
5 0.24705882352941178 0.3855932203389831 0.023529411764705882 0.01694915254237288
2 0.29705882352941176 0.3792372881355932 0.052941176470588235 0.012711864406779662
4 0.4235294117647059 0.3855932203389831 0.023529411764705882 0.01694915254237288
2 0.46352941176470586 0.3792372881355932 0.03294117647058824 0.012711864406779662
1 0.2605882352941176 0.43135593220338986 0.40352941176470586 0.015254237288135594
2 0.6670588235294118 0.475 0.15764705882352942 0.017796610169491526
1 0.6758823529411765 0.49491525423728816 0.1988235294117647 0.015254237288135594