0 0.5 0.05339366515837104 0.6423529411764706 0.016289592760180997
0 0.5 0.1253393665158371 0.24941176470588236 0.015384615384615385
2 0.09058823529411765 0.20588235294117646 0.06352941176470588 0.013574660633484163
2 0.08294117647058824 0.25339366515837103 0.04823529411764706 0.01809954751131222
2 0.4547058823529412 0.2515837104072398 0.08352941176470588 0.014479638009049774
2 0.08294117647058824 0.2986425339366516 0.04823529411764706 0.01809954751131222
2 0.46705882352941175 0.2986425339366516 0.10823529411764705 0.01809954751131222
2 0.09058823529411765 0.3416289592760181 0.06352941176470588 0.013574660633484163
2 0.08294117647058824 0.3891402714932127 0.04823529411764706 0.01809954751131222
3 0.15529411764705883 0.38778280542986426 0.0611764705882353 0.015384615384615385
2 0.4447058823529412 0.38687782805429866 0.06352941176470588 0.013574660633484163
2 0.09294117647058824 0.434841628959276 0.06823529411764706 0.019004524886877826
3 0.16823529411764707 0.434841628959276 0.047058823529411764 0.019004524886877826
2 0.4747058823529412 0.432579185520362 0.08352941176470588 0.014479638009049774
2 0.10882352941176471 0.49592760180995477 0.1 0.014479638009049774
5 0.24705882352941178 0.502262443438914 0.023529411764705882 0.01809954751131222
2 0.29705882352941176 0.49547511312217196 0.052941176470588235 0.013574660633484163
4 0.4235294117647059 0.502262443438914 0.023529411764705882 0.01809954751131222
2 0.46352941176470586 0.49547511312217196 0.03294117647058824 0.013574660633484163
1 0.2605882352941176 0.551131221719457 0.40352941176470586 0.016289592760180997
2 0.6670588235294118 0.597737556561086 0.15764705882352942 0.019004524886877826
1 0.6758823529411765 0.6190045248868778 0.1988235294117647 0.016289592760180997