0 0.5 0.05629770992366412 0.6423529411764706 0.01717557251908397
0 0.5 0.1321564885496183 0.24941176470588236 0.016221374045801526
2 0.10529411764705883 0.21946564885496184 0.09294117647058824 0.019083969465648856
3 0.1976470588235294 0.21803435114503816 0.05647058823529412 0.016221374045801526
2 0.5117647058823529 0.21946564885496184 0.10823529411764705 0.019083969465648856
3 0.6076470588235294 0.21755725190839695 0.04823529411764706 0.015267175572519083
2 0.09294117647058824 0.2676526717557252 0.06823529411764706 0.020038167938931296
3 0.17529411764705882 0.2676526717557252 0.0611764705882353 0.020038167938931296
2 0.45705882352941174 0.26717557251908397 0.04823529411764706 0.019083969465648856
3 0.5129411764705882 0.2657442748091603 0.02823529411764706 0.016221374045801526
2 0.11294117647058824 0.3148854961832061 0.10823529411764705 0.019083969465648856
3 0.2011764705882353 0.31297709923664124 0.03294117647058824 0.015267175572519083
2 0.5552941176470588 0.31536259541984735 0.16470588235294117 0.020038167938931296
3 0.6717647058823529 0.31297709923664124 0.03294117647058824 0.015267175572519083
2 0.08294117647058824 0.36259541984732824 0.04823529411764706 0.019083969465648856
3 0.1411764705882353 0.3630725190839695 0.03294117647058824 0.020038167938931296
2 0.10529411764705883 0.41030534351145037 0.09294117647058824 0.019083969465648856
3 0.1935294117647059 0.4107824427480916 0.04823529411764706 0.020038167938931296
2 0.08294117647058824 0.4580152671755725 0.04823529411764706 0.019083969465648856
3 0.14411764705882352 0.4580152671755725 0.03882352941176471 0.019083969465648856
2 0.10882352941176471 0.5229007633587787 0.1 0.015267175572519083
5 0.24705882352941178 0.5295801526717557 0.023529411764705882 0.019083969465648856
2 0.29705882352941176 0.5224236641221374 0.052941176470588235 0.01431297709923664
4 0.4235294117647059 0.5295801526717557 0.023529411764705882 0.019083969465648856
2 0.46352941176470586 0.5224236641221374 0.03294117647058824 0.01431297709923664
1 0.2605882352941176 0.5811068702290076 0.40352941176470586 0.01717557251908397
2 0.6670588235294118 0.6302480916030534 0.15764705882352942 0.020038167938931296
1 0.6758823529411765 0.6526717557251909 0.1988235294117647 0.01717557251908397