0 0.5 0.051304347826086956 0.6423529411764706 0.01565217391304348
0 0.5 0.1208695652173913 0.2647058823529412 0.01565217391304348
2 0.09294117647058824 0.20043478260869566 0.06823529411764706 0.018260869565217393
2 0.09294117647058824 0.24391304347826087 0.06823529411764706 0.018260869565217393
2 0.48705882352941177 0.24347826086956523 0.10823529411764705 0.017391304347826087
2 0.08294117647058824 0.28695652173913044 0.04823529411764706 0.017391304347826087
2 0.1411764705882353 0.3308695652173913 0.16470588235294117 0.018260869565217393
2 0.10882352941176471 0.38956521739130434 0.1 0.01391304347826087
4 0.24705882352941178 0.39565217391304347 0.023529411764705882 0.017391304347826087
2 0.29705882352941176 0.38913043478260867 0.052941176470588235 0.013043478260869565
4 0.4235294117647059 0.39565217391304347 0.023529411764705882 0.017391304347826087
2 0.46352941176470586 0.38913043478260867 0.03294117647058824 0.013043478260869565
1 0.2605882352941176 0.4426086956521739 0.40352941176470586 0.01565217391304348
2 0.6670588235294118 0.48739130434782607 0.15764705882352942 0.018260869565217393
1 0.6758823529411765 0.5078260869565218 0.1988235294117647 0.01565217391304348