0 0.5 0.05324909747292419 0.6423529411764706 0.016245487364620937
0 0.5 0.125 0.24941176470588236 0.015342960288808664
2 0.11352941176470588 0.20532490974729242 0.10941176470588235 0.013537906137184115
3 0.23941176470588235 0.20803249097472923 0.10705882352941176 0.01895306859205776
2 0.08294117647058824 0.2527075812274368 0.04823529411764706 0.018050541516245487
3 0.14176470588235293 0.25225631768953066 0.03411764705882353 0.017148014440433214
2 0.10058823529411764 0.296028880866426 0.08352941176470588 0.01444043321299639
3 0.18411764705882352 0.2982851985559567 0.04823529411764706 0.01895306859205776
2 0.5023529411764706 0.29783393501805056 0.10823529411764705 0.018050541516245487
3 0.5970588235294118 0.2973826714801444 0.04588235294117647 0.017148014440433214
2 0.11352941176470588 0.3407039711191336 0.10941176470588235 0.013537906137184115
3 0.23470588235294118 0.34296028880866425 0.0976470588235294 0.018050541516245487
2 0.49823529411764705 0.34296028880866425 0.04823529411764706 0.018050541516245487
3 0.5617647058823529 0.3416064981949459 0.04352941176470588 0.015342960288808664
2 0.11352941176470588 0.3858303249097473 0.10941176470588235 0.013537906137184115
3 0.2664705882352941 0.3898916967509025 0.16117647058823528 0.021660649819494584
2 0.11352941176470588 0.43095667870036103 0.10941176470588235 0.013537906137184115
3 0.23529411764705882 0.43185920577617326 0.0988235294117647 0.015342960288808664
2 0.5564705882352942 0.43366425992779783 0.16470588235294117 0.01895306859205776
3 0.68 0.43366425992779783 0.047058823529411764 0.01895306859205776
2 0.10882352941176471 0.49458483754512633 0.1 0.01444043321299639
5 0.24705882352941178 0.5009025270758123 0.023529411764705882 0.018050541516245487
2 0.29705882352941176 0.49413357400722024 0.052941176470588235 0.013537906137184115
4 0.4235294117647059 0.5009025270758123 0.023529411764705882 0.018050541516245487
2 0.46352941176470586 0.49413357400722024 0.03294117647058824 0.013537906137184115
1 0.2605882352941176 0.5496389891696751 0.40352941176470586 0.016245487364620937
2 0.6670588235294118 0.5961191335740073 0.15764705882352942 0.01895306859205776
1 0.6758823529411765 0.6173285198555957 0.1988235294117647 0.016245487364620937