0 0.5 0.056137012369172214 0.6423529411764706 0.017126546146527116
0 0.5 0.13225499524262607 0.28352941176470586 0.017126546146527116
2 0.11294117647058824 0.21883920076117983 0.10823529411764705 0.019029495718363463
3 0.21529411764705883 0.2193149381541389 0.0611764705882353 0.019980970504281638
2 0.10058823529411764 0.26450999048525214 0.08352941176470588 0.015223596574690771
3 0.19176470588235295 0.2659372026641294 0.06352941176470588 0.01807802093244529
2 0.08294117647058824 0.3139866793529971 0.04823529411764706 0.019029495718363463
3 0.14823529411764705 0.3144624167459562 0.047058823529411764 0.019980970504281638
2 0.1411764705882353 0.3620361560418649 0.16470588235294117 0.019980970504281638
3 0.27294117647058824 0.3610846812559467 0.06352941176470588 0.01807802093244529
2 0.10882352941176471 0.4262607040913416 0.1 0.015223596574690771
4 0.24705882352941178 0.4329210275927688 0.023529411764705882 0.019029495718363463
2 0.29705882352941176 0.4257849666983825 0.052941176470588235 0.014272121788772598
5 0.4235294117647059 0.4329210275927688 0.023529411764705882 0.019029495718363463
2 0.46352941176470586 0.4257849666983825 0.03294117647058824 0.014272121788772598
1 0.2605882352941176 0.48430066603235017 0.40352941176470586 0.017126546146527116
2 0.6670588235294118 0.533301617507136 0.15764705882352942 0.019980970504281638
1 0.6758823529411765 0.5556612749762131 0.1988235294117647 0.017126546146527116