0 0.5 0.05042735042735043 0.6423529411764706 0.015384615384615385
0 0.5 0.1188034188034188 0.28352941176470586 0.015384615384615385
2 0.11352941176470588 0.19444444444444445 0.10941176470588235 0.01282051282051282
3 0.2911764705882353 0.19743589743589743 0.21058823529411766 0.018803418803418803
2 0.09294117647058824 0.23974358974358975 0.06823529411764706 0.017948717948717947
2 0.10058823529411764 0.28034188034188035 0.08352941176470588 0.013675213675213675
3 0.18470588235294116 0.28034188034188035 0.04941176470588235 0.013675213675213675
2 0.09294117647058824 0.3252136752136752 0.06823529411764706 0.017948717948717947
2 0.08294117647058824 0.36752136752136755 0.04823529411764706 0.017094017094017096
3 0.14823529411764705 0.3658119658119658 0.047058823529411764 0.013675213675213675
2 0.10882352941176471 0.4256410256410256 0.1 0.013675213675213675
5 0.24705882352941178 0.43162393162393164 0.023529411764705882 0.017094017094017096
2 0.29705882352941176 0.4252136752136752 0.052941176470588235 0.01282051282051282
4 0.4235294117647059 0.43162393162393164 0.023529411764705882 0.017094017094017096
2 0.46352941176470586 0.4252136752136752 0.03294117647058824 0.01282051282051282
1 0.2605882352941176 0.4777777777777778 0.40352941176470586 0.015384615384615385
2 0.6670588235294118 0.5217948717948718 0.15764705882352942 0.017948717948717947
1 0.6758823529411765 0.5418803418803418 0.1988235294117647 0.015384615384615385