0 0.5 0.053587647593097185 0.6423529411764706 0.01634877384196185
0 0.5 0.1262488646684832 0.28352941176470586 0.01634877384196185
2 0.11352941176470588 0.20663033605812897 0.10941176470588235 0.013623978201634877
3 0.27588235294117647 0.21162579473206175 0.18 0.023614895549500452
2 0.5158823529411765 0.20708446866485014 0.08352941176470588 0.014532243415077202
3 0.6035294117647059 0.2075386012715713 0.05647058823529412 0.015440508628519528
2 0.09294117647058824 0.2547683923705722 0.06823529411764706 0.01907356948228883
3 0.17529411764705882 0.2547683923705722 0.0611764705882353 0.01907356948228883
2 0.08294117647058824 0.2997275204359673 0.04823529411764706 0.018165304268846504
3 0.15588235294117647 0.30018165304268846 0.06235294117647059 0.01907356948228883
2 0.46705882352941175 0.2997275204359673 0.10823529411764705 0.018165304268846504
3 0.5688235294117647 0.2992733878292461 0.06 0.01725703905540418
2 0.09294117647058824 0.3455949137148047 0.06823529411764706 0.01907356948228883
3 0.17294117647058824 0.3437783832879201 0.05647058823529412 0.015440508628519528
2 0.09058823529411765 0.388283378746594 0.06352941176470588 0.013623978201634877
3 0.1564705882352941 0.391008174386921 0.03294117647058824 0.01907356948228883
2 0.4623529411764706 0.391008174386921 0.06823529411764706 0.01907356948228883
3 0.5311764705882352 0.3887375113533152 0.03411764705882353 0.014532243415077202
2 0.11352941176470588 0.4336966394187103 0.10941176470588235 0.013623978201634877
3 0.2741176470588235 0.43869209809264303 0.17647058823529413 0.023614895549500452
2 0.10882352941176471 0.4977293369663942 0.1 0.014532243415077202
5 0.24705882352941178 0.5040871934604905 0.023529411764705882 0.018165304268846504
2 0.29705882352941176 0.49727520435967304 0.052941176470588235 0.013623978201634877
4 0.4235294117647059 0.5040871934604905 0.023529411764705882 0.018165304268846504
2 0.46352941176470586 0.49727520435967304 0.03294117647058824 0.013623978201634877
1 0.2605882352941176 0.553133514986376 0.40352941176470586 0.01634877384196185
2 0.6670588235294118 0.5999091734786558 0.15764705882352942 0.01907356948228883
1 0.6758823529411765 0.6212534059945504 0.1988235294117647 0.01634877384196185