0 0.5 0.049372384937238493 0.6423529411764706 0.01506276150627615
0 0.5 0.11589958158995815 0.23294117647058823 0.014225941422594143
2 0.11352941176470588 0.1903765690376569 0.10941176470588235 0.012552301255230125
3 0.24411764705882352 0.19246861924686193 0.11647058823529412 0.016736401673640166
2 0.5288235294117647 0.1903765690376569 0.10941176470588235 0.012552301255230125
3 0.6764705882352942 0.19246861924686193 0.15058823529411763 0.016736401673640166
2 0.10058823529411764 0.23263598326359833 0.08352941176470588 0.013389121338912133
3 0.18352941176470589 0.23305439330543934 0.047058823529411764 0.014225941422594143
2 0.5023529411764706 0.23430962343096234 0.10823529411764705 0.016736401673640166
3 0.6123529411764705 0.23514644351464434 0.07647058823529412 0.018410041841004185
2 0.09058823529411765 0.27405857740585776 0.06352941176470588 0.012552301255230125
3 0.1564705882352941 0.27656903765690377 0.03294117647058824 0.017573221757322177
2 0.10058823529411764 0.3163179916317992 0.08352941176470588 0.013389121338912133
3 0.18235294117647058 0.3163179916317992 0.04470588235294118 0.013389121338912133
2 0.10529411764705883 0.3598326359832636 0.09294117647058824 0.016736401673640166
3 0.18470588235294116 0.3581589958158996 0.03058823529411765 0.013389121338912133
2 0.1411764705882353 0.402092050209205 0.16470588235294117 0.017573221757322177
3 0.2647058823529412 0.402092050209205 0.047058823529411764 0.017573221757322177
2 0.5635294117647058 0.402092050209205 0.06823529411764706 0.017573221757322177
3 0.6388235294117647 0.402092050209205 0.047058823529411764 0.017573221757322177
2 0.10882352941176471 0.4585774058577406 0.1 0.013389121338912133
4 0.24705882352941178 0.46443514644351463 0.023529411764705882 0.016736401673640166
2 0.29705882352941176 0.4581589958158996 0.052941176470588235 0.012552301255230125
5 0.4235294117647059 0.46443514644351463 0.023529411764705882 0.016736401673640166
2 0.46352941176470586 0.4581589958158996 0.03294117647058824 0.012552301255230125
1 0.2605882352941176 0.5096234309623431 0.40352941176470586 0.01506276150627615
2 0.6670588235294118 0.5527196652719665 0.15764705882352942 0.017573221757322177
1 0.6758823529411765 0.5723849372384937 0.1988235294117647 0.01506276150627615