0 0.5 0.053297199638663056 0.6423529411764706 0.016260162601626018
0 0.5 0.12556458897922312 0.28352941176470586 0.016260162601626018
2 0.11294117647058824 0.20776874435411022 0.10823529411764705 0.018066847335140017
3 0.2088235294117647 0.20596205962059622 0.04823529411764706 0.014453477868112014
2 0.11352941176470588 0.2506775067750677 0.10941176470588235 0.013550135501355014
3 0.2817647058823529 0.25383920505871727 0.19176470588235295 0.01987353206865402
2 0.5205882352941177 0.2529358626919603 0.09294117647058824 0.018066847335140017
3 0.6129411764705882 0.25158084914182477 0.05647058823529412 0.015356820234869015
2 0.11352941176470588 0.2958446251129178 0.10941176470588235 0.013550135501355014
3 0.28823529411764703 0.3008130081300813 0.20470588235294118 0.023486901535682024
2 0.08294117647058824 0.34327009936766034 0.04823529411764706 0.018066847335140017
3 0.15058823529411763 0.34191508581752483 0.05176470588235294 0.015356820234869015
2 0.49529411764705883 0.34372177055103886 0.16470588235294117 0.018970189701897018
3 0.6347058823529412 0.34417344173441733 0.07882352941176471 0.01987353206865402
2 0.10882352941176471 0.4046973803071364 0.1 0.014453477868112014
5 0.24705882352941178 0.4110207768744354 0.023529411764705882 0.018066847335140017
2 0.29705882352941176 0.4042457091237579 0.052941176470588235 0.013550135501355014
4 0.4235294117647059 0.4110207768744354 0.023529411764705882 0.018066847335140017
2 0.46352941176470586 0.4042457091237579 0.03294117647058824 0.013550135501355014
1 0.2605882352941176 0.4598012646793135 0.40352941176470586 0.016260162601626018
2 0.6670588235294118 0.506323396567299 0.15764705882352942 0.018970189701897018
1 0.6758823529411765 0.5275519421860885 0.1988235294117647 0.016260162601626018