0 0.5 0.049166666666666664 0.6423529411764706 0.015
0 0.5 0.11583333333333333 0.2647058823529412 0.015
2 0.10529411764705883 0.19166666666666668 0.09294117647058824 0.016666666666666666
3 0.1864705882352941 0.19125 0.03411764705882353 0.015833333333333335
2 0.49941176470588233 0.19 0.08352941176470588 0.013333333333333334
3 0.5847058823529412 0.19041666666666668 0.05176470588235294 0.014166666666666666
2 0.09294117647058824 0.23375 0.06823529411764706 0.0175
3 0.17058823529411765 0.23208333333333334 0.05176470588235294 0.014166666666666666
2 0.10058823529411764 0.2733333333333333 0.08352941176470588 0.013333333333333334
3 0.17411764705882352 0.27375 0.02823529411764706 0.014166666666666666
2 0.11352941176470588 0.3145833333333333 0.10941176470588235 0.0125
3 0.2635294117647059 0.31708333333333333 0.15529411764705883 0.0175
2 0.10882352941176471 0.37333333333333335 0.1 0.013333333333333334
4 0.24705882352941178 0.37916666666666665 0.023529411764705882 0.016666666666666666
2 0.29705882352941176 0.3729166666666667 0.052941176470588235 0.0125
5 0.4235294117647059 0.37916666666666665 0.023529411764705882 0.016666666666666666
2 0.46352941176470586 0.3729166666666667 0.03294117647058824 0.0125
1 0.2605882352941176 0.4241666666666667 0.40352941176470586 0.015
2 0.6670588235294118 0.46708333333333335 0.15764705882352942 0.0175
1 0.6758823529411765 0.4866666666666667 0.1988235294117647 0.015