0 0.5 0.0575609756097561 0.6423529411764706 0.0175609756097561
0 0.5 0.1351219512195122 0.23294117647058823 0.016585365853658537
2 0.10058823529411764 0.2224390243902439 0.08352941176470588 0.015609756097560976
3 0.19058823529411764 0.2248780487804878 0.0611764705882353 0.02048780487804878
2 0.09058823529411765 0.2707317073170732 0.06352941176470588 0.014634146341463415
2 0.46 0.2707317073170732 0.06352941176470588 0.014634146341463415
3 0.5441176470588235 0.2736585365853659 0.06941176470588235 0.02048780487804878
2 0.09058823529411765 0.3195121951219512 0.06352941176470588 0.014634146341463415
3 0.17470588235294118 0.3224390243902439 0.06941176470588235 0.02048780487804878
2 0.46 0.3195121951219512 0.06352941176470588 0.014634146341463415
2 0.11352941176470588 0.36829268292682926 0.10941176470588235 0.014634146341463415
3 0.2723529411764706 0.37365853658536585 0.17294117647058824 0.025365853658536587
2 0.09058823529411765 0.4170731707317073 0.06352941176470588 0.014634146341463415
3 0.16294117647058823 0.4175609756097561 0.04588235294117647 0.015609756097560976
2 0.10529411764705883 0.4682926829268293 0.09294117647058824 0.01951219512195122
3 0.19294117647058823 0.468780487804878 0.047058823529411764 0.02048780487804878
2 0.48176470588235293 0.4682926829268293 0.04823529411764706 0.01951219512195122
3 0.54 0.468780487804878 0.03294117647058824 0.02048780487804878
2 0.10882352941176471 0.5346341463414634 0.1 0.015609756097560976
4 0.24705882352941178 0.5414634146341464 0.023529411764705882 0.01951219512195122
2 0.29705882352941176 0.5341463414634147 0.052941176470588235 0.014634146341463415
5 0.4235294117647059 0.5414634146341464 0.023529411764705882 0.01951219512195122
2 0.46352941176470586 0.5341463414634147 0.03294117647058824 0.014634146341463415
1 0.2605882352941176 0.5941463414634146 0.40352941176470586 0.0175609756097561
2 0.6670588235294118 0.644390243902439 0.15764705882352942 0.02048780487804878
1 0.6758823529411765 0.6673170731707317 0.1988235294117647 0.0175609756097561