0 0.5 0.049789029535864976 0.6423529411764706 0.015189873417721518
0 0.5 0.11687763713080168 0.24941176470588236 0.014345991561181435
2 0.1411764705882353 0.19451476793248945 0.16470588235294117 0.017721518987341773
2 0.1411764705882353 0.23670886075949368 0.16470588235294117 0.017721518987341773
2 0.5711764705882353 0.23459915611814347 0.08352941176470588 0.01350210970464135
2 0.10058823529411764 0.2767932489451477 0.08352941176470588 0.01350210970464135
2 0.10058823529411764 0.3189873417721519 0.08352941176470588 0.01350210970464135
2 0.49 0.3189873417721519 0.08352941176470588 0.01350210970464135
2 0.1411764705882353 0.3632911392405063 0.16470588235294117 0.017721518987341773
2 0.10529411764705883 0.4050632911392405 0.09294117647058824 0.016877637130801686
2 0.4894117647058824 0.4029535864978903 0.06352941176470588 0.012658227848101266
2 0.10882352941176471 0.46244725738396625 0.1 0.01350210970464135
4 0.24705882352941178 0.46835443037974683 0.023529411764705882 0.016877637130801686
2 0.29705882352941176 0.4620253164556962 0.052941176470588235 0.012658227848101266
4 0.4235294117647059 0.46835443037974683 0.023529411764705882 0.016877637130801686
2 0.46352941176470586 0.4620253164556962 0.03294117647058824 0.012658227848101266
1 0.2605882352941176 0.5139240506329114 0.40352941176470586 0.015189873417721518
2 0.6670588235294118 0.5573839662447257 0.15764705882352942 0.017721518987341773
1 0.6758823529411765 0.5772151898734177 0.1988235294117647 0.015189873417721518