0 0.5 0.05722599418040737 0.6423529411764706 0.01745877788554801
0 0.5 0.13433559650824442 0.23294117647058823 0.016488845780795344
2 0.09294117647058824 0.22356935014548981 0.06823529411764706 0.020368574199806012
2 0.10058823529411764 0.2696411251212415 0.08352941176470588 0.015518913676042677
2 0.10058823529411764 0.3181377303588749 0.08352941176470588 0.015518913676042677
3 0.17705882352941177 0.3195926285160039 0.03411764705882353 0.01842870999030068
2 0.10529411764705883 0.3685741998060136 0.09294117647058824 0.019398642095053348
2 0.11294117647058824 0.41707080504364696 0.10823529411764705 0.019398642095053348
3 0.2011764705882353 0.4151309408341416 0.03294117647058824 0.015518913676042677
2 0.4970588235294118 0.41707080504364696 0.04823529411764706 0.019398642095053348
2 0.08294117647058824 0.4655674102812803 0.04823529411764706 0.019398642095053348
2 0.10882352941176471 0.5315227934044617 0.1 0.015518913676042677
5 0.24705882352941178 0.5383123181377304 0.023529411764705882 0.019398642095053348
2 0.29705882352941176 0.5310378273520854 0.052941176470588235 0.014548981571290009
4 0.4235294117647059 0.5383123181377304 0.023529411764705882 0.019398642095053348
2 0.46352941176470586 0.5310378273520854 0.03294117647058824 0.014548981571290009
1 0.2605882352941176 0.5906886517943744 0.40352941176470586 0.01745877788554801
2 0.6670588235294118 0.6406401551891368 0.15764705882352942 0.020368574199806012
1 0.6758823529411765 0.6634335596508244 0.1988235294117647 0.01745877788554801