0 0.5 0.0511265164644714 0.6423529411764706 0.01559792027729636
0 0.5 0.12045060658578856 0.2647058823529412 0.01559792027729636
2 0.08294117647058824 0.19930675909878684 0.04823529411764706 0.01733102253032929
3 0.14470588235294118 0.19800693240901213 0.04 0.014731369150779897
2 0.09058823529411765 0.2404679376083189 0.06352941176470588 0.012998266897746967
3 0.16294117647058823 0.24090121317157712 0.04588235294117647 0.01386481802426343
2 0.10058823529411764 0.28422876949740034 0.08352941176470588 0.01386481802426343
3 0.19470588235294117 0.28639514731369153 0.06941176470588235 0.018197573656845753
2 0.09058823529411765 0.32712305025996535 0.06352941176470588 0.012998266897746967
3 0.16176470588235295 0.3279896013864818 0.04352941176470588 0.014731369150779897
2 0.09058823529411765 0.37045060658578854 0.06352941176470588 0.012998266897746967
3 0.15411764705882353 0.371317157712305 0.02823529411764706 0.014731369150779897
2 0.1411764705882353 0.41637781629116116 0.16470588235294117 0.018197573656845753
3 0.2782352941176471 0.4168110918544194 0.07411764705882352 0.019064124783362217
2 0.5835294117647059 0.41594454072790293 0.10823529411764705 0.01733102253032929
3 0.6829411764705883 0.41637781629116116 0.05529411764705883 0.018197573656845753
2 0.10882352941176471 0.4748700173310225 0.1 0.01386481802426343
5 0.24705882352941178 0.4809358752166378 0.023529411764705882 0.01733102253032929
2 0.29705882352941176 0.4744367417677643 0.052941176470588235 0.012998266897746967
4 0.4235294117647059 0.4809358752166378 0.023529411764705882 0.01733102253032929
2 0.46352941176470586 0.4744367417677643 0.03294117647058824 0.012998266897746967
1 0.2605882352941176 0.5277296360485269 0.40352941176470586 0.01559792027729636
2 0.6670588235294118 0.5723570190641247 0.15764705882352942 0.018197573656845753
1 0.6758823529411765 0.5927209705372617 0.1988235294117647 0.01559792027729636