0 0.5 0.0576171875 0.6423529411764706 0.017578125
0 0.5 0.1357421875 0.2647058823529412 0.017578125
2 0.09058823529411765 0.22216796875 0.06352941176470588 0.0146484375
3 0.17058823529411765 0.22509765625 0.0611764705882353 0.0205078125
2 0.09058823529411765 0.27099609375 0.06352941176470588 0.0146484375
3 0.16470588235294117 0.271484375 0.04941176470588235 0.015625
2 0.1411764705882353 0.32275390625 0.16470588235294117 0.0205078125
3 0.2647058823529412 0.32275390625 0.047058823529411764 0.0205078125
2 0.611764705882353 0.32275390625 0.16470588235294117 0.0205078125
3 0.7423529411764705 0.32275390625 0.0611764705882353 0.0205078125
2 0.09058823529411765 0.36865234375 0.06352941176470588 0.0146484375
3 0.16941176470588235 0.36962890625 0.058823529411764705 0.0166015625
2 0.46 0.36865234375 0.06352941176470588 0.0146484375
3 0.5258823529411765 0.369140625 0.03294117647058824 0.015625
2 0.10529411764705883 0.419921875 0.09294117647058824 0.01953125
3 0.2011764705882353 0.41943359375 0.06352941176470588 0.0185546875
2 0.49176470588235294 0.42041015625 0.06823529411764706 0.0205078125
3 0.5694117647058824 0.41845703125 0.05176470588235294 0.0166015625
2 0.11294117647058824 0.46875 0.10823529411764705 0.01953125
3 0.20411764705882354 0.46875 0.03882352941176471 0.01953125
2 0.10882352941176471 0.53515625 0.1 0.015625
5 0.24705882352941178 0.5419921875 0.023529411764705882 0.01953125
2 0.29705882352941176 0.53466796875 0.052941176470588235 0.0146484375
4 0.4235294117647059 0.5419921875 0.023529411764705882 0.01953125
2 0.46352941176470586 0.53466796875 0.03294117647058824 0.0146484375
1 0.2605882352941176 0.5947265625 0.40352941176470586 0.017578125
2 0.6670588235294118 0.64501953125 0.15764705882352942 0.0205078125
1 0.6758823529411765 0.66796875 0.1988235294117647 0.017578125