0 0.5 0.056676272814601344 0.6423529411764706 0.01729106628242075
0 0.5 0.1335254562920269 0.30470588235294116 0.01729106628242075
2 0.09058823529411765 0.21853986551392893 0.06352941176470588 0.01440922190201729
2 0.5105882352941177 0.22142170989433238 0.16470588235294117 0.020172910662824207
2 0.10058823529411764 0.2670509125840538 0.08352941176470588 0.01536983669548511
2 0.4823529411764706 0.26945244956772335 0.06823529411764706 0.020172910662824207
2 0.1411764705882353 0.3174831892411143 0.16470588235294117 0.020172910662824207
2 0.09294117647058824 0.3655139289145053 0.06823529411764706 0.020172910662824207
2 0.09058823529411765 0.4106628242074928 0.06352941176470588 0.01440922190201729
2 0.10058823529411764 0.45917387127761766 0.08352941176470588 0.01536983669548511
2 0.49 0.45917387127761766 0.08352941176470588 0.01536983669548511
2 0.10882352941176471 0.526416906820365 0.1 0.01536983669548511
4 0.24705882352941178 0.5331412103746398 0.023529411764705882 0.01921229586935639
2 0.29705882352941176 0.5259365994236311 0.052941176470588235 0.01440922190201729
4 0.4235294117647059 0.5331412103746398 0.023529411764705882 0.01921229586935639
2 0.46352941176470586 0.5259365994236311 0.03294117647058824 0.01440922190201729
1 0.2605882352941176 0.5850144092219021 0.40352941176470586 0.01729106628242075
2 0.6670588235294118 0.6344860710854947 0.15764705882352942 0.020172910662824207
1 0.6758823529411765 0.6570605187319885 0.1988235294117647 0.01729106628242075