0 0.5 0.05818540433925049 0.6423529411764706 0.01775147928994083
0 0.5 0.13708086785009863 0.30470588235294116 0.01775147928994083
2 0.10058823529411764 0.22485207100591717 0.08352941176470588 0.015779092702169626
3 0.17529411764705882 0.22485207100591717 0.03058823529411765 0.015779092702169626
2 0.49 0.22485207100591717 0.08352941176470588 0.015779092702169626
3 0.571764705882353 0.22485207100591717 0.04470588235294118 0.015779092702169626
2 0.09294117647058824 0.27662721893491127 0.06823529411764706 0.020710059171597635
3 0.1588235294117647 0.27416173570019725 0.02823529411764706 0.015779092702169626
2 0.11294117647058824 0.3254437869822485 0.10823529411764705 0.01972386587771203
3 0.20176470588235293 0.3234714003944773 0.03411764705882353 0.015779092702169626
2 0.5147058823529411 0.3234714003944773 0.08352941176470588 0.015779092702169626
3 0.5905882352941176 0.3259368836291913 0.03294117647058824 0.020710059171597635
2 0.08294117647058824 0.3747534516765286 0.04823529411764706 0.01972386587771203
3 0.16 0.3777120315581854 0.07058823529411765 0.02564102564102564
2 0.4370588235294118 0.3747534516765286 0.04823529411764706 0.01972386587771203
3 0.4988235294117647 0.3752465483234714 0.04 0.020710059171597635
2 0.10882352941176471 0.4418145956607495 0.1 0.015779092702169626
5 0.24705882352941178 0.44871794871794873 0.023529411764705882 0.01972386587771203
2 0.29705882352941176 0.4413214990138067 0.052941176470588235 0.014792899408284023
4 0.4235294117647059 0.44871794871794873 0.023529411764705882 0.01972386587771203
2 0.46352941176470586 0.4413214990138067 0.03294117647058824 0.014792899408284023
1 0.2605882352941176 0.5019723865877712 0.40352941176470586 0.01775147928994083
2 0.6670588235294118 0.5527613412228797 0.15764705882352942 0.020710059171597635
1 0.6758823529411765 0.5759368836291914 0.1988235294117647 0.01775147928994083