0 0.5 0.051573426573426576 0.6423529411764706 0.015734265734265736
0 0.5 0.12106643356643357 0.24941176470588236 0.01486013986013986
2 0.10529411764705883 0.20104895104895104 0.09294117647058824 0.017482517482517484
2 0.4894117647058824 0.19886363636363635 0.06352941176470588 0.013111888111888112
2 0.09058823529411765 0.24256993006993008 0.06352941176470588 0.013111888111888112
2 0.4823529411764706 0.24475524475524477 0.10823529411764705 0.017482517482517484
2 0.10529411764705883 0.28846153846153844 0.09294117647058824 0.017482517482517484
2 0.49941176470588233 0.2867132867132867 0.08352941176470588 0.013986013986013986
2 0.08294117647058824 0.3321678321678322 0.04823529411764706 0.017482517482517484
2 0.10529411764705883 0.3758741258741259 0.09294117647058824 0.017482517482517484
2 0.10882352941176471 0.4353146853146853 0.1 0.013986013986013986
4 0.24705882352941178 0.44143356643356646 0.023529411764705882 0.017482517482517484
2 0.29705882352941176 0.4348776223776224 0.052941176470588235 0.013111888111888112
4 0.4235294117647059 0.44143356643356646 0.023529411764705882 0.017482517482517484
2 0.46352941176470586 0.4348776223776224 0.03294117647058824 0.013111888111888112
1 0.2605882352941176 0.48863636363636365 0.40352941176470586 0.015734265734265736
2 0.6670588235294118 0.5336538461538461 0.15764705882352942 0.018356643356643356
1 0.6758823529411765 0.5541958041958042 0.1988235294117647 0.015734265734265736