0 0.5 0.05184534270650264 0.6423529411764706 0.015817223198594025
0 0.5 0.12214411247803164 0.30470588235294116 0.015817223198594025
2 0.08294117647058824 0.20210896309314588 0.04823529411764706 0.01757469244288225
2 0.09058823529411765 0.2438488576449912 0.06352941176470588 0.013181019332161687
3 0.17941176470588235 0.2469244288224956 0.07882352941176471 0.019332161687170474
2 0.09294117647058824 0.29042179261862916 0.06823529411764706 0.01845342706502636
2 0.11352941176470588 0.3317223198594025 0.10941176470588235 0.013181019332161687
3 0.29823529411764704 0.3347978910369069 0.22470588235294117 0.019332161687170474
2 0.09294117647058824 0.37829525483304044 0.06823529411764706 0.01845342706502636
3 0.17470588235294118 0.37741652021089633 0.06 0.016695957820738138
2 0.10882352941176471 0.437609841827768 0.1 0.014059753954305799
4 0.24705882352941178 0.4437609841827768 0.023529411764705882 0.01757469244288225
2 0.29705882352941176 0.43717047451669594 0.052941176470588235 0.013181019332161687
5 0.4235294117647059 0.4437609841827768 0.023529411764705882 0.01757469244288225
2 0.46352941176470586 0.43717047451669594 0.03294117647058824 0.013181019332161687
1 0.2605882352941176 0.4912126537785589 0.40352941176470586 0.015817223198594025
2 0.6670588235294118 0.5364674868189807 0.15764705882352942 0.01845342706502636
1 0.6758823529411765 0.5571177504393673 0.1988235294117647 0.015817223198594025