0 0.5 0.05025553662691652 0.6423529411764706 0.015332197614991482
0 0.5 0.11839863713798977 0.28352941176470586 0.015332197614991482
2 0.1411764705882353 0.19633730834752983 0.16470588235294117 0.01788756388415673
3 0.27588235294117647 0.19633730834752983 0.06941176470588235 0.01788756388415673
2 0.611764705882353 0.19633730834752983 0.16470588235294117 0.01788756388415673
3 0.7270588235294118 0.19420783645655879 0.03058823529411765 0.013628620102214651
2 0.11352941176470588 0.23637137989778534 0.10941176470588235 0.012776831345826235
3 0.2852941176470588 0.2393526405451448 0.1988235294117647 0.018739352640545145
2 0.10058823529411764 0.27938671209540034 0.08352941176470588 0.013628620102214651
3 0.1811764705882353 0.27938671209540034 0.042352941176470586 0.013628620102214651
2 0.09058823529411765 0.3215502555366269 0.06352941176470588 0.012776831345826235
3 0.16647058823529412 0.3219761499148211 0.052941176470588235 0.013628620102214651
2 0.1411764705882353 0.3666950596252129 0.16470588235294117 0.01788756388415673
3 0.2647058823529412 0.3666950596252129 0.047058823529411764 0.01788756388415673
2 0.09058823529411765 0.4067291311754685 0.06352941176470588 0.012776831345826235
3 0.16 0.4075809199318569 0.04 0.014480408858603067
2 0.10882352941176471 0.46678023850085176 0.1 0.013628620102214651
5 0.24705882352941178 0.4727427597955707 0.023529411764705882 0.017035775127768313
2 0.29705882352941176 0.4663543441226576 0.052941176470588235 0.012776831345826235
4 0.4235294117647059 0.4727427597955707 0.023529411764705882 0.017035775127768313
2 0.46352941176470586 0.4663543441226576 0.03294117647058824 0.012776831345826235
1 0.2605882352941176 0.5187393526405452 0.40352941176470586 0.015332197614991482
2 0.6670588235294118 0.5626064735945485 0.15764705882352942 0.01788756388415673
1 0.6758823529411765 0.5826235093696763 0.1988235294117647 0.015332197614991482