0 0.5 0.05473098330241188 0.6423529411764706 0.016697588126159554
0 0.5 0.1284786641929499 0.24941176470588236 0.015769944341372914
2 0.09294117647058824 0.21382189239332097 0.06823529411764706 0.01948051948051948
2 0.11352941176470588 0.25742115027829315 0.10941176470588235 0.013914656771799629
2 0.1411764705882353 0.30658627087198514 0.16470588235294117 0.01948051948051948
2 0.1411764705882353 0.3529684601113173 0.16470588235294117 0.01948051948051948
2 0.11294117647058824 0.39888682745825604 0.10823529411764705 0.01855287569573284
3 0.21941176470588236 0.39935064935064934 0.06941176470588235 0.01948051948051948
2 0.09058823529411765 0.4429499072356215 0.06352941176470588 0.013914656771799629
3 0.16588235294117648 0.44387755102040816 0.05176470588235294 0.015769944341372914
2 0.10882352941176471 0.5083487940630798 0.1 0.014842300556586271
4 0.24705882352941178 0.5148423005565863 0.023529411764705882 0.01855287569573284
2 0.29705882352941176 0.5078849721706865 0.052941176470588235 0.013914656771799629
5 0.4235294117647059 0.5148423005565863 0.023529411764705882 0.01855287569573284
2 0.46352941176470586 0.5078849721706865 0.03294117647058824 0.013914656771799629
1 0.2605882352941176 0.564935064935065 0.40352941176470586 0.016697588126159554
2 0.6670588235294118 0.612708719851577 0.15764705882352942 0.01948051948051948
1 0.6758823529411765 0.634508348794063 0.1988235294117647 0.016697588126159554