0 0.5 0.054528650646950096 0.6423529411764706 0.0166358595194085
0 0.5 0.128003696857671 0.24941176470588236 0.015711645101663587
2 0.08294117647058824 0.21256931608133087 0.04823529411764706 0.018484288354898338
2 0.09294117647058824 0.2592421441774492 0.06823529411764706 0.019408502772643253
2 0.09294117647058824 0.305452865064695 0.06823529411764706 0.019408502772643253
2 0.4647058823529412 0.30268022181146026 0.06352941176470588 0.013863216266173753
2 0.10529411764705883 0.3512014787430684 0.09294117647058824 0.018484288354898338
3 0.19411764705882353 0.34935304990757854 0.04941176470588235 0.014787430683918669
2 0.09058823529411765 0.39510166358595195 0.06352941176470588 0.013863216266173753
3 0.16 0.3978743068391867 0.04 0.019408502772643253
2 0.10529411764705883 0.4436229205175601 0.09294117647058824 0.018484288354898338
3 0.1952941176470588 0.4422365988909427 0.05176470588235294 0.015711645101663587
2 0.10882352941176471 0.5064695009242144 0.1 0.014787430683918669
4 0.24705882352941178 0.5129390018484289 0.023529411764705882 0.018484288354898338
2 0.29705882352941176 0.506007393715342 0.052941176470588235 0.013863216266173753
5 0.4235294117647059 0.5129390018484289 0.023529411764705882 0.018484288354898338
2 0.46352941176470586 0.506007393715342 0.03294117647058824 0.013863216266173753
1 0.2605882352941176 0.5628465804066544 0.40352941176470586 0.0166358595194085
2 0.6670588235294118 0.6104436229205176 0.15764705882352942 0.019408502772643253
1 0.6758823529411765 0.6321626617375231 0.1988235294117647 0.0166358595194085