0 0.5 0.0552434456928839 0.6423529411764706 0.016853932584269662
0 0.5 0.1301498127340824 0.28352941176470586 0.016853932584269662
2 0.11352941176470588 0.21301498127340823 0.10941176470588235 0.014044943820224719
3 0.27294117647058824 0.21582397003745318 0.17411764705882352 0.019662921348314606
2 0.09058823529411765 0.2598314606741573 0.06352941176470588 0.014044943820224719
3 0.16 0.2607677902621723 0.04 0.015917602996254682
2 0.09058823529411765 0.30664794007490637 0.06352941176470588 0.014044943820224719
3 0.15941176470588236 0.3089887640449438 0.03882352941176471 0.018726591760299626
2 0.5105882352941177 0.3094569288389513 0.16470588235294117 0.019662921348314606
3 0.6270588235294118 0.30711610486891383 0.03294117647058824 0.0149812734082397
2 0.1411764705882353 0.3562734082397004 0.16470588235294117 0.019662921348314606
3 0.26294117647058823 0.3544007490636704 0.04352941176470588 0.015917602996254682
2 0.09058823529411765 0.4002808988764045 0.06352941176470588 0.014044943820224719
3 0.17941176470588235 0.4035580524344569 0.07882352941176471 0.020599250936329586
2 0.10058823529411764 0.44756554307116103 0.08352941176470588 0.0149812734082397
3 0.18176470588235294 0.44803370786516855 0.04352941176470588 0.015917602996254682
2 0.48 0.44709737827715357 0.06352941176470588 0.014044943820224719
3 0.5435294117647059 0.44803370786516855 0.02823529411764706 0.015917602996254682
2 0.10882352941176471 0.5131086142322098 0.1 0.0149812734082397
4 0.24705882352941178 0.5196629213483146 0.023529411764705882 0.018726591760299626
2 0.29705882352941176 0.5126404494382022 0.052941176470588235 0.014044943820224719
5 0.4235294117647059 0.5196629213483146 0.023529411764705882 0.018726591760299626
2 0.46352941176470586 0.5126404494382022 0.03294117647058824 0.014044943820224719
1 0.2605882352941176 0.5702247191011236 0.40352941176470586 0.016853932584269662
2 0.6670588235294118 0.6184456928838952 0.15764705882352942 0.019662921348314606
1 0.6758823529411765 0.6404494382022472 0.1988235294117647 0.016853932584269662