0 0.5 0.049747048903878585 0.6423529411764706 0.01517706576728499
0 0.5 0.11677908937605397 0.23294117647058823 0.01433389544688027
2 0.09294117647058824 0.19435075885328837 0.06823529411764706 0.01770657672849916
3 0.16117647058823528 0.19224283305227655 0.03294117647058824 0.013490725126475547
2 0.09058823529411765 0.2339797639123103 0.06352941176470588 0.012647554806070826
3 0.1623529411764706 0.234822934232715 0.04470588235294118 0.01433389544688027
2 0.48294117647058826 0.2339797639123103 0.10941176470588235 0.012647554806070826
3 0.6129411764705882 0.23650927487352444 0.11529411764705882 0.01770657672849916
2 0.1411764705882353 0.27866779089376054 0.16470588235294117 0.01770657672849916
3 0.2782352941176471 0.2790893760539629 0.07411764705882352 0.01854974704890388
2 0.5535294117647059 0.2782462057335582 0.04823529411764706 0.016863406408094434
3 0.611764705882353 0.2765598650927487 0.03294117647058824 0.013490725126475547
2 0.08294117647058824 0.32040472175379425 0.04823529411764706 0.016863406408094434
3 0.15411764705882353 0.3191399662731872 0.058823529411764705 0.01433389544688027
2 0.11294117647058824 0.3625632377740304 0.10823529411764705 0.016863406408094434
3 0.2011764705882353 0.36298482293423273 0.03294117647058824 0.01770657672849916
2 0.10882352941176471 0.41989881956155145 0.1 0.013490725126475547
4 0.24705882352941178 0.4258010118043845 0.023529411764705882 0.016863406408094434
2 0.29705882352941176 0.4194772344013491 0.052941176470588235 0.012647554806070826
5 0.4235294117647059 0.4258010118043845 0.023529411764705882 0.016863406408094434
2 0.46352941176470586 0.4194772344013491 0.03294117647058824 0.012647554806070826
1 0.2605882352941176 0.47133220910623946 0.40352941176470586 0.01517706576728499
2 0.6670588235294118 0.5147554806070826 0.15764705882352942 0.01770657672849916
1 0.6758823529411765 0.5345699831365935 0.1988235294117647 0.01517706576728499