0 0.5 0.05099394987035436 0.6423529411764706 0.015557476231633534
0 0.5 0.12013828867761452 0.30470588235294116 0.015557476231633534
2 0.10058823529411764 0.19706136560069146 0.08352941176470588 0.013828867761452032
2 0.10529411764705883 0.24200518582541056 0.09294117647058824 0.01728608470181504
2 0.09058823529411765 0.28305963699222125 0.06352941176470588 0.01296456352636128
2 0.10058823529411764 0.3267070008643042 0.08352941176470588 0.013828867761452032
2 0.11352941176470588 0.36949006050129646 0.10941176470588235 0.01296456352636128
2 0.10882352941176471 0.43042350907519444 0.1 0.013828867761452032
4 0.24705882352941178 0.4364736387208297 0.023529411764705882 0.01728608470181504
2 0.29705882352941176 0.4299913569576491 0.052941176470588235 0.01296456352636128
4 0.4235294117647059 0.4364736387208297 0.023529411764705882 0.01728608470181504
2 0.46352941176470586 0.4299913569576491 0.03294117647058824 0.01296456352636128
1 0.2605882352941176 0.48314606741573035 0.40352941176470586 0.015557476231633534
2 0.6670588235294118 0.5276577355229041 0.15764705882352942 0.018150388936905792
1 0.6758823529411765 0.5479688850475367 0.1988235294117647 0.015557476231633534