0 0.5 0.05888223552894212 0.6423529411764706 0.017964071856287425
0 0.5 0.13872255489021956 0.2647058823529412 0.017964071856287425
2 0.10058823529411764 0.2275449101796407 0.08352941176470588 0.015968063872255488
3 0.18294117647058825 0.2275449101796407 0.04588235294117647 0.015968063872255488
2 0.4823529411764706 0.23003992015968064 0.06823529411764706 0.020958083832335328
3 0.5688235294117647 0.23003992015968064 0.06941176470588235 0.020958083832335328
2 0.11352941176470588 0.27694610778443113 0.10941176470588235 0.014970059880239521
3 0.25941176470588234 0.27944111776447106 0.14705882352941177 0.01996007984031936
2 0.08294117647058824 0.32934131736526945 0.04823529411764706 0.01996007984031936
3 0.1388235294117647 0.3273453093812375 0.02823529411764706 0.015968063872255488
2 0.10058823529411764 0.3772455089820359 0.08352941176470588 0.015968063872255488
3 0.18176470588235294 0.3777445109780439 0.04352941176470588 0.016966067864271458
2 0.10882352941176471 0.4471057884231537 0.1 0.015968063872255488
4 0.24705882352941178 0.4540918163672655 0.023529411764705882 0.01996007984031936
2 0.29705882352941176 0.4466067864271457 0.052941176470588235 0.014970059880239521
5 0.4235294117647059 0.4540918163672655 0.023529411764705882 0.01996007984031936
2 0.46352941176470586 0.4466067864271457 0.03294117647058824 0.014970059880239521
1 0.2605882352941176 0.5079840319361277 0.40352941176470586 0.017964071856287425
2 0.6670588235294118 0.5593812375249501 0.15764705882352942 0.020958083832335328
1 0.6758823529411765 0.5828343313373253 0.1988235294117647 0.017964071856287425