0 0.5 0.058070866141732284 0.6423529411764706 0.017716535433070866
0 0.5 0.13631889763779528 0.23294117647058823 0.01673228346456693
2 0.11294117647058824 0.2263779527559055 0.10823529411764705 0.01968503937007874
2 0.10529411764705883 0.2755905511811024 0.09294117647058824 0.01968503937007874
3 0.19294117647058823 0.27608267716535434 0.047058823529411764 0.02066929133858268
2 0.54 0.27608267716535434 0.16470588235294117 0.02066929133858268
2 0.09058823529411765 0.32234251968503935 0.06352941176470588 0.014763779527559055
2 0.09294117647058824 0.37450787401574803 0.06823529411764706 0.02066929133858268
2 0.11294117647058824 0.42322834645669294 0.10823529411764705 0.01968503937007874
3 0.1988235294117647 0.421751968503937 0.02823529411764706 0.01673228346456693
2 0.10882352941176471 0.49015748031496065 0.1 0.015748031496062992
5 0.24705882352941178 0.4970472440944882 0.023529411764705882 0.01968503937007874
2 0.29705882352941176 0.4896653543307087 0.052941176470588235 0.014763779527559055
4 0.4235294117647059 0.4970472440944882 0.023529411764705882 0.01968503937007874
2 0.46352941176470586 0.4896653543307087 0.03294117647058824 0.014763779527559055
1 0.2605882352941176 0.5501968503937008 0.40352941176470586 0.017716535433070866
2 0.6670588235294118 0.6008858267716536 0.15764705882352942 0.02066929133858268
1 0.6758823529411765 0.6240157480314961 0.1988235294117647 0.017716535433070866