0 0.5 0.051709027169149865 0.6423529411764706 0.015775635407537247
0 0.5 0.12182296231375986 0.28352941176470586 0.015775635407537247
2 0.11294117647058824 0.20157756354075373 0.10823529411764705 0.017528483786152498
2 0.11352941176470588 0.2432077125328659 0.10941176470588235 0.013146362839614373
2 0.508235294117647 0.24583698510078877 0.06823529411764706 0.018404907975460124
2 0.08294117647058824 0.2892199824715162 0.04823529411764706 0.017528483786152498
3 0.1476470588235294 0.287467134092901 0.04588235294117647 0.014022787028921999
2 0.4676470588235294 0.28702892199824714 0.10941176470588235 0.013146362839614373
2 0.11294117647058824 0.33304119193689746 0.10823529411764705 0.017528483786152498
3 0.20176470588235293 0.3312883435582822 0.03411764705882353 0.014022787028921999
2 0.10882352941176471 0.39263803680981596 0.1 0.014022787028921999
5 0.24705882352941178 0.3987730061349693 0.023529411764705882 0.017528483786152498
2 0.29705882352941176 0.3921998247151621 0.052941176470588235 0.013146362839614373
4 0.4235294117647059 0.3987730061349693 0.023529411764705882 0.017528483786152498
2 0.46352941176470586 0.3921998247151621 0.03294117647058824 0.013146362839614373
1 0.2605882352941176 0.44609991235758106 0.40352941176470586 0.015775635407537247
2 0.6670588235294118 0.49123575810692377 0.15764705882352942 0.018404907975460124
1 0.6758823529411765 0.5118317265556529 0.1988235294117647 0.015775635407537247