0 0.5 0.05029838022165388 0.6423529411764706 0.015345268542199489
0 0.5 0.11807331628303495 0.24941176470588236 0.014492753623188406
2 0.09058823529411765 0.1939471440750213 0.06352941176470588 0.01278772378516624
3 0.16470588235294117 0.19437340153452684 0.04941176470588235 0.013640238704177323
2 0.11352941176470588 0.23657289002557544 0.10941176470588235 0.01278772378516624
3 0.28411764705882353 0.2391304347826087 0.19647058823529412 0.017902813299232736
2 0.10529411764705883 0.2813299232736573 0.09294117647058824 0.017050298380221655
3 0.1923529411764706 0.2796248934356351 0.04588235294117647 0.013640238704177323
2 0.10058823529411764 0.32225063938618925 0.08352941176470588 0.013640238704177323
2 0.10882352941176471 0.38192668371696503 0.1 0.013640238704177323
5 0.24705882352941178 0.3878942881500426 0.023529411764705882 0.017050298380221655
2 0.29705882352941176 0.3815004262574595 0.052941176470588235 0.01278772378516624
4 0.4235294117647059 0.3878942881500426 0.023529411764705882 0.017050298380221655
2 0.46352941176470586 0.3815004262574595 0.03294117647058824 0.01278772378516624
1 0.2605882352941176 0.4339300937766411 0.40352941176470586 0.015345268542199489
2 0.6670588235294118 0.4778346121057119 0.15764705882352942 0.017902813299232736
1 0.6758823529411765 0.4978687127024723 0.1988235294117647 0.015345268542199489