0 0.5 0.04945515507124895 0.6423529411764706 0.015088013411567477
0 0.5 0.11609388097233864 0.23294117647058823 0.014249790444258172
2 0.10058823529411764 0.19111483654652137 0.08352941176470588 0.013411567476948869
2 0.1411764705882353 0.23512154233025984 0.16470588235294117 0.01760268231349539
2 0.11294117647058824 0.2766135792120704 0.10823529411764705 0.016764459346186086
2 0.11294117647058824 0.31852472757753564 0.10823529411764705 0.016764459346186086
2 0.08294117647058824 0.36043587594300086 0.04823529411764706 0.016764459346186086
2 0.10882352941176471 0.41743503772003354 0.1 0.013411567476948869
4 0.24705882352941178 0.42330259849119867 0.023529411764705882 0.016764459346186086
2 0.29705882352941176 0.4170159262363789 0.052941176470588235 0.012573344509639563
4 0.4235294117647059 0.42330259849119867 0.023529411764705882 0.016764459346186086
2 0.46352941176470586 0.4170159262363789 0.03294117647058824 0.012573344509639563
1 0.2605882352941176 0.4685666387259011 0.40352941176470586 0.015088013411567477
2 0.6670588235294118 0.5117351215423303 0.15764705882352942 0.01760268231349539
1 0.6758823529411765 0.5314333612740989 0.1988235294117647 0.015088013411567477