0 0.5 0.05021276595744681 0.6423529411764706 0.015319148936170212
0 0.5 0.11787234042553192 0.24941176470588236 0.01446808510638298
2 0.09294117647058824 0.19617021276595745 0.06823529411764706 0.017872340425531916
3 0.16823529411764707 0.19531914893617022 0.047058823529411764 0.016170212765957447
2 0.08294117647058824 0.23829787234042554 0.04823529411764706 0.01702127659574468
3 0.14882352941176472 0.23659574468085107 0.04823529411764706 0.013617021276595745
2 0.4676470588235294 0.23617021276595745 0.10941176470588235 0.01276595744680851
3 0.6529411764705882 0.23914893617021277 0.22588235294117648 0.01872340425531915
2 0.09294117647058824 0.28127659574468084 0.06823529411764706 0.017872340425531916
3 0.18 0.2834042553191489 0.07058823529411765 0.022127659574468085
2 0.5152941176470588 0.28127659574468084 0.16470588235294117 0.017872340425531916
3 0.6352941176470588 0.2795744680851064 0.04 0.01446808510638298
2 0.11352941176470588 0.32127659574468087 0.10941176470588235 0.01276595744680851
3 0.2288235294117647 0.32382978723404254 0.08588235294117647 0.017872340425531916
2 0.5058823529411764 0.32127659574468087 0.06352941176470588 0.01276595744680851
3 0.5723529411764706 0.3229787234042553 0.03411764705882353 0.016170212765957447
2 0.09058823529411765 0.3638297872340426 0.06352941176470588 0.01276595744680851
3 0.15941176470588236 0.3659574468085106 0.03882352941176471 0.01702127659574468
2 0.48294117647058826 0.3638297872340426 0.10941176470588235 0.01276595744680851
3 0.6552941176470588 0.3668085106382979 0.2 0.01872340425531915
2 0.09058823529411765 0.40638297872340423 0.06352941176470588 0.01276595744680851
3 0.16294117647058823 0.40680851063829787 0.04588235294117647 0.013617021276595745
2 0.4823529411764706 0.4085106382978723 0.10823529411764705 0.01702127659574468
3 0.5858823529411765 0.40808510638297874 0.06352941176470588 0.016170212765957447
2 0.10882352941176471 0.46638297872340423 0.1 0.013617021276595745
5 0.24705882352941178 0.4723404255319149 0.023529411764705882 0.01702127659574468
2 0.29705882352941176 0.46595744680851064 0.052941176470588235 0.01276595744680851
4 0.4235294117647059 0.4723404255319149 0.023529411764705882 0.01702127659574468
2 0.46352941176470586 0.46595744680851064 0.03294117647058824 0.01276595744680851
1 0.2605882352941176 0.5182978723404256 0.40352941176470586 0.015319148936170212
2 0.6670588235294118 0.5621276595744681 0.15764705882352942 0.017872340425531916
1 0.6758823529411765 0.5821276595744681 0.1988235294117647 0.015319148936170212