0 0.5 0.05108225108225108 0.6423529411764706 0.015584415584415584
0 0.5 0.11991341991341992 0.23294117647058823 0.01471861471861472
2 0.08294117647058824 0.19913419913419914 0.04823529411764706 0.017316017316017316
3 0.14941176470588236 0.1974025974025974 0.04941176470588235 0.013852813852813853
2 0.09058823529411765 0.24025974025974026 0.06352941176470588 0.012987012987012988
3 0.1588235294117647 0.24069264069264068 0.03764705882352941 0.013852813852813853
2 0.4623529411764706 0.24285714285714285 0.06823529411764706 0.01818181818181818
3 0.5335294117647059 0.24242424242424243 0.03882352941176471 0.017316017316017316
2 0.10058823529411764 0.283982683982684 0.08352941176470588 0.013852813852813853
2 0.1411764705882353 0.3294372294372294 0.16470588235294117 0.01818181818181818
2 0.5711764705882353 0.32727272727272727 0.08352941176470588 0.013852813852813853
2 0.09058823529411765 0.37012987012987014 0.06352941176470588 0.012987012987012988
3 0.16647058823529412 0.37056277056277054 0.052941176470588235 0.013852813852813853
2 0.10882352941176471 0.43116883116883115 0.1 0.013852813852813853
5 0.24705882352941178 0.43722943722943725 0.023529411764705882 0.017316017316017316
2 0.29705882352941176 0.43073593073593075 0.052941176470588235 0.012987012987012988
4 0.4235294117647059 0.43722943722943725 0.023529411764705882 0.017316017316017316
2 0.46352941176470586 0.43073593073593075 0.03294117647058824 0.012987012987012988
1 0.2605882352941176 0.48398268398268396 0.40352941176470586 0.015584415584415584
2 0.6670588235294118 0.5285714285714286 0.15764705882352942 0.01818181818181818
1 0.6758823529411765 0.5489177489177489 0.1988235294117647 0.015584415584415584