0 0.5 0.05042735042735043 0.6423529411764706 0.015384615384615385
0 0.5 0.1188034188034188 0.30470588235294116 0.015384615384615385
2 0.10058823529411764 0.19487179487179487 0.08352941176470588 0.013675213675213675
3 0.18176470588235294 0.1952991452991453 0.04352941176470588 0.01452991452991453
2 0.4723529411764706 0.19658119658119658 0.04823529411764706 0.017094017094017096
3 0.5358823529411765 0.1952991452991453 0.04352941176470588 0.01452991452991453
2 0.08294117647058824 0.23931623931623933 0.04823529411764706 0.017094017094017096
3 0.16 0.23974358974358975 0.07058823529411765 0.017948717948717947
2 0.11352941176470588 0.2799145299145299 0.10941176470588235 0.01282051282051282
3 0.28823529411764703 0.2829059829059829 0.20470588235294118 0.018803418803418803
2 0.10058823529411764 0.3230769230769231 0.08352941176470588 0.013675213675213675
3 0.17705882352941177 0.3230769230769231 0.03411764705882353 0.013675213675213675
2 0.5305882352941177 0.3252136752136752 0.16470588235294117 0.017948717948717947
3 0.6535294117647059 0.3230769230769231 0.04588235294117647 0.013675213675213675
2 0.08294117647058824 0.36752136752136755 0.04823529411764706 0.017094017094017096
3 0.14 0.3658119658119658 0.03058823529411765 0.013675213675213675
2 0.09058823529411765 0.4081196581196581 0.06352941176470588 0.01282051282051282
3 0.17470588235294118 0.41068376068376067 0.06941176470588235 0.017948717948717947
2 0.4747058823529412 0.41025641025641024 0.09294117647058824 0.017094017094017096
3 0.56 0.40854700854700854 0.042352941176470586 0.013675213675213675
2 0.10882352941176471 0.4683760683760684 0.1 0.013675213675213675
5 0.24705882352941178 0.47435897435897434 0.023529411764705882 0.017094017094017096
2 0.29705882352941176 0.46794871794871795 0.052941176470588235 0.01282051282051282
4 0.4235294117647059 0.47435897435897434 0.023529411764705882 0.017094017094017096
2 0.46352941176470586 0.46794871794871795 0.03294117647058824 0.01282051282051282
1 0.2605882352941176 0.5205128205128206 0.40352941176470586 0.015384615384615385
2 0.6670588235294118 0.5645299145299145 0.15764705882352942 0.017948717948717947
1 0.6758823529411765 0.5846153846153846 0.1988235294117647 0.015384615384615385