0 0.5 0.04928989139515455 0.6423529411764706 0.015037593984962405
0 0.5 0.1161236424394319 0.2647058823529412 0.015037593984962405
2 0.11352941176470588 0.19005847953216373 0.10941176470588235 0.012531328320802004
3 0.22588235294117648 0.1908939014202172 0.08 0.014202172096908938
2 0.10529411764705883 0.23391812865497075 0.09294117647058824 0.01670843776106934
3 0.18588235294117647 0.2322472848788638 0.03294117647058824 0.013366750208855471
2 0.09058823529411765 0.27360066833751046 0.06352941176470588 0.012531328320802004
3 0.1564705882352941 0.27401837928153716 0.03294117647058824 0.013366750208855471
2 0.1411764705882353 0.3178780284043442 0.16470588235294117 0.017543859649122806
3 0.2782352941176471 0.3182957393483709 0.07411764705882352 0.018379281537176273
2 0.10882352941176471 0.3742690058479532 0.1 0.013366750208855471
4 0.24705882352941178 0.38011695906432746 0.023529411764705882 0.01670843776106934
2 0.29705882352941176 0.3738512949039265 0.052941176470588235 0.012531328320802004
5 0.4235294117647059 0.38011695906432746 0.023529411764705882 0.01670843776106934
2 0.46352941176470586 0.3738512949039265 0.03294117647058824 0.012531328320802004
1 0.2605882352941176 0.4252297410192147 0.40352941176470586 0.015037593984962405
2 0.6670588235294118 0.46825396825396826 0.15764705882352942 0.017543859649122806
1 0.6758823529411765 0.4878863826232247 0.1988235294117647 0.015037593984962405