0 0.5 0.05235137533274179 0.6423529411764706 0.015971606033717833
0 0.5 0.12289263531499556 0.24941176470588236 0.015084294587400177
2 0.11294117647058824 0.20408163265306123 0.10823529411764705 0.01774622892635315
3 0.2 0.2023070097604259 0.03058823529411765 0.01419698314108252
2 0.10529411764705883 0.2484472049689441 0.09294117647058824 0.01774622892635315
2 0.10529411764705883 0.29281277728482696 0.09294117647058824 0.01774622892635315
2 0.11294117647058824 0.33717834960070986 0.10823529411764705 0.01774622892635315
2 0.1411764705882353 0.38198757763975155 0.16470588235294117 0.018633540372670808
2 0.10882352941176471 0.4418811002661934 0.1 0.01419698314108252
5 0.24705882352941178 0.44809228039041704 0.023529411764705882 0.01774622892635315
2 0.29705882352941176 0.44143744454303463 0.052941176470588235 0.013309671694764862
4 0.4235294117647059 0.44809228039041704 0.023529411764705882 0.01774622892635315
2 0.46352941176470586 0.44143744454303463 0.03294117647058824 0.013309671694764862
1 0.2605882352941176 0.49600709849157054 0.40352941176470586 0.015971606033717833
2 0.6670588235294118 0.5417036379769299 0.15764705882352942 0.018633540372670808
1 0.6758823529411765 0.5625554569653949 0.1988235294117647 0.015971606033717833