0 0.5 0.05207413945278023 0.6423529411764706 0.01588702559576346
0 0.5 0.12268314210061783 0.30470588235294116 0.01588702559576346
2 0.10058823529411764 0.20123565754633715 0.08352941176470588 0.01412180052956752
3 0.18294117647058825 0.20123565754633715 0.04588235294117647 0.01412180052956752
2 0.1411764705882353 0.24757281553398058 0.16470588235294117 0.018534863195057368
2 0.09294117647058824 0.29170344218887906 0.06823529411764706 0.018534863195057368
3 0.17529411764705882 0.29170344218887906 0.0611764705882353 0.018534863195057368
2 0.11294117647058824 0.3353927625772286 0.10823529411764705 0.0176522506619594
2 0.5270588235294118 0.3353927625772286 0.10823529411764705 0.0176522506619594
3 0.6294117647058823 0.3358340688437776 0.0611764705882353 0.018534863195057368
2 0.10882352941176471 0.3954104148278906 0.1 0.01412180052956752
5 0.24705882352941178 0.40158870255957635 0.023529411764705882 0.0176522506619594
2 0.29705882352941176 0.3949691085613416 0.052941176470588235 0.01323918799646955
4 0.4235294117647059 0.40158870255957635 0.023529411764705882 0.0176522506619594
2 0.46352941176470586 0.3949691085613416 0.03294117647058824 0.01323918799646955
1 0.2605882352941176 0.4492497793468667 0.40352941176470586 0.01588702559576346
2 0.6670588235294118 0.4947043248014122 0.15764705882352942 0.018534863195057368
1 0.6758823529411765 0.5154457193292145 0.1988235294117647 0.01588702559576346