0 0.5 0.0544280442804428 0.6423529411764706 0.016605166051660517
0 0.5 0.12776752767527674 0.23294117647058823 0.015682656826568265
2 0.09058823529411765 0.20987084870848707 0.06352941176470588 0.013837638376383764
3 0.16647058823529412 0.21033210332103322 0.052941176470588235 0.014760147601476014
2 0.11294117647058824 0.25830258302583026 0.10823529411764705 0.01845018450184502
3 0.1988235294117647 0.2564575645756458 0.02823529411764706 0.014760147601476014
2 0.1411764705882353 0.30488929889298894 0.16470588235294117 0.01937269372693727
3 0.2782352941176471 0.3053505535055351 0.07411764705882352 0.02029520295202952
2 0.5535294117647059 0.3044280442804428 0.04823529411764706 0.01845018450184502
3 0.6123529411764705 0.3025830258302583 0.03411764705882353 0.014760147601476014
2 0.08294117647058824 0.3505535055350554 0.04823529411764706 0.01845018450184502
3 0.15941176470588236 0.35101476014760147 0.06941176470588235 0.01937269372693727
2 0.11294117647058824 0.3966789667896679 0.10823529411764705 0.01845018450184502
3 0.20411764705882354 0.3966789667896679 0.03882352941176471 0.01845018450184502
2 0.10882352941176471 0.45940959409594095 0.1 0.014760147601476014
5 0.24705882352941178 0.46586715867158673 0.023529411764705882 0.01845018450184502
2 0.29705882352941176 0.4589483394833948 0.052941176470588235 0.013837638376383764
4 0.4235294117647059 0.46586715867158673 0.023529411764705882 0.01845018450184502
2 0.46352941176470586 0.4589483394833948 0.03294117647058824 0.013837638376383764
1 0.2605882352941176 0.5156826568265682 0.40352941176470586 0.016605166051660517
2 0.6670588235294118 0.5631918819188192 0.15764705882352942 0.01937269372693727
1 0.6758823529411765 0.584870848708487 0.1988235294117647 0.016605166051660517