0 0.5 0.05483271375464684 0.6423529411764706 0.016728624535315983
0 0.5 0.129182156133829 0.28352941176470586 0.016728624535315983
2 0.1411764705882353 0.2142193308550186 0.16470588235294117 0.019516728624535316
2 0.5635294117647058 0.2142193308550186 0.06823529411764706 0.019516728624535316
2 0.09058823529411765 0.2578996282527881 0.06352941176470588 0.013940520446096654
2 0.47 0.258364312267658 0.08352941176470588 0.01486988847583643
2 0.09058823529411765 0.30436802973977695 0.06352941176470588 0.013940520446096654
2 0.10529411764705883 0.35315985130111527 0.09294117647058824 0.01858736059479554
2 0.10058823529411764 0.39776951672862454 0.08352941176470588 0.01486988847583643
2 0.09058823529411765 0.4437732342007435 0.06352941176470588 0.013940520446096654
2 0.10882352941176471 0.5092936802973977 0.1 0.01486988847583643
4 0.24705882352941178 0.5157992565055762 0.023529411764705882 0.01858736059479554
2 0.29705882352941176 0.5088289962825279 0.052941176470588235 0.013940520446096654
4 0.4235294117647059 0.5157992565055762 0.023529411764705882 0.01858736059479554
2 0.46352941176470586 0.5088289962825279 0.03294117647058824 0.013940520446096654
1 0.2605882352941176 0.5659851301115242 0.40352941176470586 0.016728624535315983
2 0.6670588235294118 0.6138475836431226 0.15764705882352942 0.019516728624535316
1 0.6758823529411765 0.6356877323420075 0.1988235294117647 0.016728624535315983