0 0.5 0.058070866141732284 0.6423529411764706 0.017716535433070866
0 0.5 0.13681102362204725 0.2647058823529412 0.017716535433070866
2 0.11352941176470588 0.22391732283464566 0.10941176470588235 0.014763779527559055
3 0.25941176470588234 0.22736220472440946 0.14705882352941177 0.021653543307086614
2 0.49823529411764705 0.2263779527559055 0.04823529411764706 0.01968503937007874
3 0.5570588235294117 0.22440944881889763 0.03411764705882353 0.015748031496062992
2 0.1411764705882353 0.27608267716535434 0.16470588235294117 0.02066929133858268
3 0.2647058823529412 0.2736220472440945 0.047058823529411764 0.015748031496062992
2 0.1411764705882353 0.32529527559055116 0.16470588235294117 0.02066929133858268
3 0.25823529411764706 0.3228346456692913 0.03411764705882353 0.015748031496062992
2 0.5835294117647059 0.3248031496062992 0.10823529411764705 0.01968503937007874
3 0.6764705882352942 0.3233267716535433 0.042352941176470586 0.01673228346456693
2 0.11294117647058824 0.37401574803149606 0.10823529411764705 0.01968503937007874
3 0.20470588235294118 0.37253937007874016 0.04 0.01673228346456693
2 0.09058823529411765 0.42076771653543305 0.06352941176470588 0.014763779527559055
3 0.16117647058823528 0.421751968503937 0.042352941176470586 0.01673228346456693
2 0.11352941176470588 0.4699803149606299 0.10941176470588235 0.014763779527559055
3 0.2647058823529412 0.4744094488188976 0.15764705882352942 0.023622047244094488
2 0.10882352941176471 0.5393700787401575 0.1 0.015748031496062992
4 0.24705882352941178 0.5462598425196851 0.023529411764705882 0.01968503937007874
2 0.29705882352941176 0.5388779527559056 0.052941176470588235 0.014763779527559055
5 0.4235294117647059 0.5462598425196851 0.023529411764705882 0.01968503937007874
2 0.46352941176470586 0.5388779527559056 0.03294117647058824 0.014763779527559055
1 0.2605882352941176 0.5994094488188977 0.40352941176470586 0.017716535433070866
2 0.6670588235294118 0.6500984251968503 0.15764705882352942 0.02066929133858268
1 0.6758823529411765 0.6732283464566929 0.1988235294117647 0.017716535433070866