0 0.5 0.058070866141732284 0.6423529411764706 0.017716535433070866
0 0.5 0.13681102362204725 0.30470588235294116 0.017716535433070866
2 0.11294117647058824 0.2263779527559055 0.10823529411764705 0.01968503937007874
3 0.20823529411764705 0.2268700787401575 0.047058823529411764 0.02066929133858268
2 0.10058823529411764 0.2736220472440945 0.08352941176470588 0.015748031496062992
3 0.19941176470588234 0.2765748031496063 0.07882352941176471 0.021653543307086614
2 0.4823529411764706 0.27608267716535434 0.06823529411764706 0.02066929133858268
3 0.5711764705882353 0.2765748031496063 0.07411764705882352 0.021653543307086614
2 0.11352941176470588 0.32234251968503935 0.10941176470588235 0.014763779527559055
3 0.22176470588235295 0.3228346456692913 0.07176470588235294 0.015748031496062992
2 0.5288235294117647 0.32234251968503935 0.10941176470588235 0.014763779527559055
3 0.68 0.32677165354330706 0.15764705882352942 0.023622047244094488
2 0.1411764705882353 0.37450787401574803 0.16470588235294117 0.02066929133858268
3 0.25823529411764706 0.3720472440944882 0.03411764705882353 0.015748031496062992
2 0.5835294117647059 0.37401574803149606 0.10823529411764705 0.01968503937007874
3 0.6858823529411765 0.37450787401574803 0.0611764705882353 0.02066929133858268
2 0.10882352941176471 0.4409448818897638 0.1 0.015748031496062992
4 0.24705882352941178 0.4478346456692913 0.023529411764705882 0.01968503937007874
2 0.29705882352941176 0.4404527559055118 0.052941176470588235 0.014763779527559055
5 0.4235294117647059 0.4478346456692913 0.023529411764705882 0.01968503937007874
2 0.46352941176470586 0.4404527559055118 0.03294117647058824 0.014763779527559055
1 0.2605882352941176 0.5009842519685039 0.40352941176470586 0.017716535433070866
2 0.6670588235294118 0.5516732283464567 0.15764705882352942 0.02066929133858268
1 0.6758823529411765 0.5748031496062992 0.1988235294117647 0.017716535433070866