0 0.5 0.051890941072999124 0.6423529411764706 0.0158311345646438
0 0.5 0.1218117854001759 0.24941176470588236 0.014951627088830254
2 0.09058823529411765 0.20008795074758134 0.06352941176470588 0.013192612137203167
3 0.17823529411764705 0.20316622691292877 0.07647058823529412 0.019349164467897976
2 0.10529411764705883 0.24626209322779244 0.09294117647058824 0.01759014951627089
3 0.1988235294117647 0.24494283201407213 0.058823529411764705 0.014951627088830254
2 0.09058823529411765 0.2880386983289358 0.06352941176470588 0.013192612137203167
3 0.16294117647058823 0.2884784520668426 0.04588235294117647 0.014072119613016711
2 0.09294117647058824 0.33465259454705365 0.06823529411764706 0.018469656992084433
3 0.16941176470588235 0.3324538258575198 0.04941176470588235 0.014072119613016711
2 0.11352941176470588 0.3759894459102902 0.10941176470588235 0.013192612137203167
3 0.24705882352941178 0.37906772207563766 0.1223529411764706 0.019349164467897976
2 0.5288235294117647 0.3759894459102902 0.10941176470588235 0.013192612137203167
3 0.6776470588235294 0.37906772207563766 0.15294117647058825 0.019349164467897976
2 0.11294117647058824 0.42216358839050133 0.10823529411764705 0.01759014951627089
3 0.20823529411764705 0.4226033421284081 0.047058823529411764 0.018469656992084433
2 0.10882352941176471 0.48197009674582236 0.1 0.014072119613016711
4 0.24705882352941178 0.48812664907651715 0.023529411764705882 0.01759014951627089
2 0.29705882352941176 0.4815303430079156 0.052941176470588235 0.013192612137203167
5 0.4235294117647059 0.48812664907651715 0.023529411764705882 0.01759014951627089
2 0.46352941176470586 0.4815303430079156 0.03294117647058824 0.013192612137203167
1 0.2605882352941176 0.5356200527704486 0.40352941176470586 0.0158311345646438
2 0.6670588235294118 0.5809146877748461 0.15764705882352942 0.018469656992084433
1 0.6758823529411765 0.6015831134564644 0.1988235294117647 0.0158311345646438