0 0.5 0.05249110320284697 0.6423529411764706 0.01601423487544484
0 0.5 0.12322064056939502 0.23294117647058823 0.015124555160142349
2 0.11352941176470588 0.20240213523131673 0.10941176470588235 0.013345195729537367
3 0.23588235294117646 0.20729537366548043 0.1 0.023131672597864767
2 0.09058823529411765 0.24688612099644128 0.06352941176470588 0.013345195729537367
3 0.16411764705882353 0.24733096085409254 0.04823529411764706 0.014234875444839857
2 0.09294117647058824 0.2940391459074733 0.06823529411764706 0.018683274021352312
2 0.48705882352941177 0.29359430604982206 0.10823529411764705 0.017793594306049824
3 0.5888235294117647 0.2931494661921708 0.06 0.016903914590747332
2 0.1411764705882353 0.33852313167259784 0.16470588235294117 0.018683274021352312
2 0.5535294117647059 0.33807829181494664 0.04823529411764706 0.017793594306049824
3 0.6188235294117647 0.33852313167259784 0.047058823529411764 0.018683274021352312
2 0.11294117647058824 0.38256227758007116 0.10823529411764705 0.017793594306049824
2 0.11352941176470588 0.4248220640569395 0.10941176470588235 0.013345195729537367
3 0.28352941176470586 0.4279359430604982 0.1952941176470588 0.019572953736654804
2 0.10882352941176471 0.4875444839857651 0.1 0.014234875444839857
4 0.24705882352941178 0.49377224199288255 0.023529411764705882 0.017793594306049824
2 0.29705882352941176 0.4870996441281139 0.052941176470588235 0.013345195729537367
5 0.4235294117647059 0.49377224199288255 0.023529411764705882 0.017793594306049824
2 0.46352941176470586 0.4870996441281139 0.03294117647058824 0.013345195729537367
1 0.2605882352941176 0.541814946619217 0.40352941176470586 0.01601423487544484
2 0.6670588235294118 0.5876334519572953 0.15764705882352942 0.018683274021352312
1 0.6758823529411765 0.608540925266904 0.1988235294117647 0.01601423487544484