0 0.5 0.057337220602526724 0.6423529411764706 0.01749271137026239
0 0.5 0.1345966958211856 0.23294117647058823 0.01652089407191448
2 0.09058823529411765 0.22108843537414966 0.06352941176470588 0.014577259475218658
3 0.1588235294117647 0.22157434402332363 0.03764705882352941 0.015549076773566569
2 0.10058823529411764 0.27016520894071916 0.08352941176470588 0.015549076773566569
3 0.18470588235294116 0.27016520894071916 0.04941176470588235 0.015549076773566569
2 0.10058823529411764 0.31875607385811466 0.08352941176470588 0.015549076773566569
3 0.17411764705882352 0.31875607385811466 0.02823529411764706 0.015549076773566569
2 0.10529411764705883 0.369290573372206 0.09294117647058824 0.019436345966958212
3 0.18941176470588236 0.36977648202137997 0.04 0.02040816326530612
2 0.10882352941176471 0.43537414965986393 0.1 0.015549076773566569
5 0.24705882352941178 0.4421768707482993 0.023529411764705882 0.019436345966958212
2 0.29705882352941176 0.43488824101069 0.052941176470588235 0.014577259475218658
4 0.4235294117647059 0.4421768707482993 0.023529411764705882 0.019436345966958212
2 0.46352941176470586 0.43488824101069 0.03294117647058824 0.014577259475218658
1 0.2605882352941176 0.4946550048590865 0.40352941176470586 0.01749271137026239
2 0.6670588235294118 0.5447035957240038 0.15764705882352942 0.02040816326530612
1 0.6758823529411765 0.5675413022351797 0.1988235294117647 0.01749271137026239