0 0.5 0.05483271375464684 0.6423529411764706 0.016728624535315983
0 0.5 0.129182156133829 0.2647058823529412 0.016728624535315983
2 0.09294117647058824 0.2142193308550186 0.06823529411764706 0.019516728624535316
3 0.16705882352941176 0.2142193308550186 0.04470588235294118 0.019516728624535316
2 0.4747058823529412 0.21189591078066913 0.08352941176470588 0.01486988847583643
3 0.5505882352941176 0.21189591078066913 0.03294117647058824 0.01486988847583643
2 0.11294117647058824 0.26022304832713755 0.10823529411764705 0.01858736059479554
3 0.20647058823529413 0.25882899628252787 0.04352941176470588 0.015799256505576207
2 0.11294117647058824 0.3066914498141264 0.10823529411764705 0.01858736059479554
3 0.20352941176470588 0.3048327137546468 0.03764705882352941 0.01486988847583643
2 0.09058823529411765 0.3508364312267658 0.06352941176470588 0.013940520446096654
3 0.17058823529411765 0.35362453531598514 0.0611764705882353 0.019516728624535316
2 0.1411764705882353 0.400092936802974 0.16470588235294117 0.019516728624535316
3 0.27588235294117647 0.400092936802974 0.06941176470588235 0.019516728624535316
2 0.11294117647058824 0.44609665427509293 0.10823529411764705 0.01858736059479554
3 0.20823529411764705 0.4465613382899628 0.047058823529411764 0.019516728624535316
2 0.5047058823529412 0.4437732342007435 0.06352941176470588 0.013940520446096654
3 0.5770588235294117 0.44423791821561337 0.04588235294117647 0.01486988847583643
2 0.10882352941176471 0.5092936802973977 0.1 0.01486988847583643
5 0.24705882352941178 0.5157992565055762 0.023529411764705882 0.01858736059479554
2 0.29705882352941176 0.5088289962825279 0.052941176470588235 0.013940520446096654
4 0.4235294117647059 0.5157992565055762 0.023529411764705882 0.01858736059479554
2 0.46352941176470586 0.5088289962825279 0.03294117647058824 0.013940520446096654
1 0.2605882352941176 0.5659851301115242 0.40352941176470586 0.016728624535315983
2 0.6670588235294118 0.6138475836431226 0.15764705882352942 0.019516728624535316
1 0.6758823529411765 0.6356877323420075 0.1988235294117647 0.016728624535315983