0 0.5 0.05801376597836775 0.6423529411764706 0.017699115044247787
0 0.5 0.13667649950835792 0.28352941176470586 0.017699115044247787
2 0.09294117647058824 0.22664700098328416 0.06823529411764706 0.02064896755162242
3 0.17941176470588235 0.22664700098328416 0.06941176470588235 0.02064896755162242
2 0.08294117647058824 0.2753195673549656 0.04823529411764706 0.01966568338249754
3 0.14823529411764705 0.2748279252704032 0.047058823529411764 0.018682399213372666
2 0.11352941176470588 0.3220255653883973 0.10941176470588235 0.014749262536873156
3 0.2876470588235294 0.3249754178957719 0.20352941176470588 0.02064896755162242
2 0.11352941176470588 0.3711897738446411 0.10941176470588235 0.014749262536873156
2 0.11294117647058824 0.42281219272369713 0.10823529411764705 0.01966568338249754
3 0.20823529411764705 0.42133726647000985 0.047058823529411764 0.01671583087512291
2 0.10882352941176471 0.4896755162241888 0.1 0.015732546705998034
5 0.24705882352941178 0.49655850540806296 0.023529411764705882 0.01966568338249754
2 0.29705882352941176 0.48918387413962633 0.052941176470588235 0.014749262536873156
4 0.4235294117647059 0.49655850540806296 0.023529411764705882 0.01966568338249754
2 0.46352941176470586 0.48918387413962633 0.03294117647058824 0.014749262536873156
1 0.2605882352941176 0.5496558505408063 0.40352941176470586 0.017699115044247787
2 0.6670588235294118 0.6002949852507374 0.15764705882352942 0.02064896755162242
1 0.6758823529411765 0.6234021632251721 0.1988235294117647 0.017699115044247787