0 0.5 0.05432780847145488 0.6423529411764706 0.016574585635359115
0 0.5 0.12753222836095765 0.23294117647058823 0.01565377532228361
2 0.08294117647058824 0.21178637200736647 0.04823529411764706 0.01841620626151013
2 0.4447058823529412 0.2094843462246777 0.06352941176470588 0.013812154696132596
2 0.09294117647058824 0.25828729281767954 0.06823529411764706 0.019337016574585635
2 0.1411764705882353 0.30432780847145485 0.16470588235294117 0.019337016574585635
2 0.5535294117647059 0.30386740331491713 0.04823529411764706 0.01841620626151013
2 0.11352941176470588 0.34760589318600366 0.10941176470588235 0.013812154696132596
2 0.49823529411764705 0.34990791896869244 0.04823529411764706 0.01841620626151013
2 0.08294117647058824 0.39594843462246776 0.04823529411764706 0.01841620626151013
2 0.09058823529411765 0.43968692449355434 0.06352941176470588 0.013812154696132596
2 0.10882352941176471 0.5046040515653776 0.1 0.014732965009208104
4 0.24705882352941178 0.511049723756906 0.023529411764705882 0.01841620626151013
2 0.29705882352941176 0.5041436464088398 0.052941176470588235 0.013812154696132596
4 0.4235294117647059 0.511049723756906 0.023529411764705882 0.01841620626151013
2 0.46352941176470586 0.5041436464088398 0.03294117647058824 0.013812154696132596
1 0.2605882352941176 0.5607734806629834 0.40352941176470586 0.016574585635359115
2 0.6670588235294118 0.608195211786372 0.15764705882352942 0.019337016574585635
1 0.6758823529411765 0.6298342541436464 0.1988235294117647 0.016574585635359115