0 0.5 0.05689488910318226 0.6423529411764706 0.017357762777242044
0 0.5 0.13355834136933462 0.23294117647058823 0.01639344262295082
2 0.10529411764705883 0.22179363548698167 0.09294117647058824 0.019286403085824494
3 0.20647058823529413 0.2227579556412729 0.07411764705882352 0.021215043394406944
2 0.4894117647058824 0.21938283510125361 0.06352941176470588 0.01446480231436837
3 0.57 0.2222757955641273 0.06235294117647059 0.020250723240115717
2 0.10529411764705883 0.2700096432015429 0.09294117647058824 0.019286403085824494
3 0.1923529411764706 0.26808100289296044 0.04588235294117647 0.015429122468659595
2 0.11352941176470588 0.3158148505303761 0.10941176470588235 0.01446480231436837
3 0.24705882352941178 0.31822565091610416 0.1223529411764706 0.019286403085824494
2 0.1411764705882353 0.366923818707811 0.16470588235294117 0.020250723240115717
3 0.2576470588235294 0.366923818707811 0.03294117647058824 0.020250723240115717
2 0.11352941176470588 0.41224686595949855 0.10941176470588235 0.01446480231436837
3 0.2605882352941176 0.41321118611378976 0.14941176470588236 0.01639344262295082
2 0.5288235294117647 0.41224686595949855 0.10941176470588235 0.01446480231436837
3 0.6629411764705883 0.41321118611378976 0.12352941176470589 0.01639344262295082
2 0.10882352941176471 0.4802314368370299 0.1 0.015429122468659595
5 0.24705882352941178 0.4869816779170685 0.023529411764705882 0.019286403085824494
2 0.29705882352941176 0.47974927675988427 0.052941176470588235 0.01446480231436837
4 0.4235294117647059 0.4869816779170685 0.023529411764705882 0.019286403085824494
2 0.46352941176470586 0.47974927675988427 0.03294117647058824 0.01446480231436837
1 0.2605882352941176 0.5390549662487946 0.40352941176470586 0.017357762777242044
2 0.6670588235294118 0.5887174541947927 0.15764705882352942 0.020250723240115717
1 0.6758823529411765 0.6113789778206364 0.1988235294117647 0.017357762777242044