0 0.5 0.049413735343383586 0.6423529411764706 0.01507537688442211
0 0.5 0.11641541038525963 0.30470588235294116 0.01507537688442211
2 0.1411764705882353 0.19304857621440535 0.16470588235294117 0.017587939698492462
3 0.26705882352941174 0.19137353433835846 0.05176470588235294 0.01423785594639866
2 0.5841176470588235 0.19053601340033502 0.10941176470588235 0.01256281407035176
3 0.711764705882353 0.19304857621440535 0.11058823529411765 0.017587939698492462
2 0.09294117647058824 0.23492462311557788 0.06823529411764706 0.017587939698492462
3 0.17470588235294118 0.23408710217755443 0.06 0.015912897822445562
2 0.11352941176470588 0.27428810720268004 0.10941176470588235 0.01256281407035176
3 0.2747058823529412 0.27889447236180903 0.1776470588235294 0.021775544388609715
2 0.08294117647058824 0.31825795644891125 0.04823529411764706 0.01675041876046901
3 0.1388235294117647 0.31700167504187604 0.02823529411764706 0.01423785594639866
2 0.4470588235294118 0.31867671691792293 0.06823529411764706 0.017587939698492462
3 0.5188235294117647 0.31700167504187604 0.04 0.01423785594639866
2 0.11294117647058824 0.3601340033500838 0.10823529411764705 0.01675041876046901
3 0.2088235294117647 0.35845896147403683 0.04823529411764706 0.01340033500837521
2 0.11294117647058824 0.4020100502512563 0.10823529411764705 0.01675041876046901
3 0.2 0.40033500837520936 0.03058823529411765 0.01340033500837521
2 0.10882352941176471 0.45896147403685095 0.1 0.01340033500837521
4 0.24705882352941178 0.4648241206030151 0.023529411764705882 0.01675041876046901
2 0.29705882352941176 0.4585427135678392 0.052941176470588235 0.01256281407035176
5 0.4235294117647059 0.4648241206030151 0.023529411764705882 0.01675041876046901
2 0.46352941176470586 0.4585427135678392 0.03294117647058824 0.01256281407035176
1 0.2605882352941176 0.5100502512562815 0.40352941176470586 0.01507537688442211
2 0.6670588235294118 0.5531825795644891 0.15764705882352942 0.017587939698492462
1 0.6758823529411765 0.5728643216080402 0.1988235294117647 0.01507537688442211