0 0.5 0.05678537054860443 0.6423529411764706 0.017324350336862367
0 0.5 0.1333012512030799 0.23294117647058823 0.016361886429258902
2 0.08294117647058824 0.22136669874879691 0.04823529411764706 0.019249278152069296
2 0.10529411764705883 0.2694898941289702 0.09294117647058824 0.019249278152069296
3 0.1923529411764706 0.26756496631376325 0.04588235294117647 0.015399422521655439
2 0.09058823529411765 0.31520692974013476 0.06352941176470588 0.014436958614051972
2 0.09294117647058824 0.3662175168431184 0.06823529411764706 0.02021174205967276
2 0.1411764705882353 0.4143407122232916 0.16470588235294117 0.02021174205967276
3 0.2576470588235294 0.4143407122232916 0.03294117647058824 0.02021174205967276
2 0.10529411764705883 0.4619826756496631 0.09294117647058824 0.019249278152069296
2 0.10882352941176471 0.5274302213666987 0.1 0.015399422521655439
5 0.24705882352941178 0.534167468719923 0.023529411764705882 0.019249278152069296
2 0.29705882352941176 0.526948989412897 0.052941176470588235 0.014436958614051972
4 0.4235294117647059 0.534167468719923 0.023529411764705882 0.019249278152069296
2 0.46352941176470586 0.526948989412897 0.03294117647058824 0.014436958614051972
1 0.2605882352941176 0.5861405197305101 0.40352941176470586 0.017324350336862367
2 0.6670588235294118 0.6357074109720885 0.15764705882352942 0.02021174205967276
1 0.6758823529411765 0.65832531280077 0.1988235294117647 0.017324350336862367