0 0.5 0.0511265164644714 0.6423529411764706 0.01559792027729636
0 0.5 0.12045060658578856 0.2647058823529412 0.01559792027729636
2 0.11352941176470588 0.19714038128249567 0.10941176470588235 0.012998266897746967
2 0.10058823529411764 0.24090121317157712 0.08352941176470588 0.01386481802426343
2 0.11352941176470588 0.2837954939341421 0.10941176470588235 0.012998266897746967
2 0.11294117647058824 0.3292894280762565 0.10823529411764705 0.01733102253032929
2 0.5194117647058824 0.3292894280762565 0.09294117647058824 0.01733102253032929
2 0.10882352941176471 0.3882149046793761 0.1 0.01386481802426343
4 0.24705882352941178 0.39428076256499134 0.023529411764705882 0.01733102253032929
2 0.29705882352941176 0.38778162911611785 0.052941176470588235 0.012998266897746967
4 0.4235294117647059 0.39428076256499134 0.023529411764705882 0.01733102253032929
2 0.46352941176470586 0.38778162911611785 0.03294117647058824 0.012998266897746967
1 0.2605882352941176 0.4410745233968804 0.40352941176470586 0.01559792027729636
2 0.6670588235294118 0.48570190641247835 0.15764705882352942 0.018197573656845753
1 0.6758823529411765 0.5060658578856152 0.1988235294117647 0.01559792027729636