0 0.5 0.04945515507124895 0.6423529411764706 0.015088013411567477
0 0.5 0.1165129924559933 0.2647058823529412 0.015088013411567477
2 0.09058823529411765 0.19069572506286672 0.06352941176470588 0.012573344509639563
3 0.1564705882352941 0.19111483654652137 0.03294117647058824 0.013411567476948869
2 0.08294117647058824 0.2347024308466052 0.04823529411764706 0.016764459346186086
3 0.1411764705882353 0.23512154233025984 0.03294117647058824 0.01760268231349539
2 0.09058823529411765 0.27451802179379714 0.06352941176470588 0.012573344509639563
3 0.17058823529411765 0.27703269069572506 0.0611764705882353 0.01760268231349539
2 0.09294117647058824 0.3189438390611903 0.06823529411764706 0.01760268231349539
3 0.17058823529411765 0.31726739312657165 0.05176470588235294 0.014249790444258172
2 0.09058823529411765 0.3583403185247276 0.06352941176470588 0.012573344509639563
3 0.15941176470588236 0.36043587594300086 0.03882352941176471 0.016764459346186086
2 0.10882352941176471 0.41743503772003354 0.1 0.013411567476948869
5 0.24705882352941178 0.42330259849119867 0.023529411764705882 0.016764459346186086
2 0.29705882352941176 0.4170159262363789 0.052941176470588235 0.012573344509639563
4 0.4235294117647059 0.42330259849119867 0.023529411764705882 0.016764459346186086
2 0.46352941176470586 0.4170159262363789 0.03294117647058824 0.012573344509639563
1 0.2605882352941176 0.4685666387259011 0.40352941176470586 0.015088013411567477
2 0.6670588235294118 0.5117351215423303 0.15764705882352942 0.01760268231349539
1 0.6758823529411765 0.5314333612740989 0.1988235294117647 0.015088013411567477