0 0.5 0.052820053715308866 0.6423529411764706 0.01611459265890779
0 0.5 0.12444046553267682 0.28352941176470586 0.01611459265890779
2 0.11294117647058824 0.20590868397493287 0.10823529411764705 0.017905102954341987
2 0.5552941176470588 0.20635631154879142 0.16470588235294117 0.018800358102059087
2 0.10058823529411764 0.24888093106535364 0.08352941176470588 0.01432408236347359
2 0.11294117647058824 0.2954341987466428 0.10823529411764705 0.017905102954341987
2 0.10058823529411764 0.3384064458370636 0.08352941176470588 0.01432408236347359
2 0.10529411764705883 0.38495971351835273 0.09294117647058824 0.017905102954341987
2 0.54 0.38540734109221125 0.16470588235294117 0.018800358102059087
2 0.10529411764705883 0.4297224709042077 0.09294117647058824 0.017905102954341987
2 0.5041176470588236 0.4297224709042077 0.09294117647058824 0.017905102954341987
2 0.10882352941176471 0.4905998209489705 0.1 0.01432408236347359
4 0.24705882352941178 0.4968666069829902 0.023529411764705882 0.017905102954341987
2 0.29705882352941176 0.4901521933751119 0.052941176470588235 0.01342882721575649
4 0.4235294117647059 0.4968666069829902 0.023529411764705882 0.017905102954341987
2 0.46352941176470586 0.4901521933751119 0.03294117647058824 0.01342882721575649
1 0.2605882352941176 0.5452103849597135 0.40352941176470586 0.01611459265890779
2 0.6670588235294118 0.5913160250671441 0.15764705882352942 0.018800358102059087
1 0.6758823529411765 0.612354521038496 0.1988235294117647 0.01611459265890779