0 0.5 0.0544280442804428 0.6423529411764706 0.016605166051660517
0 0.5 0.12776752767527674 0.23294117647058823 0.015682656826568265
2 0.1411764705882353 0.21263837638376384 0.16470588235294117 0.01937269372693727
3 0.2676470588235294 0.21033210332103322 0.052941176470588235 0.014760147601476014
2 0.5841176470588235 0.20987084870848707 0.10941176470588235 0.013837638376383764
3 0.7288235294117648 0.21263837638376384 0.14470588235294118 0.01937269372693727
2 0.08294117647058824 0.25830258302583026 0.04823529411764706 0.01845018450184502
3 0.14823529411764705 0.2587638376383764 0.047058823529411764 0.01937269372693727
2 0.11352941176470588 0.30212177121771217 0.10941176470588235 0.013837638376383764
3 0.2782352941176471 0.30719557195571956 0.18470588235294116 0.023985239852398525
2 0.10058823529411764 0.34870848708487084 0.08352941176470588 0.014760147601476014
3 0.18588235294117647 0.349169741697417 0.05176470588235294 0.015682656826568265
2 0.4823529411764706 0.35101476014760147 0.06823529411764706 0.01937269372693727
3 0.5623529411764706 0.349169741697417 0.05647058823529412 0.015682656826568265
2 0.11294117647058824 0.3966789667896679 0.10823529411764705 0.01845018450184502
3 0.22 0.3994464944649446 0.07058823529411765 0.023985239852398525
2 0.10529411764705883 0.44280442804428044 0.09294117647058824 0.01845018450184502
3 0.19 0.44142066420664205 0.041176470588235294 0.015682656826568265
2 0.10882352941176471 0.5055350553505535 0.1 0.014760147601476014
5 0.24705882352941178 0.5119926199261993 0.023529411764705882 0.01845018450184502
2 0.29705882352941176 0.5050738007380073 0.052941176470588235 0.013837638376383764
4 0.4235294117647059 0.5119926199261993 0.023529411764705882 0.01845018450184502
2 0.46352941176470586 0.5050738007380073 0.03294117647058824 0.013837638376383764
1 0.2605882352941176 0.5618081180811808 0.40352941176470586 0.016605166051660517
2 0.6670588235294118 0.6093173431734318 0.15764705882352942 0.01937269372693727
1 0.6758823529411765 0.6309963099630996 0.1988235294117647 0.016605166051660517