0 0.5 0.04928989139515455 0.6423529411764706 0.015037593984962405
0 0.5 0.1161236424394319 0.28352941176470586 0.015037593984962405
2 0.09294117647058824 0.19256474519632413 0.06823529411764706 0.017543859649122806
3 0.16176470588235295 0.19047619047619047 0.03411764705882353 0.013366750208855471
2 0.10058823529411764 0.2322472848788638 0.08352941176470588 0.013366750208855471
3 0.19058823529411764 0.23433583959899748 0.0611764705882353 0.017543859649122806
2 0.48 0.23182957393483708 0.06352941176470588 0.012531328320802004
3 0.55 0.23266499582289055 0.041176470588235294 0.014202172096908938
2 0.08294117647058824 0.2756892230576441 0.04823529411764706 0.01670843776106934
3 0.14176470588235293 0.2752715121136174 0.03411764705882353 0.015873015873015872
2 0.08294117647058824 0.31746031746031744 0.04823529411764706 0.01670843776106934
3 0.15235294117647058 0.3178780284043442 0.05529411764705883 0.017543859649122806
2 0.4676470588235294 0.3153717627401838 0.10941176470588235 0.012531328320802004
3 0.6594117647058824 0.3182957393483709 0.2388235294117647 0.018379281537176273
2 0.10882352941176471 0.3742690058479532 0.1 0.013366750208855471
5 0.24705882352941178 0.38011695906432746 0.023529411764705882 0.01670843776106934
2 0.29705882352941176 0.3738512949039265 0.052941176470588235 0.012531328320802004
4 0.4235294117647059 0.38011695906432746 0.023529411764705882 0.01670843776106934
2 0.46352941176470586 0.3738512949039265 0.03294117647058824 0.012531328320802004
1 0.2605882352941176 0.4252297410192147 0.40352941176470586 0.015037593984962405
2 0.6670588235294118 0.46825396825396826 0.15764705882352942 0.017543859649122806
1 0.6758823529411765 0.4878863826232247 0.1988235294117647 0.015037593984962405