0 0.5 0.05784313725490196 0.6423529411764706 0.01764705882352941
0 0.5 0.13578431372549019 0.24941176470588236 0.016666666666666666
2 0.09058823529411765 0.22303921568627452 0.06352941176470588 0.014705882352941176
2 0.09294117647058824 0.275 0.06823529411764706 0.020588235294117647
2 0.45705882352941174 0.27450980392156865 0.04823529411764706 0.0196078431372549
2 0.10058823529411764 0.3215686274509804 0.08352941176470588 0.01568627450980392
3 0.19 0.32303921568627453 0.06 0.018627450980392157
2 0.1411764705882353 0.3730392156862745 0.16470588235294117 0.020588235294117647
2 0.10058823529411764 0.4196078431372549 0.08352941176470588 0.01568627450980392
2 0.5305882352941177 0.42205882352941176 0.16470588235294117 0.020588235294117647
3 0.6523529411764706 0.4200980392156863 0.04352941176470588 0.016666666666666666
2 0.10882352941176471 0.48823529411764705 0.1 0.01568627450980392
4 0.24705882352941178 0.4950980392156863 0.023529411764705882 0.0196078431372549
2 0.29705882352941176 0.4877450980392157 0.052941176470588235 0.014705882352941176
5 0.4235294117647059 0.4950980392156863 0.023529411764705882 0.0196078431372549
2 0.46352941176470586 0.4877450980392157 0.03294117647058824 0.014705882352941176
1 0.2605882352941176 0.5480392156862746 0.40352941176470586 0.01764705882352941
2 0.6670588235294118 0.5985294117647059 0.15764705882352942 0.020588235294117647
1 0.6758823529411765 0.6215686274509804 0.1988235294117647 0.01764705882352941