0 0.5 0.050774526678141134 0.6423529411764706 0.01549053356282272
0 0.5 0.11962134251290878 0.28352941176470586 0.01549053356282272
2 0.08294117647058824 0.19793459552495696 0.04823529411764706 0.01721170395869191
2 0.4470588235294118 0.19836488812392428 0.06823529411764706 0.018072289156626505
2 0.1411764705882353 0.24139414802065404 0.16470588235294117 0.018072289156626505
2 0.10529411764705883 0.28399311531841653 0.09294117647058824 0.01721170395869191
2 0.4894117647058824 0.28184165232358005 0.06352941176470588 0.012908777969018933
2 0.10529411764705883 0.3270223752151463 0.09294117647058824 0.01721170395869191
2 0.09058823529411765 0.36790017211703957 0.06352941176470588 0.012908777969018933
2 0.4623529411764706 0.3704819277108434 0.06823529411764706 0.018072289156626505
2 0.10882352941176471 0.42857142857142855 0.1 0.013769363166953529
4 0.24705882352941178 0.43459552495697074 0.023529411764705882 0.01721170395869191
2 0.29705882352941176 0.4281411359724613 0.052941176470588235 0.012908777969018933
4 0.4235294117647059 0.43459552495697074 0.023529411764705882 0.01721170395869191
2 0.46352941176470586 0.4281411359724613 0.03294117647058824 0.012908777969018933
1 0.2605882352941176 0.4810671256454389 0.40352941176470586 0.01549053356282272
2 0.6670588235294118 0.5253872633390706 0.15764705882352942 0.018072289156626505
1 0.6758823529411765 0.5456110154905336 0.1988235294117647 0.01549053356282272