0 0.5 0.05640535372848948 0.6423529411764706 0.017208413001912046
0 0.5 0.13288718929254303 0.28352941176470586 0.017208413001912046
2 0.10529411764705883 0.2198852772466539 0.09294117647058824 0.019120458891013385
3 0.18588235294117647 0.22036328871892927 0.03294117647058824 0.020076481835564052
2 0.09294117647058824 0.2681644359464627 0.06823529411764706 0.020076481835564052
2 0.09058823529411765 0.31309751434034416 0.06352941176470588 0.014340344168260038
3 0.16470588235294117 0.3135755258126195 0.04941176470588235 0.015296367112810707
2 0.4823529411764706 0.3154875717017208 0.10823529411764705 0.019120458891013385
2 0.11294117647058824 0.3632887189292543 0.10823529411764705 0.019120458891013385
2 0.09058823529411765 0.40869980879541107 0.06352941176470588 0.014340344168260038
3 0.16117647058823528 0.4096558317399618 0.042352941176470586 0.016252390057361378
2 0.10882352941176471 0.47609942638623326 0.1 0.015296367112810707
5 0.24705882352941178 0.48279158699808794 0.023529411764705882 0.019120458891013385
2 0.29705882352941176 0.47562141491395793 0.052941176470588235 0.014340344168260038
4 0.4235294117647059 0.48279158699808794 0.023529411764705882 0.019120458891013385
2 0.46352941176470586 0.47562141491395793 0.03294117647058824 0.014340344168260038
1 0.2605882352941176 0.5344168260038241 0.40352941176470586 0.017208413001912046
2 0.6670588235294118 0.5836520076481836 0.15764705882352942 0.020076481835564052
1 0.6758823529411765 0.6061185468451242 0.1988235294117647 0.017208413001912046