0 0.5 0.05571293673276676 0.6423529411764706 0.0169971671388102
0 0.5 0.1307837582625118 0.24941176470588236 0.016052880075542966
2 0.10529411764705883 0.21718602455146366 0.09294117647058824 0.018885741265344664
3 0.19 0.21576959395656278 0.041176470588235294 0.016052880075542966
2 0.09058823529411765 0.26203966005665724 0.06352941176470588 0.014164305949008499
3 0.17705882352941177 0.26534466477809254 0.07411764705882352 0.02077431539187913
2 0.09294117647058824 0.3120868744098206 0.06823529411764706 0.019830028328611898
2 0.45705882352941174 0.311614730878187 0.04823529411764706 0.018885741265344664
2 0.10529411764705883 0.3588290840415486 0.09294117647058824 0.018885741265344664
2 0.1411764705882353 0.4065155807365439 0.16470588235294117 0.019830028328611898
2 0.10882352941176471 0.4702549575070821 0.1 0.015108593012275733
4 0.24705882352941178 0.4768649669499528 0.023529411764705882 0.018885741265344664
2 0.29705882352941176 0.4697828139754485 0.052941176470588235 0.014164305949008499
5 0.4235294117647059 0.4768649669499528 0.023529411764705882 0.018885741265344664
2 0.46352941176470586 0.4697828139754485 0.03294117647058824 0.014164305949008499
1 0.2605882352941176 0.5278564683663833 0.40352941176470586 0.0169971671388102
2 0.6670588235294118 0.5764872521246459 0.15764705882352942 0.019830028328611898
1 0.6758823529411765 0.5986779981114259 0.1988235294117647 0.0169971671388102