0 0.5 0.052444444444444446 0.6423529411764706 0.016
0 0.5 0.12355555555555556 0.28352941176470586 0.016
2 0.08294117647058824 0.20444444444444446 0.04823529411764706 0.017777777777777778
3 0.16 0.2048888888888889 0.07058823529411765 0.018666666666666668
2 0.11352941176470588 0.24666666666666667 0.10941176470588235 0.013333333333333334
2 0.09058823529411765 0.2911111111111111 0.06352941176470588 0.013333333333333334
3 0.1564705882352941 0.2937777777777778 0.03294117647058824 0.018666666666666668
2 0.11294117647058824 0.3377777777777778 0.10823529411764705 0.017777777777777778
2 0.10882352941176471 0.3982222222222222 0.1 0.014222222222222223
5 0.24705882352941178 0.40444444444444444 0.023529411764705882 0.017777777777777778
2 0.29705882352941176 0.3977777777777778 0.052941176470588235 0.013333333333333334
4 0.4235294117647059 0.40444444444444444 0.023529411764705882 0.017777777777777778
2 0.46352941176470586 0.3977777777777778 0.03294117647058824 0.013333333333333334
1 0.2605882352941176 0.4524444444444444 0.40352941176470586 0.016
2 0.6670588235294118 0.49822222222222223 0.15764705882352942 0.018666666666666668
1 0.6758823529411765 0.5191111111111111 0.1988235294117647 0.016