0 0.5 0.05235137533274179 0.6423529411764706 0.015971606033717833
0 0.5 0.1233362910381544 0.28352941176470586 0.015971606033717833
2 0.1411764705882353 0.20452528837622005 0.16470588235294117 0.018633540372670808
3 0.26705882352941174 0.20275066548358472 0.05176470588235294 0.015084294587400177
2 0.5611764705882353 0.20186335403726707 0.06352941176470588 0.013309671694764862
3 0.6352941176470588 0.2023070097604259 0.04941176470588235 0.01419698314108252
2 0.09058823529411765 0.24622892635314997 0.06352941176470588 0.013309671694764862
3 0.1564705882352941 0.24889086069210292 0.03294117647058824 0.018633540372670808
2 0.11294117647058824 0.29281277728482696 0.10823529411764705 0.01774622892635315
3 0.21588235294117647 0.2932564330079858 0.06235294117647059 0.018633540372670808
2 0.1411764705882353 0.33762200532386866 0.16470588235294117 0.018633540372670808
3 0.25823529411764706 0.336734693877551 0.03411764705882353 0.01685891748003549
2 0.10882352941176471 0.39751552795031053 0.1 0.01419698314108252
4 0.24705882352941178 0.40372670807453415 0.023529411764705882 0.01774622892635315
2 0.29705882352941176 0.39707187222715173 0.052941176470588235 0.013309671694764862
5 0.4235294117647059 0.40372670807453415 0.023529411764705882 0.01774622892635315
2 0.46352941176470586 0.39707187222715173 0.03294117647058824 0.013309671694764862
1 0.2605882352941176 0.45164152617568765 0.40352941176470586 0.015971606033717833
2 0.6670588235294118 0.49733806566104705 0.15764705882352942 0.018633540372670808
1 0.6758823529411765 0.518189884649512 0.1988235294117647 0.015971606033717833