0 0.5 0.051709027169149865 0.6423529411764706 0.015775635407537247
0 0.5 0.12182296231375986 0.28352941176470586 0.015775635407537247
2 0.11352941176470588 0.19938650306748465 0.10941176470588235 0.013146362839614373
2 0.5158823529411765 0.19982471516213848 0.08352941176470588 0.014022787028921999
2 0.1411764705882353 0.24583698510078877 0.16470588235294117 0.018404907975460124
2 0.11294117647058824 0.2892199824715162 0.10823529411764705 0.017528483786152498
2 0.10529411764705883 0.33304119193689746 0.09294117647058824 0.017528483786152498
2 0.5123529411764706 0.3308501314636284 0.10941176470588235 0.013146362839614373
2 0.1411764705882353 0.3773006134969325 0.16470588235294117 0.018404907975460124
2 0.11294117647058824 0.42068361086765993 0.10823529411764705 0.017528483786152498
2 0.5070588235294118 0.42112182296231376 0.06823529411764706 0.018404907975460124
2 0.10882352941176471 0.4802804557405784 0.1 0.014022787028921999
4 0.24705882352941178 0.4864154250657318 0.023529411764705882 0.017528483786152498
2 0.29705882352941176 0.47984224364592465 0.052941176470588235 0.013146362839614373
4 0.4235294117647059 0.4864154250657318 0.023529411764705882 0.017528483786152498
2 0.46352941176470586 0.47984224364592465 0.03294117647058824 0.013146362839614373
1 0.2605882352941176 0.5337423312883436 0.40352941176470586 0.015775635407537247
2 0.6670588235294118 0.5788781770376863 0.15764705882352942 0.018404907975460124
1 0.6758823529411765 0.5994741454864154 0.1988235294117647 0.015775635407537247