0 0.5 0.05334538878842676 0.6423529411764706 0.0162748643761302
0 0.5 0.1252260397830018 0.23294117647058823 0.015370705244122965
2 0.1411764705882353 0.20840867992766726 0.16470588235294117 0.0189873417721519
3 0.26941176470588235 0.2066003616636528 0.05647058823529412 0.015370705244122965
2 0.10058823529411764 0.2513562386980108 0.08352941176470588 0.014466546112115732
3 0.17705882352941177 0.2527124773960217 0.03411764705882353 0.017179023508137433
2 0.1411764705882353 0.2988245931283906 0.16470588235294117 0.0189873417721519
3 0.27647058823529413 0.2988245931283906 0.07058823529411765 0.0189873417721519
2 0.08294117647058824 0.3435804701627486 0.04823529411764706 0.018083182640144666
3 0.16 0.3462929475587703 0.07058823529411765 0.023508137432188065
2 0.09294117647058824 0.38924050632911394 0.06823529411764706 0.0189873417721519
3 0.16 0.38698010849909587 0.03058823529411765 0.014466546112115732
2 0.09294117647058824 0.4344484629294756 0.06823529411764706 0.0189873417721519
3 0.16470588235294117 0.43264014466546113 0.04 0.015370705244122965
2 0.10882352941176471 0.49547920433996384 0.1 0.014466546112115732
5 0.24705882352941178 0.5018083182640145 0.023529411764705882 0.018083182640144666
2 0.29705882352941176 0.4950271247739602 0.052941176470588235 0.013562386980108499
4 0.4235294117647059 0.5018083182640145 0.023529411764705882 0.018083182640144666
2 0.46352941176470586 0.4950271247739602 0.03294117647058824 0.013562386980108499
1 0.2605882352941176 0.5506329113924051 0.40352941176470586 0.0162748643761302
2 0.6670588235294118 0.5971971066907775 0.15764705882352942 0.0189873417721519
1 0.6758823529411765 0.6184448462929476 0.1988235294117647 0.0162748643761302