0 0.5 0.05272564789991063 0.6423529411764706 0.0160857908847185
0 0.5 0.12377122430741734 0.23294117647058823 0.01519213583556747
2 0.09294117647058824 0.2059874888293119 0.06823529411764706 0.01876675603217158
2 0.10058823529411764 0.2484361036639857 0.08352941176470588 0.014298480786416443
2 0.4823529411764706 0.25067024128686327 0.06823529411764706 0.01876675603217158
2 0.11294117647058824 0.2949061662198391 0.10823529411764705 0.017873100983020553
2 0.5270588235294118 0.2949061662198391 0.10823529411764705 0.017873100983020553
2 0.11352941176470588 0.33735478105451294 0.10941176470588235 0.013404825737265416
2 0.5564705882352942 0.340035746201966 0.16470588235294117 0.01876675603217158
2 0.10882352941176471 0.40035746201966044 0.1 0.014298480786416443
4 0.24705882352941178 0.4066130473637176 0.023529411764705882 0.017873100983020553
2 0.29705882352941176 0.3999106344950849 0.052941176470588235 0.013404825737265416
4 0.4235294117647059 0.4066130473637176 0.023529411764705882 0.017873100983020553
2 0.46352941176470586 0.3999106344950849 0.03294117647058824 0.013404825737265416
1 0.2605882352941176 0.4548704200178731 0.40352941176470586 0.0160857908847185
2 0.6670588235294118 0.5008936550491511 0.15764705882352942 0.01876675603217158
1 0.6758823529411765 0.5218945487042002 0.1988235294117647 0.0160857908847185