0 0.5 0.05339366515837104 0.6423529411764706 0.016289592760180997
0 0.5 0.1253393665158371 0.24941176470588236 0.015384615384615385
2 0.1411764705882353 0.2085972850678733 0.16470588235294117 0.019004524886877826
2 0.611764705882353 0.2085972850678733 0.16470588235294117 0.019004524886877826
2 0.10529411764705883 0.25339366515837103 0.09294117647058824 0.01809954751131222
2 0.1411764705882353 0.2990950226244344 0.16470588235294117 0.019004524886877826
2 0.10058823529411764 0.3420814479638009 0.08352941176470588 0.014479638009049774
2 0.10882352941176471 0.40542986425339367 0.1 0.014479638009049774
4 0.24705882352941178 0.4117647058823529 0.023529411764705882 0.01809954751131222
2 0.29705882352941176 0.40497737556561086 0.052941176470588235 0.013574660633484163
4 0.4235294117647059 0.4117647058823529 0.023529411764705882 0.01809954751131222
2 0.46352941176470586 0.40497737556561086 0.03294117647058824 0.013574660633484163
1 0.2605882352941176 0.4606334841628959 0.40352941176470586 0.016289592760180997
2 0.6670588235294118 0.5072398190045249 0.15764705882352942 0.019004524886877826
1 0.6758823529411765 0.5285067873303168 0.1988235294117647 0.016289592760180997