0 0.5 0.053057553956834536 0.6423529411764706 0.01618705035971223
0 0.5 0.12455035971223022 0.23294117647058823 0.015287769784172662
2 0.09058823529411765 0.2045863309352518 0.06352941176470588 0.013489208633093525
3 0.16411764705882353 0.20503597122302158 0.04823529411764706 0.014388489208633094
2 0.09058823529411765 0.24955035971223022 0.06352941176470588 0.013489208633093525
3 0.1711764705882353 0.2522482014388489 0.06235294117647059 0.018884892086330936
2 0.4623529411764706 0.2522482014388489 0.06823529411764706 0.018884892086330936
3 0.5347058823529411 0.2504496402877698 0.041176470588235294 0.015287769784172662
2 0.09294117647058824 0.2972122302158273 0.06823529411764706 0.018884892086330936
3 0.16411764705882353 0.29676258992805754 0.03882352941176471 0.017985611510791366
2 0.10529411764705883 0.34172661870503596 0.09294117647058824 0.017985611510791366
3 0.19 0.3403776978417266 0.041176470588235294 0.015287769784172662
2 0.1411764705882353 0.38714028776978415 0.16470588235294117 0.018884892086330936
3 0.27176470588235296 0.385341726618705 0.0611764705882353 0.015287769784172662
2 0.09294117647058824 0.43210431654676257 0.06823529411764706 0.018884892086330936
3 0.16823529411764707 0.42985611510791366 0.047058823529411764 0.014388489208633094
2 0.47941176470588237 0.4316546762589928 0.09294117647058824 0.017985611510791366
3 0.5741176470588235 0.43210431654676257 0.0611764705882353 0.018884892086330936
2 0.10882352941176471 0.49280575539568344 0.1 0.014388489208633094
4 0.24705882352941178 0.49910071942446044 0.023529411764705882 0.017985611510791366
2 0.29705882352941176 0.49235611510791366 0.052941176470588235 0.013489208633093525
5 0.4235294117647059 0.49910071942446044 0.023529411764705882 0.017985611510791366
2 0.46352941176470586 0.49235611510791366 0.03294117647058824 0.013489208633093525
1 0.2605882352941176 0.5476618705035972 0.40352941176470586 0.01618705035971223
2 0.6670588235294118 0.5939748201438849 0.15764705882352942 0.018884892086330936
1 0.6758823529411765 0.6151079136690647 0.1988235294117647 0.01618705035971223