0 0.5 0.05673076923076923 0.6423529411764706 0.01730769230769231
0 0.5 0.13365384615384615 0.2647058823529412 0.01730769230769231
2 0.11294117647058824 0.22115384615384615 0.10823529411764705 0.019230769230769232
3 0.20529411764705882 0.21971153846153846 0.041176470588235294 0.016346153846153847
2 0.11294117647058824 0.2692307692307692 0.10823529411764705 0.019230769230769232
3 0.20411764705882354 0.2692307692307692 0.03882352941176471 0.019230769230769232
2 0.5070588235294118 0.26971153846153845 0.06823529411764706 0.020192307692307693
3 0.5729411764705883 0.2673076923076923 0.02823529411764706 0.015384615384615385
2 0.08294117647058824 0.3173076923076923 0.04823529411764706 0.019230769230769232
3 0.1411764705882353 0.3153846153846154 0.03294117647058824 0.015384615384615385
2 0.11352941176470588 0.3629807692307692 0.10941176470588235 0.014423076923076924
3 0.28 0.3663461538461538 0.18823529411764706 0.021153846153846155
2 0.5288235294117647 0.3629807692307692 0.10941176470588235 0.014423076923076924
3 0.6635294117647059 0.3663461538461538 0.12470588235294118 0.021153846153846155
2 0.10882352941176471 0.4307692307692308 0.1 0.015384615384615385
4 0.24705882352941178 0.4375 0.023529411764705882 0.019230769230769232
2 0.29705882352941176 0.43028846153846156 0.052941176470588235 0.014423076923076924
5 0.4235294117647059 0.4375 0.023529411764705882 0.019230769230769232
2 0.46352941176470586 0.43028846153846156 0.03294117647058824 0.014423076923076924
1 0.2605882352941176 0.4894230769230769 0.40352941176470586 0.01730769230769231
2 0.6670588235294118 0.5389423076923077 0.15764705882352942 0.020192307692307693
1 0.6758823529411765 0.5615384615384615 0.1988235294117647 0.01730769230769231