0 0.5 0.05651340996168582 0.6423529411764706 0.017241379310344827
0 0.5 0.1331417624521073 0.28352941176470586 0.017241379310344827
2 0.10058823529411764 0.21839080459770116 0.08352941176470588 0.01532567049808429
3 0.17647058823529413 0.22078544061302682 0.03294117647058824 0.020114942528735632
2 0.48 0.21791187739463602 0.06352941176470588 0.014367816091954023
3 0.5535294117647059 0.21839080459770116 0.04823529411764706 0.01532567049808429
2 0.10529411764705883 0.2681992337164751 0.09294117647058824 0.019157088122605363
3 0.19117647058823528 0.26676245210727967 0.04352941176470588 0.016283524904214558
2 0.08294117647058824 0.3160919540229885 0.04823529411764706 0.019157088122605363
3 0.1476470588235294 0.31417624521072796 0.04588235294117647 0.01532567049808429
2 0.10058823529411764 0.3620689655172414 0.08352941176470588 0.01532567049808429
3 0.18588235294117647 0.3625478927203065 0.05176470588235294 0.016283524904214558
2 0.10882352941176471 0.42911877394636017 0.1 0.01532567049808429
4 0.24705882352941178 0.43582375478927204 0.023529411764705882 0.019157088122605363
2 0.29705882352941176 0.428639846743295 0.052941176470588235 0.014367816091954023
5 0.4235294117647059 0.43582375478927204 0.023529411764705882 0.019157088122605363
2 0.46352941176470586 0.428639846743295 0.03294117647058824 0.014367816091954023
1 0.2605882352941176 0.4875478927203065 0.40352941176470586 0.017241379310344827
2 0.6670588235294118 0.5368773946360154 0.15764705882352942 0.020114942528735632
1 0.6758823529411765 0.5593869731800766 0.1988235294117647 0.017241379310344827