0 0.5 0.05744888023369036 0.6423529411764706 0.017526777020447908
0 0.5 0.13485881207400194 0.24941176470588236 0.016553067185978577
2 0.09294117647058824 0.22444011684518014 0.06823529411764706 0.02044790652385589
3 0.1588235294117647 0.22200584225900682 0.02823529411764706 0.01557935735150925
2 0.5152941176470588 0.22444011684518014 0.16470588235294117 0.02044790652385589
2 0.1411764705882353 0.27312560856864654 0.16470588235294117 0.02044790652385589
2 0.09294117647058824 0.32181110029211296 0.06823529411764706 0.02044790652385589
3 0.17529411764705882 0.3198636806231743 0.0611764705882353 0.016553067185978577
2 0.10058823529411764 0.36806231742940604 0.08352941176470588 0.01557935735150925
3 0.18588235294117647 0.3685491723466407 0.05176470588235294 0.016553067185978577
2 0.5029411764705882 0.3675754625121714 0.10941176470588235 0.014605647517039922
2 0.1411764705882353 0.41918208373904575 0.16470588235294117 0.02044790652385589
2 0.5535294117647059 0.4186952288218111 0.04823529411764706 0.019474196689386564
3 0.6188235294117647 0.41918208373904575 0.047058823529411764 0.02044790652385589
2 0.11352941176470588 0.46494644595910417 0.10941176470588235 0.014605647517039922
3 0.2847058823529412 0.4673807205452775 0.1976470588235294 0.019474196689386564
2 0.5564705882352942 0.4678675754625122 0.16470588235294117 0.02044790652385589
3 0.6729411764705883 0.46543330087633883 0.03294117647058824 0.01557935735150925
2 0.10882352941176471 0.5335929892891919 0.1 0.01557935735150925
4 0.24705882352941178 0.5404089581304771 0.023529411764705882 0.019474196689386564
2 0.29705882352941176 0.5331061343719572 0.052941176470588235 0.014605647517039922
5 0.4235294117647059 0.5404089581304771 0.023529411764705882 0.019474196689386564
2 0.46352941176470586 0.5331061343719572 0.03294117647058824 0.014605647517039922
1 0.2605882352941176 0.5929892891918208 0.40352941176470586 0.017526777020447908
2 0.6670588235294118 0.6431353456669913 0.15764705882352942 0.02044790652385589
1 0.6758823529411765 0.6660175267770204 0.1988235294117647 0.017526777020447908