0 0.5 0.05784313725490196 0.6423529411764706 0.01764705882352941
0 0.5 0.13578431372549019 0.23294117647058823 0.016666666666666666
2 0.08294117647058824 0.22549019607843138 0.04823529411764706 0.0196078431372549
3 0.1411764705882353 0.2235294117647059 0.03294117647058824 0.01568627450980392
2 0.11352941176470588 0.27205882352941174 0.10941176470588235 0.014705882352941176
3 0.2511764705882353 0.275 0.13058823529411764 0.020588235294117647
2 0.08294117647058824 0.3235294117647059 0.04823529411764706 0.0196078431372549
3 0.1388235294117647 0.3220588235294118 0.02823529411764706 0.016666666666666666
2 0.1411764705882353 0.3730392156862745 0.16470588235294117 0.020588235294117647
3 0.28058823529411764 0.3735294117647059 0.07882352941176471 0.021568627450980392
2 0.5611764705882353 0.3700980392156863 0.06352941176470588 0.014705882352941176
3 0.6270588235294118 0.3730392156862745 0.03294117647058824 0.020588235294117647
2 0.11352941176470588 0.41911764705882354 0.10941176470588235 0.014705882352941176
3 0.2564705882352941 0.42254901960784313 0.1411764705882353 0.021568627450980392
2 0.10529411764705883 0.47058823529411764 0.09294117647058824 0.0196078431372549
3 0.19294117647058823 0.47009803921568627 0.047058823529411764 0.018627450980392157
2 0.10882352941176471 0.5372549019607843 0.1 0.01568627450980392
4 0.24705882352941178 0.5441176470588235 0.023529411764705882 0.0196078431372549
2 0.29705882352941176 0.5367647058823529 0.052941176470588235 0.014705882352941176
5 0.4235294117647059 0.5441176470588235 0.023529411764705882 0.0196078431372549
2 0.46352941176470586 0.5367647058823529 0.03294117647058824 0.014705882352941176
1 0.2605882352941176 0.5970588235294118 0.40352941176470586 0.01764705882352941
2 0.6670588235294118 0.6475490196078432 0.15764705882352942 0.020588235294117647
1 0.6758823529411765 0.6705882352941176 0.1988235294117647 0.01764705882352941