0 0.5 0.053009883198562445 0.6423529411764706 0.016172506738544475
0 0.5 0.12443845462713388 0.23294117647058823 0.015274034141958671
2 0.1411764705882353 0.20709793351302785 0.16470588235294117 0.018867924528301886
3 0.27176470588235296 0.20709793351302785 0.0611764705882353 0.018867924528301886
2 0.08294117647058824 0.25157232704402516 0.04823529411764706 0.017969451931716084
3 0.1388235294117647 0.2502246181491464 0.02823529411764706 0.015274034141958671
2 0.1411764705882353 0.2969451931716083 0.16470588235294117 0.018867924528301886
3 0.25529411764705884 0.29514824797843664 0.02823529411764706 0.015274034141958671
2 0.5841176470588235 0.2942497753818509 0.10941176470588235 0.013477088948787063
3 0.7070588235294117 0.29514824797843664 0.1011764705882353 0.015274034141958671
2 0.10058823529411764 0.33962264150943394 0.08352941176470588 0.014375561545372867
3 0.17705882352941177 0.33962264150943394 0.03411764705882353 0.014375561545372867
2 0.5023529411764706 0.3414195867026056 0.10823529411764705 0.017969451931716084
3 0.5958823529411764 0.34007187780772685 0.04352941176470588 0.015274034141958671
2 0.10882352941176471 0.4025157232704403 0.1 0.014375561545372867
4 0.24705882352941178 0.4088050314465409 0.023529411764705882 0.017969451931716084
2 0.29705882352941176 0.40206648697214736 0.052941176470588235 0.013477088948787063
5 0.4235294117647059 0.4088050314465409 0.023529411764705882 0.017969451931716084
2 0.46352941176470586 0.40206648697214736 0.03294117647058824 0.013477088948787063
1 0.2605882352941176 0.4573225516621743 0.40352941176470586 0.016172506738544475
2 0.6670588235294118 0.5035938903863432 0.15764705882352942 0.018867924528301886
1 0.6758823529411765 0.5247079964061097 0.1988235294117647 0.016172506738544475