0 0.5 0.055924170616113746 0.6423529411764706 0.017061611374407582
0 0.5 0.13127962085308056 0.23294117647058823 0.016113744075829384
2 0.09294117647058824 0.2184834123222749 0.06823529411764706 0.01990521327014218
3 0.16117647058823528 0.2161137440758294 0.03294117647058824 0.015165876777251185
2 0.5152941176470588 0.2184834123222749 0.16470588235294117 0.01990521327014218
3 0.6388235294117647 0.2161137440758294 0.047058823529411764 0.015165876777251185
2 0.10529411764705883 0.26540284360189575 0.09294117647058824 0.018957345971563982
3 0.19294117647058823 0.26587677725118486 0.047058823529411764 0.01990521327014218
2 0.48176470588235293 0.26540284360189575 0.04823529411764706 0.018957345971563982
3 0.5470588235294118 0.26350710900473934 0.047058823529411764 0.015165876777251185
2 0.08294117647058824 0.3127962085308057 0.04823529411764706 0.018957345971563982
3 0.14823529411764705 0.3132701421800948 0.047058823529411764 0.01990521327014218
2 0.09058823529411765 0.3578199052132701 0.06352941176470588 0.014218009478672985
3 0.16294117647058823 0.3582938388625592 0.04588235294117647 0.015165876777251185
2 0.4823529411764706 0.36018957345971564 0.10823529411764705 0.018957345971563982
3 0.5705882352941176 0.3582938388625592 0.03294117647058824 0.015165876777251185
2 0.11294117647058824 0.4075829383886256 0.10823529411764705 0.018957345971563982
3 0.20823529411764705 0.4071090047393365 0.047058823529411764 0.01800947867298578
2 0.5070588235294118 0.4080568720379147 0.06823529411764706 0.01990521327014218
3 0.5752941176470588 0.4080568720379147 0.03294117647058824 0.01990521327014218
2 0.10882352941176471 0.4720379146919431 0.1 0.015165876777251185
4 0.24705882352941178 0.4786729857819905 0.023529411764705882 0.018957345971563982
2 0.29705882352941176 0.471563981042654 0.052941176470588235 0.014218009478672985
5 0.4235294117647059 0.4786729857819905 0.023529411764705882 0.018957345971563982
2 0.46352941176470586 0.471563981042654 0.03294117647058824 0.014218009478672985
1 0.2605882352941176 0.5298578199052133 0.40352941176470586 0.017061611374407582
2 0.6670588235294118 0.5786729857819906 0.15764705882352942 0.01990521327014218
1 0.6758823529411765 0.6009478672985782 0.1988235294117647 0.017061611374407582