0 0.5 0.059 0.6423529411764706 0.018
0 0.5 0.1385 0.24941176470588236 0.017
2 0.1411764705882353 0.2305 0.16470588235294117 0.021
3 0.2635294117647059 0.2285 0.04470588235294118 0.017
2 0.5758823529411765 0.23 0.09294117647058824 0.02
3 0.6694117647058824 0.2285 0.058823529411764705 0.017
2 0.09294117647058824 0.2805 0.06823529411764706 0.021
3 0.16117647058823528 0.278 0.03294117647058824 0.016
2 0.08294117647058824 0.33 0.04823529411764706 0.02
3 0.14470588235294118 0.3305 0.04 0.021
2 0.45941176470588235 0.33 0.09294117647058824 0.02
3 0.5458823529411765 0.3305 0.04470588235294118 0.021
2 0.09294117647058824 0.3805 0.06823529411764706 0.021
3 0.16117647058823528 0.378 0.03294117647058824 0.016
2 0.45705882352941174 0.38 0.04823529411764706 0.02
3 0.5217647058823529 0.3795 0.04588235294117647 0.019
2 0.10882352941176471 0.448 0.1 0.016
4 0.24705882352941178 0.455 0.023529411764705882 0.02
2 0.29705882352941176 0.4475 0.052941176470588235 0.015
5 0.4235294117647059 0.455 0.023529411764705882 0.02
2 0.46352941176470586 0.4475 0.03294117647058824 0.015
1 0.2605882352941176 0.509 0.40352941176470586 0.018
2 0.6670588235294118 0.5605 0.15764705882352942 0.021
1 0.6758823529411765 0.584 0.1988235294117647 0.018