0 0.5 0.059 0.6423529411764706 0.018
0 0.5 0.1385 0.23294117647058823 0.017
2 0.11294117647058824 0.23 0.10823529411764705 0.02
3 0.20647058823529413 0.2285 0.04352941176470588 0.017
2 0.10058823529411764 0.278 0.08352941176470588 0.016
3 0.19058823529411764 0.2805 0.0611764705882353 0.021
2 0.5029411764705882 0.2775 0.10941176470588235 0.015
3 0.6388235294117647 0.28 0.12705882352941175 0.02
2 0.08294117647058824 0.33 0.04823529411764706 0.02
3 0.15588235294117647 0.3305 0.06235294117647059 0.021
2 0.11294117647058824 0.38 0.10823529411764705 0.02
3 0.2076470588235294 0.3795 0.04588235294117647 0.019
2 0.09058823529411765 0.4275 0.06352941176470588 0.015
3 0.16588235294117648 0.4285 0.05176470588235294 0.017
2 0.10882352941176471 0.498 0.1 0.016
4 0.24705882352941178 0.505 0.023529411764705882 0.02
2 0.29705882352941176 0.4975 0.052941176470588235 0.015
5 0.4235294117647059 0.505 0.023529411764705882 0.02
2 0.46352941176470586 0.4975 0.03294117647058824 0.015
1 0.2605882352941176 0.559 0.40352941176470586 0.018
2 0.6670588235294118 0.6105 0.15764705882352942 0.021
1 0.6758823529411765 0.634 0.1988235294117647 0.018