0 0.5 0.054078826764436295 0.6423529411764706 0.016498625114573784
0 0.5 0.12694775435380384 0.23294117647058823 0.015582034830430797
2 0.11294117647058824 0.21081576535288726 0.10823529411764705 0.01833180568285976
3 0.20823529411764705 0.21127406049495875 0.047058823529411764 0.01924839596700275
2 0.11294117647058824 0.2566452795600367 0.10823529411764705 0.01833180568285976
3 0.20823529411764705 0.25618698441796517 0.047058823529411764 0.017415215398716773
2 0.5147058823529411 0.25481209899175067 0.08352941176470588 0.01466544454628781
3 0.6047058823529412 0.25710357470210815 0.0611764705882353 0.01924839596700275
2 0.11352941176470588 0.3001833180568286 0.10941176470588235 0.013748854262144821
2 0.5288235294117647 0.3001833180568286 0.10941176470588235 0.013748854262144821
2 0.09058823529411765 0.346012832263978 0.06352941176470588 0.013748854262144821
2 0.4623529411764706 0.34876260311640694 0.06823529411764706 0.01924839596700275
2 0.10882352941176471 0.4106324472960587 0.1 0.01466544454628781
4 0.24705882352941178 0.41704857928505956 0.023529411764705882 0.01833180568285976
2 0.29705882352941176 0.41017415215398717 0.052941176470588235 0.013748854262144821
5 0.4235294117647059 0.41704857928505956 0.023529411764705882 0.01833180568285976
2 0.46352941176470586 0.41017415215398717 0.03294117647058824 0.013748854262144821
1 0.2605882352941176 0.4665444546287809 0.40352941176470586 0.016498625114573784
2 0.6670588235294118 0.5137488542621448 0.15764705882352942 0.01924839596700275
1 0.6758823529411765 0.535288725939505 0.1988235294117647 0.016498625114573784