0 0.5 0.049747048903878585 0.6423529411764706 0.01517706576728499
0 0.5 0.11677908937605397 0.23294117647058823 0.01433389544688027
2 0.09058823529411765 0.1918212478920742 0.06352941176470588 0.012647554806070826
3 0.1564705882352941 0.19224283305227655 0.03294117647058824 0.013490725126475547
2 0.1411764705882353 0.23650927487352444 0.16470588235294117 0.01770657672849916
2 0.5611764705882353 0.2339797639123103 0.06352941176470588 0.012647554806070826
2 0.11352941176470588 0.27613827993254636 0.10941176470588235 0.012647554806070826
3 0.27176470588235296 0.28077571669477236 0.17176470588235293 0.021922428330522766
2 0.11294117647058824 0.32040472175379425 0.10823529411764705 0.016863406408094434
2 0.5194117647058824 0.32040472175379425 0.09294117647058824 0.016863406408094434
2 0.08294117647058824 0.3625632377740304 0.04823529411764706 0.016863406408094434
2 0.46705882352941175 0.3625632377740304 0.10823529411764705 0.016863406408094434
2 0.08294117647058824 0.40472175379426645 0.04823529411764706 0.016863406408094434
3 0.14823529411764705 0.4051433389544688 0.047058823529411764 0.01770657672849916
2 0.10882352941176471 0.4620573355817875 0.1 0.013490725126475547
5 0.24705882352941178 0.4679595278246206 0.023529411764705882 0.016863406408094434
2 0.29705882352941176 0.46163575042158517 0.052941176470588235 0.012647554806070826
4 0.4235294117647059 0.4679595278246206 0.023529411764705882 0.016863406408094434
2 0.46352941176470586 0.46163575042158517 0.03294117647058824 0.012647554806070826
1 0.2605882352941176 0.5134907251264755 0.40352941176470586 0.01517706576728499
2 0.6670588235294118 0.5569139966273187 0.15764705882352942 0.01770657672849916
1 0.6758823529411765 0.5767284991568297 0.1988235294117647 0.01517706576728499