0 0.5 0.055347091932457786 0.6423529411764706 0.016885553470919325
0 0.5 0.1299249530956848 0.24941176470588236 0.01594746716697936
2 0.09294117647058824 0.21622889305816134 0.06823529411764706 0.019699812382739212
3 0.1688235294117647 0.21388367729831145 0.04823529411764706 0.0150093808630394
2 0.08294117647058824 0.2626641651031895 0.04823529411764706 0.01876172607879925
3 0.14705882352941177 0.2607879924953096 0.04470588235294118 0.0150093808630394
2 0.4470588235294118 0.26313320825515946 0.06823529411764706 0.019699812382739212
3 0.52 0.26125703564727953 0.042352941176470586 0.01594746716697936
2 0.10529411764705883 0.30956848030018763 0.09294117647058824 0.01876172607879925
3 0.19294117647058823 0.3100375234521576 0.047058823529411764 0.019699812382739212
2 0.4894117647058824 0.3072232645403377 0.06352941176470588 0.014071294559099437
3 0.5623529411764706 0.3100375234521576 0.047058823529411764 0.019699812382739212
2 0.11294117647058824 0.35647279549718575 0.10823529411764705 0.01876172607879925
3 0.21529411764705883 0.35694183864915574 0.0611764705882353 0.019699812382739212
2 0.5276470588235294 0.35412757973733583 0.10941176470588235 0.014071294559099437
3 0.6923529411764706 0.3592870544090056 0.18470588235294116 0.024390243902439025
2 0.10882352941176471 0.4202626641651032 0.1 0.0150093808630394
4 0.24705882352941178 0.4268292682926829 0.023529411764705882 0.01876172607879925
2 0.29705882352941176 0.4197936210131332 0.052941176470588235 0.014071294559099437
5 0.4235294117647059 0.4268292682926829 0.023529411764705882 0.01876172607879925
2 0.46352941176470586 0.4197936210131332 0.03294117647058824 0.014071294559099437
1 0.2605882352941176 0.4774859287054409 0.40352941176470586 0.016885553470919325
2 0.6670588235294118 0.525797373358349 0.15764705882352942 0.019699812382739212
1 0.6758823529411765 0.5478424015009381 0.1988235294117647 0.016885553470919325