0 0.5 0.050774526678141134 0.6423529411764706 0.01549053356282272
0 0.5 0.11962134251290878 0.30470588235294116 0.01549053356282272
2 0.10529411764705883 0.19793459552495696 0.09294117647058824 0.01721170395869191
3 0.1923529411764706 0.1962134251290878 0.04588235294117647 0.013769363166953529
2 0.11352941176470588 0.23881239242685026 0.10941176470588235 0.012908777969018933
3 0.29411764705882354 0.24182444061962136 0.2164705882352941 0.0189328743545611
2 0.09294117647058824 0.2844234079173838 0.06823529411764706 0.018072289156626505
3 0.16823529411764707 0.2844234079173838 0.047058823529411764 0.018072289156626505
2 0.11352941176470588 0.32487091222030984 0.10941176470588235 0.012908777969018933
3 0.2523529411764706 0.3270223752151463 0.13294117647058823 0.01721170395869191
2 0.10058823529411764 0.3683304647160069 0.08352941176470588 0.013769363166953529
3 0.19470588235294117 0.3704819277108434 0.06941176470588235 0.018072289156626505
2 0.1411764705882353 0.41351118760757316 0.16470588235294117 0.018072289156626505
3 0.26529411764705885 0.4113597246127367 0.04823529411764706 0.013769363166953529
2 0.10882352941176471 0.47160068846815834 0.1 0.013769363166953529
5 0.24705882352941178 0.4776247848537005 0.023529411764705882 0.01721170395869191
2 0.29705882352941176 0.47117039586919107 0.052941176470588235 0.012908777969018933
4 0.4235294117647059 0.4776247848537005 0.023529411764705882 0.01721170395869191
2 0.46352941176470586 0.47117039586919107 0.03294117647058824 0.012908777969018933
1 0.2605882352941176 0.5240963855421686 0.40352941176470586 0.01549053356282272
2 0.6670588235294118 0.5684165232358004 0.15764705882352942 0.018072289156626505
1 0.6758823529411765 0.5886402753872634 0.1988235294117647 0.01549053356282272