0 0.5 0.053636363636363635 0.6423529411764706 0.016363636363636365
0 0.5 0.12590909090909091 0.23294117647058823 0.015454545454545455
2 0.11294117647058824 0.20909090909090908 0.10823529411764705 0.01818181818181818
3 0.21411764705882352 0.20772727272727273 0.058823529411764705 0.015454545454545455
2 0.11352941176470588 0.25227272727272726 0.10941176470588235 0.013636363636363636
2 0.09294117647058824 0.3004545454545455 0.06823529411764706 0.019090909090909092
3 0.16705882352941176 0.29818181818181816 0.04470588235294118 0.014545454545454545
2 0.09294117647058824 0.3459090909090909 0.06823529411764706 0.019090909090909092
2 0.10882352941176471 0.4072727272727273 0.1 0.014545454545454545
5 0.24705882352941178 0.41363636363636364 0.023529411764705882 0.01818181818181818
2 0.29705882352941176 0.4068181818181818 0.052941176470588235 0.013636363636363636
4 0.4235294117647059 0.41363636363636364 0.023529411764705882 0.01818181818181818
2 0.46352941176470586 0.4068181818181818 0.03294117647058824 0.013636363636363636
1 0.2605882352941176 0.4627272727272727 0.40352941176470586 0.016363636363636365
2 0.6670588235294118 0.5095454545454545 0.15764705882352942 0.019090909090909092
1 0.6758823529411765 0.5309090909090909 0.1988235294117647 0.016363636363636365