0 0.5 0.051215277777777776 0.6423529411764706 0.015625
0 0.5 0.12022569444444445 0.24941176470588236 0.014756944444444444
2 0.10529411764705883 0.1996527777777778 0.09294117647058824 0.017361111111111112
3 0.19176470588235295 0.20008680555555555 0.04470588235294118 0.018229166666666668
2 0.09294117647058824 0.24348958333333334 0.06823529411764706 0.018229166666666668
3 0.16588235294117648 0.24131944444444445 0.042352941176470586 0.013888888888888888
2 0.4747058823529412 0.24131944444444445 0.08352941176470588 0.013888888888888888
3 0.5641176470588235 0.2426215277777778 0.06 0.016493055555555556
2 0.10058823529411764 0.2847222222222222 0.08352941176470588 0.013888888888888888
3 0.18 0.28515625 0.04 0.014756944444444444
2 0.09294117647058824 0.3302951388888889 0.06823529411764706 0.018229166666666668
3 0.16647058823529412 0.3285590277777778 0.04352941176470588 0.014756944444444444
2 0.10058823529411764 0.3715277777777778 0.08352941176470588 0.013888888888888888
3 0.18352941176470589 0.3728298611111111 0.047058823529411764 0.016493055555555556
2 0.10882352941176471 0.4322916666666667 0.1 0.013888888888888888
4 0.24705882352941178 0.4383680555555556 0.023529411764705882 0.017361111111111112
2 0.29705882352941176 0.4318576388888889 0.052941176470588235 0.013020833333333334
5 0.4235294117647059 0.4383680555555556 0.023529411764705882 0.017361111111111112
2 0.46352941176470586 0.4318576388888889 0.03294117647058824 0.013020833333333334
1 0.2605882352941176 0.4852430555555556 0.40352941176470586 0.015625
2 0.6670588235294118 0.5299479166666666 0.15764705882352942 0.018229166666666668
1 0.6758823529411765 0.5503472222222222 0.1988235294117647 0.015625