0 0.5 0.053783044667274384 0.6423529411764706 0.016408386508659983
0 0.5 0.12625341841385598 0.24941176470588236 0.015496809480401094
2 0.08294117647058824 0.2096627164995442 0.04823529411764706 0.018231540565177756
3 0.14941176470588236 0.20783956244302643 0.04941176470588235 0.014585232452142206
2 0.11294117647058824 0.2552415679124886 0.10823529411764705 0.018231540565177756
3 0.2111764705882353 0.2534184138559708 0.052941176470588235 0.014585232452142206
2 0.11294117647058824 0.300820419325433 0.10823529411764705 0.018231540565177756
3 0.20823529411764705 0.30127620783956244 0.047058823529411764 0.019143117593436645
2 0.5047058823529412 0.29854147675478576 0.06352941176470588 0.013673655423883319
3 0.5747058823529412 0.29945305378304465 0.041176470588235294 0.015496809480401094
2 0.1411764705882353 0.3468550592525068 0.16470588235294117 0.019143117593436645
3 0.26705882352941174 0.3450319051959891 0.05176470588235294 0.015496809480401094
2 0.09294117647058824 0.39243391066545125 0.06823529411764706 0.019143117593436645
3 0.17529411764705882 0.39243391066545125 0.0611764705882353 0.019143117593436645
2 0.10882352941176471 0.45396536007292615 0.1 0.014585232452142206
4 0.24705882352941178 0.4603463992707384 0.023529411764705882 0.018231540565177756
2 0.29705882352941176 0.45350957155879673 0.052941176470588235 0.013673655423883319
5 0.4235294117647059 0.4603463992707384 0.023529411764705882 0.018231540565177756
2 0.46352941176470586 0.45350957155879673 0.03294117647058824 0.013673655423883319
1 0.2605882352941176 0.5095715587967183 0.40352941176470586 0.016408386508659983
2 0.6670588235294118 0.5565177757520511 0.15764705882352942 0.019143117593436645
1 0.6758823529411765 0.577939835916135 0.1988235294117647 0.016408386508659983