0 0.5 0.05635148042024833 0.6423529411764706 0.017191977077363897
0 0.5 0.13276026743075453 0.28352941176470586 0.017191977077363897
2 0.11352941176470588 0.21728748806112702 0.10941176470588235 0.014326647564469915
3 0.2741176470588235 0.22015281757402103 0.17647058823529413 0.02005730659025788
2 0.11294117647058824 0.26743075453677173 0.10823529411764705 0.019102196752626553
3 0.20470588235294118 0.26599808978032474 0.04 0.01623686723973257
2 0.4970588235294118 0.26743075453677173 0.04823529411764706 0.019102196752626553
3 0.5611764705882353 0.2679083094555874 0.04470588235294118 0.02005730659025788
2 0.11294117647058824 0.3151862464183381 0.10823529411764705 0.019102196752626553
3 0.2011764705882353 0.31566380133715377 0.03294117647058824 0.02005730659025788
2 0.09294117647058824 0.36341929321872013 0.06823529411764706 0.02005730659025788
3 0.16470588235294117 0.3615090735434575 0.04 0.01623686723973257
2 0.09058823529411765 0.40830945558739257 0.06352941176470588 0.014326647564469915
3 0.1564705882352941 0.41117478510028654 0.03294117647058824 0.02005730659025788
2 0.5105882352941177 0.41117478510028654 0.16470588235294117 0.02005730659025788
3 0.6347058823529412 0.41117478510028654 0.04823529411764706 0.02005730659025788
2 0.10882352941176471 0.47564469914040114 0.1 0.015281757402101241
4 0.24705882352941178 0.48233046800382046 0.023529411764705882 0.019102196752626553
2 0.29705882352941176 0.47516714422158546 0.052941176470588235 0.014326647564469915
5 0.4235294117647059 0.48233046800382046 0.023529411764705882 0.019102196752626553
2 0.46352941176470586 0.47516714422158546 0.03294117647058824 0.014326647564469915
1 0.2605882352941176 0.5339063992359121 0.40352941176470586 0.017191977077363897
2 0.6670588235294118 0.5830945558739254 0.15764705882352942 0.02005730659025788
1 0.6758823529411765 0.6055396370582617 0.1988235294117647 0.017191977077363897