0 0.5 0.054528650646950096 0.6423529411764706 0.0166358595194085
0 0.5 0.128003696857671 0.23294117647058823 0.015711645101663587
2 0.1411764705882353 0.21303142329020333 0.16470588235294117 0.019408502772643253
2 0.10529411764705883 0.2587800369685767 0.09294117647058824 0.018484288354898338
2 0.09294117647058824 0.305452865064695 0.06823529411764706 0.019408502772643253
2 0.5152941176470588 0.305452865064695 0.16470588235294117 0.019408502772643253
2 0.10529411764705883 0.3512014787430684 0.09294117647058824 0.018484288354898338
2 0.5041176470588236 0.3512014787430684 0.09294117647058824 0.018484288354898338
2 0.11294117647058824 0.3974121996303142 0.10823529411764705 0.018484288354898338
2 0.5276470588235294 0.39510166358595195 0.10941176470588235 0.013863216266173753
2 0.1411764705882353 0.44408502772643255 0.16470588235294117 0.019408502772643253
2 0.10882352941176471 0.5064695009242144 0.1 0.014787430683918669
4 0.24705882352941178 0.5129390018484289 0.023529411764705882 0.018484288354898338
2 0.29705882352941176 0.506007393715342 0.052941176470588235 0.013863216266173753
4 0.4235294117647059 0.5129390018484289 0.023529411764705882 0.018484288354898338
2 0.46352941176470586 0.506007393715342 0.03294117647058824 0.013863216266173753
1 0.2605882352941176 0.5628465804066544 0.40352941176470586 0.0166358595194085
2 0.6670588235294118 0.6104436229205176 0.15764705882352942 0.019408502772643253
1 0.6758823529411765 0.6321626617375231 0.1988235294117647 0.0166358595194085