0 0.5 0.05447830101569714 0.6423529411764706 0.01662049861495845
0 0.5 0.12788550323176362 0.23294117647058823 0.01569713758079409
2 0.10058823529411764 0.21052631578947367 0.08352941176470588 0.014773776546629732
3 0.18 0.21283471837488457 0.04 0.019390581717451522
2 0.4823529411764706 0.21283471837488457 0.06823529411764706 0.019390581717451522
3 0.5570588235294117 0.21052631578947367 0.04588235294117647 0.014773776546629732
2 0.1411764705882353 0.2590027700831025 0.16470588235294117 0.019390581717451522
3 0.27941176470588236 0.2594644506001847 0.07647058823529412 0.020313942751615882
2 0.5711764705882353 0.2566943674976916 0.08352941176470588 0.014773776546629732
3 0.66 0.25715604801477376 0.058823529411764705 0.01569713758079409
2 0.10529411764705883 0.3047091412742382 0.09294117647058824 0.018467220683287166
3 0.20470588235294118 0.3074792243767313 0.07058823529411765 0.024007386888273315
2 0.4894117647058824 0.30240073868882733 0.06352941176470588 0.013850415512465374
3 0.5552941176470588 0.3051708217913204 0.03294117647058824 0.019390581717451522
2 0.09294117647058824 0.3513388734995383 0.06823529411764706 0.019390581717451522
3 0.17058823529411765 0.3494921514312096 0.05176470588235294 0.01569713758079409
2 0.09058823529411765 0.39473684210526316 0.06352941176470588 0.013850415512465374
3 0.15411764705882353 0.39519852262234534 0.02823529411764706 0.014773776546629732
2 0.10058823529411764 0.44136657433056325 0.08352941176470588 0.014773776546629732
3 0.18 0.44182825484764543 0.04 0.01569713758079409
2 0.10882352941176471 0.5060018467220684 0.1 0.014773776546629732
5 0.24705882352941178 0.5124653739612188 0.023529411764705882 0.018467220683287166
2 0.29705882352941176 0.5055401662049861 0.052941176470588235 0.013850415512465374
4 0.4235294117647059 0.5124653739612188 0.023529411764705882 0.018467220683287166
2 0.46352941176470586 0.5055401662049861 0.03294117647058824 0.013850415512465374
1 0.2605882352941176 0.5623268698060941 0.40352941176470586 0.01662049861495845
2 0.6670588235294118 0.6098799630655586 0.15764705882352942 0.019390581717451522
1 0.6758823529411765 0.631578947368421 0.1988235294117647 0.01662049861495845