0 0.5 0.050556983718937444 0.6423529411764706 0.015424164524421594
0 0.5 0.11910882604970009 0.30470588235294116 0.015424164524421594
2 0.1411764705882353 0.19751499571550984 0.16470588235294117 0.017994858611825194
3 0.2647058823529412 0.19751499571550984 0.047058823529411764 0.017994858611825194
2 0.11352941176470588 0.2377892030848329 0.10941176470588235 0.012853470437017995
3 0.2917647058823529 0.24250214224507283 0.21176470588235294 0.022279348757497857
2 0.09294117647058824 0.28320479862896314 0.06823529411764706 0.017994858611825194
3 0.17411764705882352 0.2814910025706941 0.058823529411764705 0.01456726649528706
2 0.09058823529411765 0.3234790059982862 0.06352941176470588 0.012853470437017995
3 0.16470588235294117 0.32390745501285345 0.04941176470588235 0.013710368466152529
2 0.09058823529411765 0.36632390745501286 0.06352941176470588 0.012853470437017995
3 0.16294117647058823 0.3680377035132819 0.04588235294117647 0.016281062553556127
2 0.10882352941176471 0.4267352185089974 0.1 0.013710368466152529
5 0.24705882352941178 0.43273350471293914 0.023529411764705882 0.01713796058269066
2 0.29705882352941176 0.42630676949443014 0.052941176470588235 0.012853470437017995
4 0.4235294117647059 0.43273350471293914 0.023529411764705882 0.01713796058269066
2 0.46352941176470586 0.42630676949443014 0.03294117647058824 0.012853470437017995
1 0.2605882352941176 0.47900599828620394 0.40352941176470586 0.015424164524421594
2 0.6670588235294118 0.5231362467866324 0.15764705882352942 0.017994858611825194
1 0.6758823529411765 0.5432733504712939 0.1988235294117647 0.015424164524421594