0 0.5 0.05094991364421416 0.6423529411764706 0.015544041450777202
0 0.5 0.12003454231433507 0.30470588235294116 0.015544041450777202
2 0.08294117647058824 0.19861830742659758 0.04823529411764706 0.017271157167530225
2 0.4447058823529412 0.19645941278065632 0.06352941176470588 0.012953367875647668
2 0.09058823529411765 0.23963730569948186 0.06352941176470588 0.012953367875647668
2 0.08294117647058824 0.2849740932642487 0.04823529411764706 0.017271157167530225
2 0.09058823529411765 0.32599309153713296 0.06352941176470588 0.012953367875647668
2 0.09058823529411765 0.36917098445595853 0.06352941176470588 0.012953367875647668
2 0.48294117647058826 0.36917098445595853 0.10941176470588235 0.012953367875647668
2 0.09294117647058824 0.41493955094991364 0.06823529411764706 0.018134715025906734
2 0.10882352941176471 0.47322970639032813 0.1 0.013816925734024179
4 0.24705882352941178 0.4792746113989637 0.023529411764705882 0.017271157167530225
2 0.29705882352941176 0.4727979274611399 0.052941176470588235 0.012953367875647668
4 0.4235294117647059 0.4792746113989637 0.023529411764705882 0.017271157167530225
2 0.46352941176470586 0.4727979274611399 0.03294117647058824 0.012953367875647668
1 0.2605882352941176 0.5259067357512953 0.40352941176470586 0.015544041450777202
2 0.6670588235294118 0.5703799654576857 0.15764705882352942 0.018134715025906734
1 0.6758823529411765 0.5906735751295337 0.1988235294117647 0.015544041450777202