0 0.5 0.05353901996370236 0.6423529411764706 0.016333938294010888
0 0.5 0.12568058076225044 0.23294117647058823 0.015426497277676952
2 0.09294117647058824 0.20916515426497279 0.06823529411764706 0.019056261343012703
2 0.5152941176470588 0.20916515426497279 0.16470588235294117 0.019056261343012703
2 0.10529411764705883 0.2540834845735027 0.09294117647058824 0.018148820326678767
2 0.08294117647058824 0.29945553539019965 0.04823529411764706 0.018148820326678767
2 0.10058823529411764 0.3430127041742287 0.08352941176470588 0.014519056261343012
2 0.4823529411764706 0.3452813067150635 0.06823529411764706 0.019056261343012703
2 0.08294117647058824 0.39019963702359345 0.04823529411764706 0.018148820326678767
2 0.4370588235294118 0.39019963702359345 0.04823529411764706 0.018148820326678767
2 0.09058823529411765 0.43330308529945555 0.06352941176470588 0.013611615245009074
2 0.46 0.43330308529945555 0.06352941176470588 0.013611615245009074
2 0.10882352941176471 0.49727767695099817 0.1 0.014519056261343012
4 0.24705882352941178 0.5036297640653358 0.023529411764705882 0.018148820326678767
2 0.29705882352941176 0.4968239564428312 0.052941176470588235 0.013611615245009074
4 0.4235294117647059 0.5036297640653358 0.023529411764705882 0.018148820326678767
2 0.46352941176470586 0.4968239564428312 0.03294117647058824 0.013611615245009074
1 0.2605882352941176 0.5526315789473685 0.40352941176470586 0.016333938294010888
2 0.6670588235294118 0.5993647912885662 0.15764705882352942 0.019056261343012703
1 0.6758823529411765 0.6206896551724138 0.1988235294117647 0.016333938294010888