0 0.5 0.053297199638663056 0.6423529411764706 0.016260162601626018
0 0.5 0.12556458897922312 0.2647058823529412 0.016260162601626018
2 0.11352941176470588 0.2055103884372177 0.10941176470588235 0.013550135501355014
2 0.09294117647058824 0.25338753387533874 0.06823529411764706 0.018970189701897018
2 0.08294117647058824 0.2981029810298103 0.04823529411764706 0.018066847335140017
2 0.4470588235294118 0.2985546522131888 0.06823529411764706 0.018970189701897018
2 0.08294117647058824 0.34327009936766034 0.04823529411764706 0.018066847335140017
2 0.4370588235294118 0.34327009936766034 0.04823529411764706 0.018066847335140017
2 0.10058823529411764 0.3866305329719964 0.08352941176470588 0.014453477868112014
2 0.4723529411764706 0.3884372177055104 0.04823529411764706 0.018066847335140017
2 0.08294117647058824 0.43360433604336046 0.04823529411764706 0.018066847335140017
2 0.10882352941176471 0.4950316169828365 0.1 0.014453477868112014
4 0.24705882352941178 0.5013550135501355 0.023529411764705882 0.018066847335140017
2 0.29705882352941176 0.494579945799458 0.052941176470588235 0.013550135501355014
4 0.4235294117647059 0.5013550135501355 0.023529411764705882 0.018066847335140017
2 0.46352941176470586 0.494579945799458 0.03294117647058824 0.013550135501355014
1 0.2605882352941176 0.5501355013550135 0.40352941176470586 0.016260162601626018
2 0.6670588235294118 0.5966576332429991 0.15764705882352942 0.018970189701897018
1 0.6758823529411765 0.6178861788617886 0.1988235294117647 0.016260162601626018