0 0.5 0.04957983193277311 0.6423529411764706 0.015126050420168067
0 0.5 0.11638655462184874 0.24941176470588236 0.014285714285714285
2 0.09294117647058824 0.19369747899159664 0.06823529411764706 0.01764705882352941
3 0.17058823529411765 0.1920168067226891 0.05176470588235294 0.014285714285714285
2 0.11352941176470588 0.23319327731092437 0.10941176470588235 0.012605042016806723
3 0.24294117647058824 0.2357142857142857 0.11411764705882353 0.01764705882352941
2 0.11294117647058824 0.2773109243697479 0.10823529411764705 0.01680672268907563
3 0.20588235294117646 0.27605042016806725 0.042352941176470586 0.014285714285714285
2 0.5552941176470588 0.2777310924369748 0.16470588235294117 0.01764705882352941
3 0.6705882352941176 0.27563025210084036 0.03058823529411765 0.013445378151260505
2 0.1411764705882353 0.31974789915966384 0.16470588235294117 0.01764705882352941
3 0.2647058823529412 0.31974789915966384 0.047058823529411764 0.01764705882352941
2 0.10882352941176471 0.3764705882352941 0.1 0.013445378151260505
4 0.24705882352941178 0.38235294117647056 0.023529411764705882 0.01680672268907563
2 0.29705882352941176 0.3760504201680672 0.052941176470588235 0.012605042016806723
5 0.4235294117647059 0.38235294117647056 0.023529411764705882 0.01680672268907563
2 0.46352941176470586 0.3760504201680672 0.03294117647058824 0.012605042016806723
1 0.2605882352941176 0.42773109243697477 0.40352941176470586 0.015126050420168067
2 0.6670588235294118 0.47100840336134453 0.15764705882352942 0.01764705882352941
1 0.6758823529411765 0.4907563025210084 0.1988235294117647 0.015126050420168067