0 0.5 0.05662188099808062 0.6423529411764706 0.01727447216890595
0 0.5 0.13291746641074856 0.23294117647058823 0.016314779270633396
2 0.10058823529411764 0.21880998080614203 0.08352941176470588 0.015355086372360844
3 0.18352941176470589 0.22120921305182342 0.047058823529411764 0.02015355086372361
2 0.09058823529411765 0.2663147792706334 0.06352941176470588 0.014395393474088292
3 0.15705882352941178 0.2667946257197697 0.03411764705882353 0.015355086372360844
2 0.10058823529411764 0.31477927063339733 0.08352941176470588 0.015355086372360844
3 0.1952941176470588 0.31717850287907867 0.07058823529411765 0.02015355086372361
2 0.10058823529411764 0.362763915547025 0.08352941176470588 0.015355086372360844
3 0.18 0.3632437619961612 0.04 0.016314779270633396
2 0.11352941176470588 0.4102687140115163 0.10941176470588235 0.014395393474088292
3 0.3064705882352941 0.41554702495201534 0.2411764705882353 0.02495201535508637
2 0.10882352941176471 0.4779270633397313 0.1 0.015355086372360844
5 0.24705882352941178 0.4846449136276392 0.023529411764705882 0.019193857965451054
2 0.29705882352941176 0.477447216890595 0.052941176470588235 0.014395393474088292
4 0.4235294117647059 0.4846449136276392 0.023529411764705882 0.019193857965451054
2 0.46352941176470586 0.477447216890595 0.03294117647058824 0.014395393474088292
1 0.2605882352941176 0.536468330134357 0.40352941176470586 0.01727447216890595
2 0.6670588235294118 0.5858925143953935 0.15764705882352942 0.02015355086372361
1 0.6758823529411765 0.6084452975047985 0.1988235294117647 0.01727447216890595