0 0.5 0.0575609756097561 0.6423529411764706 0.0175609756097561
0 0.5 0.13560975609756099 0.2647058823529412 0.0175609756097561
2 0.11294117647058824 0.22439024390243903 0.10823529411764705 0.01951219512195122
3 0.20647058823529413 0.2229268292682927 0.04352941176470588 0.016585365853658537
2 0.5270588235294118 0.22439024390243903 0.10823529411764705 0.01951219512195122
2 0.08294117647058824 0.2731707317073171 0.04823529411764706 0.01951219512195122
3 0.14823529411764705 0.2736585365853659 0.047058823529411764 0.02048780487804878
2 0.46705882352941175 0.2731707317073171 0.10823529411764705 0.01951219512195122
3 0.5552941176470588 0.27121951219512197 0.03294117647058824 0.015609756097560976
2 0.10058823529411764 0.32 0.08352941176470588 0.015609756097560976
2 0.09294117647058824 0.37121951219512195 0.06823529411764706 0.02048780487804878
3 0.17529411764705882 0.37121951219512195 0.0611764705882353 0.02048780487804878
2 0.09294117647058824 0.42 0.06823529411764706 0.02048780487804878
2 0.4647058823529412 0.4170731707317073 0.06352941176470588 0.014634146341463415
2 0.10882352941176471 0.48585365853658535 0.1 0.015609756097560976
5 0.24705882352941178 0.4926829268292683 0.023529411764705882 0.01951219512195122
2 0.29705882352941176 0.4853658536585366 0.052941176470588235 0.014634146341463415
4 0.4235294117647059 0.4926829268292683 0.023529411764705882 0.01951219512195122
2 0.46352941176470586 0.4853658536585366 0.03294117647058824 0.014634146341463415
1 0.2605882352941176 0.5453658536585366 0.40352941176470586 0.0175609756097561
2 0.6670588235294118 0.595609756097561 0.15764705882352942 0.02048780487804878
1 0.6758823529411765 0.6185365853658537 0.1988235294117647 0.0175609756097561