0 0.5 0.05519176800748363 0.6423529411764706 0.01683816651075772
0 0.5 0.1295603367633302 0.24941176470588236 0.015902712815715623
2 0.10529411764705883 0.21515434985968196 0.09294117647058824 0.018709073900841908
3 0.18352941176470589 0.21328344246959777 0.02823529411764706 0.014967259120673527
2 0.11352941176470588 0.25958840037418146 0.10941176470588235 0.01403180542563143
3 0.2641176470588235 0.2628624883068288 0.1564705882352941 0.0205799812909261
2 0.5058823529411764 0.25958840037418146 0.06352941176470588 0.01403180542563143
3 0.5788235294117647 0.26052385406922357 0.047058823529411764 0.015902712815715623
2 0.10529411764705883 0.3086997193638915 0.09294117647058824 0.018709073900841908
3 0.2088235294117647 0.30963517305893357 0.07882352941176471 0.0205799812909261
2 0.11352941176470588 0.353133769878391 0.10941176470588235 0.01403180542563143
3 0.28 0.35547240411599623 0.18823529411764706 0.018709073900841908
2 0.5564705882352942 0.3559401309635173 0.16470588235294117 0.019644527595884004
3 0.6947058823529412 0.35640785781103834 0.07647058823529412 0.0205799812909261
2 0.09058823529411765 0.3999064546304958 0.06352941176470588 0.01403180542563143
3 0.16941176470588235 0.4008419083255379 0.058823529411764705 0.015902712815715623
2 0.4623529411764706 0.40271281571562206 0.06823529411764706 0.019644527595884004
3 0.5311764705882352 0.40037418147801684 0.03411764705882353 0.014967259120673527
2 0.09058823529411765 0.44667913938260057 0.06352941176470588 0.01403180542563143
3 0.1676470588235294 0.44948550046772684 0.05529411764705883 0.019644527595884004
2 0.10882352941176471 0.5126286248830683 0.1 0.014967259120673527
4 0.24705882352941178 0.5191768007483629 0.023529411764705882 0.018709073900841908
2 0.29705882352941176 0.5121608980355472 0.052941176470588235 0.01403180542563143
5 0.4235294117647059 0.5191768007483629 0.023529411764705882 0.018709073900841908
2 0.46352941176470586 0.5121608980355472 0.03294117647058824 0.01403180542563143
1 0.2605882352941176 0.5696913002806361 0.40352941176470586 0.01683816651075772
2 0.6670588235294118 0.617867165575304 0.15764705882352942 0.019644527595884004
1 0.6758823529411765 0.6398503274087932 0.1988235294117647 0.01683816651075772