0 0.5 0.05778648383937316 0.6423529411764706 0.01762977473065622
0 0.5 0.13614103819784526 0.28352941176470586 0.01762977473065622
2 0.08294117647058824 0.22526934378060726 0.04823529411764706 0.019588638589618023
3 0.1411764705882353 0.2257590597453477 0.03294117647058824 0.02056807051909892
2 0.49529411764705883 0.2257590597453477 0.16470588235294117 0.02056807051909892
3 0.6211764705882353 0.2238001958863859 0.05176470588235294 0.01665034280117532
2 0.08294117647058824 0.2742409402546523 0.04823529411764706 0.019588638589618023
3 0.15529411764705883 0.27473065621939274 0.0611764705882353 0.02056807051909892
2 0.4676470588235294 0.27179236043095006 0.10941176470588235 0.014691478942213516
3 0.6047058823529412 0.277179236043095 0.12941176470588237 0.025465230166503428
2 0.10058823529411764 0.32125367286973555 0.08352941176470588 0.015670910871694418
3 0.19117647058823528 0.32370225269343783 0.06235294117647059 0.02056807051909892
2 0.5305882352941177 0.32370225269343783 0.16470588235294117 0.02056807051909892
3 0.6541176470588236 0.32370225269343783 0.047058823529411764 0.02056807051909892
2 0.09058823529411765 0.3697355533790402 0.06352941176470588 0.014691478942213516
3 0.17470588235294118 0.37267384916748286 0.06941176470588235 0.02056807051909892
2 0.47 0.3702252693437806 0.08352941176470588 0.015670910871694418
3 0.5541176470588235 0.3702252693437806 0.04941176470588235 0.015670910871694418
2 0.10882352941176471 0.4387855044074437 0.1 0.015670910871694418
4 0.24705882352941178 0.44564152791381 0.023529411764705882 0.019588638589618023
2 0.29705882352941176 0.4382957884427032 0.052941176470588235 0.014691478942213516
5 0.4235294117647059 0.44564152791381 0.023529411764705882 0.019588638589618023
2 0.46352941176470586 0.4382957884427032 0.03294117647058824 0.014691478942213516
1 0.2605882352941176 0.49853085210577863 0.40352941176470586 0.01762977473065622
2 0.6670588235294118 0.548971596474045 0.15764705882352942 0.02056807051909892
1 0.6758823529411765 0.5719882468168462 0.1988235294117647 0.01762977473065622