0 0.5 0.05673076923076923 0.6423529411764706 0.01730769230769231
0 0.5 0.13365384615384615 0.30470588235294116 0.01730769230769231
2 0.1411764705882353 0.22163461538461537 0.16470588235294117 0.020192307692307693
3 0.2576470588235294 0.22163461538461537 0.03294117647058824 0.020192307692307693
2 0.10529411764705883 0.2692307692307692 0.09294117647058824 0.019230769230769232
3 0.2011764705882353 0.26875 0.06352941176470588 0.01826923076923077
2 0.5041176470588236 0.2692307692307692 0.09294117647058824 0.019230769230769232
3 0.5847058823529412 0.26971153846153845 0.03294117647058824 0.020192307692307693
2 0.1411764705882353 0.3177884615384615 0.16470588235294117 0.020192307692307693
3 0.2641176470588235 0.3153846153846154 0.04588235294117647 0.015384615384615385
2 0.09058823529411765 0.3629807692307692 0.06352941176470588 0.014423076923076924
3 0.16588235294117648 0.3639423076923077 0.05176470588235294 0.016346153846153847
2 0.47 0.36346153846153845 0.08352941176470588 0.015384615384615385
3 0.5488235294117647 0.36538461538461536 0.03882352941176471 0.019230769230769232
2 0.10882352941176471 0.4307692307692308 0.1 0.015384615384615385
4 0.24705882352941178 0.4375 0.023529411764705882 0.019230769230769232
2 0.29705882352941176 0.43028846153846156 0.052941176470588235 0.014423076923076924
5 0.4235294117647059 0.4375 0.023529411764705882 0.019230769230769232
2 0.46352941176470586 0.43028846153846156 0.03294117647058824 0.014423076923076924
1 0.2605882352941176 0.4894230769230769 0.40352941176470586 0.01730769230769231
2 0.6670588235294118 0.5389423076923077 0.15764705882352942 0.020192307692307693
1 0.6758823529411765 0.5615384615384615 0.1988235294117647 0.01730769230769231