0 0.5 0.05310531053105311 0.6423529411764706 0.016201620162016202
0 0.5 0.1251125112511251 0.28352941176470586 0.016201620162016202
2 0.10529411764705883 0.207020702070207 0.09294117647058824 0.018001800180018002
3 0.18352941176470589 0.20522052205220523 0.02823529411764706 0.0144014401440144
2 0.49176470588235294 0.20747074707470747 0.06823529411764706 0.018901890189018902
3 0.56 0.20522052205220523 0.03294117647058824 0.0144014401440144
2 0.09058823529411765 0.24977497749774977 0.06352941176470588 0.013501350135013501
3 0.17470588235294118 0.2524752475247525 0.06941176470588235 0.018901890189018902
2 0.46 0.24977497749774977 0.06352941176470588 0.013501350135013501
3 0.528235294117647 0.2502250225022502 0.03764705882352941 0.0144014401440144
2 0.10529411764705883 0.297029702970297 0.09294117647058824 0.018001800180018002
3 0.18588235294117647 0.2952295229522952 0.03294117647058824 0.0144014401440144
2 0.5041176470588236 0.297029702970297 0.09294117647058824 0.018001800180018002
3 0.5923529411764706 0.2952295229522952 0.04823529411764706 0.0144014401440144
2 0.08294117647058824 0.342034203420342 0.04823529411764706 0.018001800180018002
3 0.15529411764705883 0.3406840684068407 0.0611764705882353 0.0153015301530153
2 0.4676470588235294 0.3397839783978398 0.10941176470588235 0.013501350135013501
3 0.6005882352941176 0.3406840684068407 0.12117647058823529 0.0153015301530153
2 0.11352941176470588 0.3847884788478848 0.10941176470588235 0.013501350135013501
3 0.28941176470588237 0.38793879387938796 0.20705882352941177 0.019801980198019802
2 0.10882352941176471 0.44824482448244823 0.1 0.0144014401440144
4 0.24705882352941178 0.45454545454545453 0.023529411764705882 0.018001800180018002
2 0.29705882352941176 0.44779477947794777 0.052941176470588235 0.013501350135013501
5 0.4235294117647059 0.45454545454545453 0.023529411764705882 0.018001800180018002
2 0.46352941176470586 0.44779477947794777 0.03294117647058824 0.013501350135013501
1 0.2605882352941176 0.5031503150315032 0.40352941176470586 0.016201620162016202
2 0.6670588235294118 0.5495049504950495 0.15764705882352942 0.018901890189018902
1 0.6758823529411765 0.5706570657065707 0.1988235294117647 0.016201620162016202