0 0.5 0.052120141342756186 0.6423529411764706 0.015901060070671377
0 0.5 0.12234982332155477 0.23294117647058823 0.015017667844522967
2 0.08294117647058824 0.20318021201413428 0.04823529411764706 0.0176678445229682
3 0.14352941176470588 0.20141342756183744 0.03764705882352941 0.014134275618374558
2 0.4447058823529412 0.20097173144876326 0.06352941176470588 0.013250883392226149
3 0.5141176470588236 0.20362190812720848 0.04 0.018551236749116608
2 0.11294117647058824 0.24734982332155478 0.10823529411764705 0.0176678445229682
3 0.20823529411764705 0.247791519434629 0.047058823529411764 0.018551236749116608
2 0.4970588235294118 0.24734982332155478 0.04823529411764706 0.0176678445229682
3 0.5647058823529412 0.24602473498233215 0.05176470588235294 0.015017667844522967
2 0.09058823529411765 0.28931095406360424 0.06352941176470588 0.013250883392226149
3 0.16176470588235295 0.29019434628975266 0.04352941176470588 0.015017667844522967
2 0.46 0.28931095406360424 0.06352941176470588 0.013250883392226149
3 0.53 0.29019434628975266 0.041176470588235294 0.015017667844522967
2 0.10058823529411764 0.3339222614840989 0.08352941176470588 0.014134275618374558
3 0.18941176470588236 0.33436395759717313 0.058823529411764705 0.015017667844522967
2 0.10882352941176471 0.3957597173144876 0.1 0.014134275618374558
4 0.24705882352941178 0.4019434628975265 0.023529411764705882 0.0176678445229682
2 0.29705882352941176 0.3953180212014134 0.052941176470588235 0.013250883392226149
5 0.4235294117647059 0.4019434628975265 0.023529411764705882 0.0176678445229682
2 0.46352941176470586 0.3953180212014134 0.03294117647058824 0.013250883392226149
1 0.2605882352941176 0.4496466431095406 0.40352941176470586 0.015901060070671377
2 0.6670588235294118 0.49514134275618377 0.15764705882352942 0.018551236749116608
1 0.6758823529411765 0.5159010600706714 0.1988235294117647 0.015901060070671377