0 0.5 0.05870646766169154 0.6423529411764706 0.01791044776119403
0 0.5 0.1383084577114428 0.2647058823529412 0.01791044776119403
2 0.1411764705882353 0.22935323383084577 0.16470588235294117 0.020895522388059702
2 0.10058823529411764 0.2766169154228856 0.08352941176470588 0.015920398009950248
2 0.11294117647058824 0.3283582089552239 0.10823529411764705 0.01990049751243781
2 0.11294117647058824 0.3781094527363184 0.10823529411764705 0.01990049751243781
2 0.1411764705882353 0.42835820895522386 0.16470588235294117 0.020895522388059702
2 0.10882352941176471 0.4955223880597015 0.1 0.015920398009950248
4 0.24705882352941178 0.5024875621890548 0.023529411764705882 0.01990049751243781
2 0.29705882352941176 0.49502487562189057 0.052941176470588235 0.014925373134328358
4 0.4235294117647059 0.5024875621890548 0.023529411764705882 0.01990049751243781
2 0.46352941176470586 0.49502487562189057 0.03294117647058824 0.014925373134328358
1 0.2605882352941176 0.5562189054726369 0.40352941176470586 0.01791044776119403
2 0.6670588235294118 0.6074626865671642 0.15764705882352942 0.020895522388059702
1 0.6758823529411765 0.6308457711442786 0.1988235294117647 0.01791044776119403