0 0.5 0.05373406193078324 0.6423529411764706 0.01639344262295082
0 0.5 0.12659380692167577 0.28352941176470586 0.01639344262295082
2 0.09058823529411765 0.20719489981785064 0.06352941176470588 0.01366120218579235
3 0.1564705882352941 0.20765027322404372 0.03294117647058824 0.014571948998178506
2 0.09294117647058824 0.25546448087431695 0.06823529411764706 0.01912568306010929
3 0.17058823529411765 0.25364298724954465 0.05176470588235294 0.015482695810564663
2 0.08294117647058824 0.3005464480874317 0.04823529411764706 0.018214936247723135
3 0.16294117647058823 0.30145719489981787 0.07647058823529412 0.020036429872495445
2 0.09294117647058824 0.3465391621129326 0.06823529411764706 0.01912568306010929
3 0.17529411764705882 0.3465391621129326 0.0611764705882353 0.01912568306010929
2 0.09058823529411765 0.38934426229508196 0.06352941176470588 0.01366120218579235
3 0.16411764705882353 0.39207650273224043 0.04823529411764706 0.01912568306010929
2 0.09058823529411765 0.4348816029143898 0.06352941176470588 0.01366120218579235
3 0.15411764705882353 0.4353369763205829 0.02823529411764706 0.014571948998178506
2 0.10882352941176471 0.4990892531876138 0.1 0.014571948998178506
5 0.24705882352941178 0.505464480874317 0.023529411764705882 0.018214936247723135
2 0.29705882352941176 0.49863387978142076 0.052941176470588235 0.01366120218579235
4 0.4235294117647059 0.505464480874317 0.023529411764705882 0.018214936247723135
2 0.46352941176470586 0.49863387978142076 0.03294117647058824 0.01366120218579235
1 0.2605882352941176 0.5546448087431693 0.40352941176470586 0.01639344262295082
2 0.6670588235294118 0.6015482695810564 0.15764705882352942 0.01912568306010929
1 0.6758823529411765 0.6229508196721312 0.1988235294117647 0.01639344262295082