0 0.5 0.04995766299745978 0.6423529411764706 0.015241320914479255
0 0.5 0.11769686706181202 0.2647058823529412 0.015241320914479255
2 0.08294117647058824 0.1947502116850127 0.04823529411764706 0.01693480101608806
2 0.09058823529411765 0.23497036409822183 0.06352941176470588 0.012701100762066046
2 0.45235294117647057 0.23708721422523285 0.04823529411764706 0.01693480101608806
2 0.09294117647058824 0.2798475867908552 0.06823529411764706 0.017781541066892465
2 0.09058823529411765 0.3196443691786621 0.06352941176470588 0.012701100762066046
2 0.46 0.3196443691786621 0.06352941176470588 0.012701100762066046
2 0.11294117647058824 0.3640982218458933 0.10823529411764705 0.01693480101608806
2 0.11294117647058824 0.40643522438611346 0.10823529411764705 0.01693480101608806
2 0.4970588235294118 0.40643522438611346 0.04823529411764706 0.01693480101608806
2 0.10882352941176471 0.4640135478408129 0.1 0.013547840812870448
4 0.24705882352941178 0.46994072819644367 0.023529411764705882 0.01693480101608806
2 0.29705882352941176 0.4635901778154107 0.052941176470588235 0.012701100762066046
4 0.4235294117647059 0.46994072819644367 0.023529411764705882 0.01693480101608806
2 0.46352941176470586 0.4635901778154107 0.03294117647058824 0.012701100762066046
1 0.2605882352941176 0.5156646909398814 0.40352941176470586 0.015241320914479255
2 0.6670588235294118 0.5592718035563082 0.15764705882352942 0.017781541066892465
1 0.6758823529411765 0.5791701947502117 0.1988235294117647 0.015241320914479255