0 0.5 0.054377880184331796 0.6423529411764706 0.016589861751152075
0 0.5 0.12811059907834102 0.2647058823529412 0.016589861751152075
2 0.10058823529411764 0.21013824884792626 0.08352941176470588 0.014746543778801843
3 0.19058823529411764 0.21244239631336406 0.0611764705882353 0.01935483870967742
2 0.11294117647058824 0.25806451612903225 0.10823529411764705 0.018433179723502304
3 0.2076470588235294 0.2576036866359447 0.04588235294117647 0.017511520737327188
2 0.09294117647058824 0.3046082949308756 0.06823529411764706 0.01935483870967742
3 0.17411764705882352 0.30276497695852533 0.058823529411764705 0.01566820276497696
2 0.11294117647058824 0.35023041474654376 0.10823529411764705 0.018433179723502304
3 0.20705882352941177 0.35069124423963133 0.04470588235294118 0.01935483870967742
2 0.10058823529411764 0.39447004608294933 0.08352941176470588 0.014746543778801843
3 0.18235294117647058 0.39493087557603684 0.04470588235294118 0.01566820276497696
2 0.48 0.39400921658986177 0.06352941176470588 0.013824884792626729
3 0.5458823529411765 0.3967741935483871 0.03294117647058824 0.01935483870967742
2 0.10882352941176471 0.4589861751152074 0.1 0.014746543778801843
4 0.24705882352941178 0.46543778801843316 0.023529411764705882 0.018433179723502304
2 0.29705882352941176 0.45852534562211983 0.052941176470588235 0.013824884792626729
5 0.4235294117647059 0.46543778801843316 0.023529411764705882 0.018433179723502304
2 0.46352941176470586 0.45852534562211983 0.03294117647058824 0.013824884792626729
1 0.2605882352941176 0.5152073732718894 0.40352941176470586 0.016589861751152075
2 0.6670588235294118 0.5626728110599079 0.15764705882352942 0.01935483870967742
1 0.6758823529411765 0.584331797235023 0.1988235294117647 0.016589861751152075