0 0.5 0.05539906103286385 0.6423529411764706 0.016901408450704224
0 0.5 0.13004694835680752 0.23294117647058823 0.01596244131455399
2 0.10529411764705883 0.215962441314554 0.09294117647058824 0.018779342723004695
3 0.1888235294117647 0.215962441314554 0.03882352941176471 0.018779342723004695
2 0.49941176470588233 0.2140845070422535 0.08352941176470588 0.015023474178403756
3 0.59 0.2164319248826291 0.06235294117647059 0.01971830985915493
2 0.10529411764705883 0.26291079812206575 0.09294117647058824 0.018779342723004695
3 0.20647058823529413 0.26384976525821596 0.07411764705882352 0.020657276995305163
2 0.09058823529411765 0.3075117370892019 0.06352941176470588 0.014084507042253521
3 0.16588235294117648 0.3084507042253521 0.05176470588235294 0.01596244131455399
2 0.10529411764705883 0.3568075117370892 0.09294117647058824 0.018779342723004695
3 0.18588235294117647 0.3572769953051643 0.03294117647058824 0.01971830985915493
2 0.54 0.3572769953051643 0.16470588235294117 0.01971830985915493
3 0.67 0.3563380281690141 0.06 0.01784037558685446
2 0.11352941176470588 0.4014084507042254 0.10941176470588235 0.014084507042253521
3 0.2570588235294118 0.40469483568075115 0.1423529411764706 0.020657276995305163
2 0.5205882352941177 0.40375586854460094 0.09294117647058824 0.018779342723004695
3 0.6011764705882353 0.40187793427230045 0.03294117647058824 0.015023474178403756
2 0.10882352941176471 0.4676056338028169 0.1 0.015023474178403756
4 0.24705882352941178 0.47417840375586856 0.023529411764705882 0.018779342723004695
2 0.29705882352941176 0.4671361502347418 0.052941176470588235 0.014084507042253521
5 0.4235294117647059 0.47417840375586856 0.023529411764705882 0.018779342723004695
2 0.46352941176470586 0.4671361502347418 0.03294117647058824 0.014084507042253521
1 0.2605882352941176 0.5248826291079812 0.40352941176470586 0.016901408450704224
2 0.6670588235294118 0.5732394366197183 0.15764705882352942 0.01971830985915493
1 0.6758823529411765 0.5953051643192488 0.1988235294117647 0.016901408450704224