0 0.5 0.05272564789991063 0.6423529411764706 0.0160857908847185
0 0.5 0.12421805183199285 0.28352941176470586 0.0160857908847185
2 0.11294117647058824 0.20554066130473636 0.10823529411764705 0.017873100983020553
2 0.09058823529411765 0.2479892761394102 0.06352941176470588 0.013404825737265416
2 0.1411764705882353 0.29535299374441465 0.16470588235294117 0.01876675603217158
2 0.5758823529411765 0.2949061662198391 0.09294117647058824 0.017873100983020553
2 0.1411764705882353 0.340035746201966 0.16470588235294117 0.01876675603217158
2 0.10058823529411764 0.38248436103663985 0.08352941176470588 0.014298480786416443
2 0.4823529411764706 0.3847184986595174 0.06823529411764706 0.01876675603217158
2 0.10882352941176471 0.4450402144772118 0.1 0.014298480786416443
4 0.24705882352941178 0.451295799821269 0.023529411764705882 0.017873100983020553
2 0.29705882352941176 0.4445933869526363 0.052941176470588235 0.013404825737265416
4 0.4235294117647059 0.451295799821269 0.023529411764705882 0.017873100983020553
2 0.46352941176470586 0.4445933869526363 0.03294117647058824 0.013404825737265416
1 0.2605882352941176 0.49955317247542447 0.40352941176470586 0.0160857908847185
2 0.6670588235294118 0.5455764075067024 0.15764705882352942 0.01876675603217158
1 0.6758823529411765 0.5665773011617515 0.1988235294117647 0.0160857908847185