0 0.5 0.05042735042735043 0.6423529411764706 0.015384615384615385
0 0.5 0.1188034188034188 0.2647058823529412 0.015384615384615385
2 0.10058823529411764 0.19487179487179487 0.08352941176470588 0.013675213675213675
2 0.5305882352941177 0.197008547008547 0.16470588235294117 0.017948717948717947
2 0.11294117647058824 0.23931623931623933 0.10823529411764705 0.017094017094017096
2 0.09058823529411765 0.2799145299145299 0.06352941176470588 0.01282051282051282
2 0.48294117647058826 0.2799145299145299 0.10941176470588235 0.01282051282051282
2 0.10058823529411764 0.3230769230769231 0.08352941176470588 0.013675213675213675
2 0.49 0.3230769230769231 0.08352941176470588 0.013675213675213675
2 0.10882352941176471 0.38290598290598293 0.1 0.013675213675213675
4 0.24705882352941178 0.3888888888888889 0.023529411764705882 0.017094017094017096
2 0.29705882352941176 0.38247863247863245 0.052941176470588235 0.01282051282051282
4 0.4235294117647059 0.3888888888888889 0.023529411764705882 0.017094017094017096
2 0.46352941176470586 0.38247863247863245 0.03294117647058824 0.01282051282051282
1 0.2605882352941176 0.43504273504273505 0.40352941176470586 0.015384615384615385
2 0.6670588235294118 0.4790598290598291 0.15764705882352942 0.017948717948717947
1 0.6758823529411765 0.49914529914529915 0.1988235294117647 0.015384615384615385