0 0.5 0.05012744265080714 0.6423529411764706 0.015293118096856415
0 0.5 0.11809685641461343 0.2647058823529412 0.015293118096856415
2 0.09058823529411765 0.19328802039082413 0.06352941176470588 0.012744265080713678
3 0.1564705882352941 0.1937128292268479 0.03294117647058824 0.013593882752761258
2 0.46 0.19328802039082413 0.06352941176470588 0.012744265080713678
3 0.5258823529411765 0.1937128292268479 0.03294117647058824 0.013593882752761258
2 0.09294117647058824 0.2383177570093458 0.06823529411764706 0.01784197111299915
3 0.18294117647058825 0.23874256584536957 0.07647058823529412 0.018691588785046728
2 0.10058823529411764 0.2786745964316058 0.08352941176470588 0.013593882752761258
3 0.17705882352941177 0.2786745964316058 0.03411764705882353 0.013593882752761258
2 0.49 0.2786745964316058 0.08352941176470588 0.013593882752761258
3 0.5658823529411765 0.2786745964316058 0.03294117647058824 0.013593882752761258
2 0.08294117647058824 0.32285471537807986 0.04823529411764706 0.016992353440951572
3 0.14470588235294118 0.3215802888700085 0.04 0.014443500424808835
2 0.11294117647058824 0.3653355989804588 0.10823529411764705 0.016992353440951572
3 0.20941176470588235 0.36363636363636365 0.04941176470588235 0.013593882752761258
2 0.5194117647058824 0.3653355989804588 0.09294117647058824 0.016992353440951572
3 0.6 0.36363636363636365 0.03294117647058824 0.013593882752761258
2 0.10058823529411764 0.40611724723874254 0.08352941176470588 0.013593882752761258
3 0.17529411764705882 0.40611724723874254 0.03058823529411765 0.013593882752761258
2 0.10882352941176471 0.46559048428207306 0.1 0.013593882752761258
5 0.24705882352941178 0.4715378079864061 0.023529411764705882 0.016992353440951572
2 0.29705882352941176 0.46516567544604925 0.052941176470588235 0.012744265080713678
4 0.4235294117647059 0.4715378079864061 0.023529411764705882 0.016992353440951572
2 0.46352941176470586 0.46516567544604925 0.03294117647058824 0.012744265080713678
1 0.2605882352941176 0.5174171622769753 0.40352941176470586 0.015293118096856415
2 0.6670588235294118 0.5611724723874256 0.15764705882352942 0.01784197111299915
1 0.6758823529411765 0.5811384876805438 0.1988235294117647 0.015293118096856415