0 0.5 0.049747048903878585 0.6423529411764706 0.01517706576728499
0 0.5 0.11720067453625632 0.28352941176470586 0.01517706576728499
2 0.09294117647058824 0.19435075885328837 0.06823529411764706 0.01770657672849916
3 0.17941176470588235 0.19435075885328837 0.06941176470588235 0.01770657672849916
2 0.11294117647058824 0.23608768971332209 0.10823529411764705 0.016863406408094434
3 0.22411764705882353 0.23693086003372682 0.07882352941176471 0.01854974704890388
2 0.09058823529411765 0.27613827993254636 0.06352941176470588 0.012647554806070826
3 0.17058823529411765 0.2769814502529511 0.0611764705882353 0.01433389544688027
2 0.11352941176470588 0.3182967959527825 0.10941176470588235 0.012647554806070826
3 0.2747058823529412 0.321247892074199 0.1776470588235294 0.01854974704890388
2 0.1411764705882353 0.36298482293423273 0.16470588235294117 0.01770657672849916
3 0.2611764705882353 0.36129848229342326 0.04 0.01433389544688027
2 0.11294117647058824 0.40472175379426645 0.10823529411764705 0.016863406408094434
3 0.20529411764705882 0.40345699831365933 0.041176470588235294 0.01433389544688027
2 0.10882352941176471 0.4620573355817875 0.1 0.013490725126475547
5 0.24705882352941178 0.4679595278246206 0.023529411764705882 0.016863406408094434
2 0.29705882352941176 0.46163575042158517 0.052941176470588235 0.012647554806070826
4 0.4235294117647059 0.4679595278246206 0.023529411764705882 0.016863406408094434
2 0.46352941176470586 0.46163575042158517 0.03294117647058824 0.012647554806070826
1 0.2605882352941176 0.5134907251264755 0.40352941176470586 0.01517706576728499
2 0.6670588235294118 0.5569139966273187 0.15764705882352942 0.01770657672849916
1 0.6758823529411765 0.5767284991568297 0.1988235294117647 0.01517706576728499