0 0.5 0.05801376597836775 0.6423529411764706 0.017699115044247787
0 0.5 0.13667649950835792 0.2647058823529412 0.017699115044247787
2 0.08294117647058824 0.22615535889872174 0.04823529411764706 0.01966568338249754
3 0.14352941176470588 0.22418879056047197 0.03764705882352941 0.015732546705998034
2 0.46705882352941175 0.22615535889872174 0.10823529411764705 0.01966568338249754
3 0.5670588235294117 0.22468043264503443 0.05647058823529412 0.01671583087512291
2 0.08294117647058824 0.2753195673549656 0.04823529411764706 0.01966568338249754
3 0.1411764705882353 0.275811209439528 0.03294117647058824 0.02064896755162242
2 0.10529411764705883 0.32448377581120946 0.09294117647058824 0.01966568338249754
3 0.18588235294117647 0.3225172074729597 0.03294117647058824 0.015732546705998034
2 0.10529411764705883 0.37364798426745327 0.09294117647058824 0.01966568338249754
3 0.19294117647058823 0.37413962635201575 0.047058823529411764 0.02064896755162242
2 0.5123529411764706 0.3711897738446411 0.10941176470588235 0.014749262536873156
3 0.6629411764705883 0.37364798426745327 0.1564705882352941 0.01966568338249754
2 0.10529411764705883 0.42281219272369713 0.09294117647058824 0.01966568338249754
3 0.20058823529411765 0.42330383480825956 0.06235294117647059 0.02064896755162242
2 0.11352941176470588 0.4695181907571288 0.10941176470588235 0.014749262536873156
3 0.26705882352941174 0.4729596853490659 0.1623529411764706 0.021632251720747297
2 0.10882352941176471 0.5388397246804326 0.1 0.015732546705998034
4 0.24705882352941178 0.5457227138643068 0.023529411764705882 0.01966568338249754
2 0.29705882352941176 0.5383480825958702 0.052941176470588235 0.014749262536873156
5 0.4235294117647059 0.5457227138643068 0.023529411764705882 0.01966568338249754
2 0.46352941176470586 0.5383480825958702 0.03294117647058824 0.014749262536873156
1 0.2605882352941176 0.5988200589970502 0.40352941176470586 0.017699115044247787
2 0.6670588235294118 0.6494591937069814 0.15764705882352942 0.02064896755162242
1 0.6758823529411765 0.672566371681416 0.1988235294117647 0.017699115044247787