0 0.5 0.058070866141732284 0.6423529411764706 0.017716535433070866
0 0.5 0.13681102362204725 0.2647058823529412 0.017716535433070866
2 0.08294117647058824 0.2263779527559055 0.04823529411764706 0.01968503937007874
3 0.14176470588235293 0.22588582677165353 0.03411764705882353 0.018700787401574805
2 0.1411764705882353 0.27608267716535434 0.16470588235294117 0.02066929133858268
3 0.2647058823529412 0.2750984251968504 0.047058823529411764 0.018700787401574805
2 0.611764705882353 0.27608267716535434 0.16470588235294117 0.02066929133858268
3 0.7311764705882353 0.2755905511811024 0.03882352941176471 0.01968503937007874
2 0.10058823529411764 0.3228346456692913 0.08352941176470588 0.015748031496062992
3 0.19823529411764707 0.3257874015748031 0.07647058823529412 0.021653543307086614
2 0.09294117647058824 0.37450787401574803 0.06823529411764706 0.02066929133858268
3 0.1676470588235294 0.3720472440944882 0.04588235294117647 0.015748031496062992
2 0.5152941176470588 0.37450787401574803 0.16470588235294117 0.02066929133858268
3 0.6388235294117647 0.37450787401574803 0.047058823529411764 0.02066929133858268
2 0.10882352941176471 0.4409448818897638 0.1 0.015748031496062992
5 0.24705882352941178 0.4478346456692913 0.023529411764705882 0.01968503937007874
2 0.29705882352941176 0.4404527559055118 0.052941176470588235 0.014763779527559055
4 0.4235294117647059 0.4478346456692913 0.023529411764705882 0.01968503937007874
2 0.46352941176470586 0.4404527559055118 0.03294117647058824 0.014763779527559055
1 0.2605882352941176 0.5009842519685039 0.40352941176470586 0.017716535433070866
2 0.6670588235294118 0.5516732283464567 0.15764705882352942 0.02066929133858268
1 0.6758823529411765 0.5748031496062992 0.1988235294117647 0.017716535433070866