0 0.5 0.05073086844368014 0.6423529411764706 0.015477214101461736
0 0.5 0.11951848667239896 0.2647058823529412 0.015477214101461736
2 0.11294117647058824 0.19776440240756663 0.10823529411764705 0.017196904557179708
3 0.20823529411764705 0.19819432502149614 0.047058823529411764 0.018056749785038694
2 0.09058823529411765 0.23860705073086844 0.06352941176470588 0.012897678417884782
3 0.16176470588235295 0.23946689595872742 0.04352941176470588 0.014617368873602751
2 0.11294117647058824 0.2837489251934652 0.10823529411764705 0.017196904557179708
3 0.20411764705882354 0.2837489251934652 0.03882352941176471 0.017196904557179708
2 0.09294117647058824 0.3271711092003439 0.06823529411764706 0.018056749785038694
3 0.16 0.3250214961306965 0.03058823529411765 0.013757523645743766
2 0.09058823529411765 0.36758383490971624 0.06352941176470588 0.012897678417884782
3 0.15705882352941178 0.3693035253654342 0.03411764705882353 0.01633705932932072
2 0.10882352941176471 0.4282029234737747 0.1 0.013757523645743766
4 0.24705882352941178 0.4342218400687876 0.023529411764705882 0.017196904557179708
2 0.29705882352941176 0.4277730008598452 0.052941176470588235 0.012897678417884782
5 0.4235294117647059 0.4342218400687876 0.023529411764705882 0.017196904557179708
2 0.46352941176470586 0.4277730008598452 0.03294117647058824 0.012897678417884782
1 0.2605882352941176 0.48065348237317285 0.40352941176470586 0.015477214101461736
2 0.6670588235294118 0.5249355116079105 0.15764705882352942 0.018056749785038694
1 0.6758823529411765 0.5451418744625968 0.1988235294117647 0.015477214101461736