0 0.5 0.05029838022165388 0.6423529411764706 0.015345268542199489
0 0.5 0.1184995737425405 0.2647058823529412 0.015345268542199489
2 0.11294117647058824 0.19607843137254902 0.10823529411764705 0.017050298380221655
2 0.5194117647058824 0.19607843137254902 0.09294117647058824 0.017050298380221655
3 0.6094117647058823 0.1947996589940324 0.05176470588235294 0.014492753623188406
2 0.09058823529411765 0.23657289002557544 0.06352941176470588 0.01278772378516624
3 0.16294117647058823 0.236999147485081 0.04588235294117647 0.013640238704177323
2 0.4623529411764706 0.2391304347826087 0.06823529411764706 0.017902813299232736
2 0.08294117647058824 0.2813299232736573 0.04823529411764706 0.017050298380221655
2 0.10529411764705883 0.32395566922421143 0.09294117647058824 0.017050298380221655
3 0.20647058823529413 0.3248081841432225 0.07411764705882352 0.01875532821824382
2 0.49941176470588233 0.32225063938618925 0.08352941176470588 0.013640238704177323
3 0.5894117647058823 0.32438192668371696 0.0611764705882353 0.017902813299232736
2 0.10882352941176471 0.38192668371696503 0.1 0.013640238704177323
4 0.24705882352941178 0.3878942881500426 0.023529411764705882 0.017050298380221655
2 0.29705882352941176 0.3815004262574595 0.052941176470588235 0.01278772378516624
5 0.4235294117647059 0.3878942881500426 0.023529411764705882 0.017050298380221655
2 0.46352941176470586 0.3815004262574595 0.03294117647058824 0.01278772378516624
1 0.2605882352941176 0.4339300937766411 0.40352941176470586 0.015345268542199489
2 0.6670588235294118 0.4778346121057119 0.15764705882352942 0.017902813299232736
1 0.6758823529411765 0.4978687127024723 0.1988235294117647 0.015345268542199489