0 0.5 0.05324909747292419 0.6423529411764706 0.016245487364620937
0 0.5 0.12545126353790614 0.30470588235294116 0.016245487364620937
2 0.09294117647058824 0.20803249097472923 0.06823529411764706 0.01895306859205776
2 0.09058823529411765 0.25045126353790614 0.06352941176470588 0.013537906137184115
2 0.4747058823529412 0.2527075812274368 0.09294117647058824 0.018050541516245487
3 0.5611764705882353 0.25315884476534295 0.04470588235294118 0.01895306859205776
2 0.10529411764705883 0.29783393501805056 0.09294117647058824 0.018050541516245487
2 0.49941176470588233 0.296028880866426 0.08352941176470588 0.01444043321299639
2 0.10529411764705883 0.34296028880866425 0.09294117647058824 0.018050541516245487
2 0.48176470588235293 0.34296028880866425 0.04823529411764706 0.018050541516245487
3 0.5470588235294118 0.3434115523465704 0.047058823529411764 0.01895306859205776
2 0.10882352941176471 0.4043321299638989 0.1 0.01444043321299639
5 0.24705882352941178 0.41064981949458484 0.023529411764705882 0.018050541516245487
2 0.29705882352941176 0.4038808664259928 0.052941176470588235 0.013537906137184115
4 0.4235294117647059 0.41064981949458484 0.023529411764705882 0.018050541516245487
2 0.46352941176470586 0.4038808664259928 0.03294117647058824 0.013537906137184115
1 0.2605882352941176 0.45938628158844763 0.40352941176470586 0.016245487364620937
2 0.6670588235294118 0.5058664259927798 0.15764705882352942 0.01895306859205776
1 0.6758823529411765 0.5270758122743683 0.1988235294117647 0.016245487364620937