0 0.5 0.05493482309124767 0.6423529411764706 0.01675977653631285
0 0.5 0.12942271880819367 0.2647058823529412 0.01675977653631285
2 0.1411764705882353 0.21461824953445066 0.16470588235294117 0.019553072625698324
2 0.09058823529411765 0.25837988826815644 0.06352941176470588 0.013966480446927373
2 0.47 0.25884543761638734 0.08352941176470588 0.0148975791433892
2 0.11352941176470588 0.3049348230912477 0.10941176470588235 0.013966480446927373
2 0.508235294117647 0.30772811918063314 0.06823529411764706 0.019553072625698324
2 0.10529411764705883 0.3538175046554935 0.09294117647058824 0.0186219739292365
2 0.4894117647058824 0.3514897579143389 0.06352941176470588 0.013966480446927373
2 0.10882352941176471 0.4171322160148976 0.1 0.0148975791433892
4 0.24705882352941178 0.4236499068901304 0.023529411764705882 0.0186219739292365
2 0.29705882352941176 0.4166666666666667 0.052941176470588235 0.013966480446927373
4 0.4235294117647059 0.4236499068901304 0.023529411764705882 0.0186219739292365
2 0.46352941176470586 0.4166666666666667 0.03294117647058824 0.013966480446927373
1 0.2605882352941176 0.47392923649906893 0.40352941176470586 0.01675977653631285
2 0.6670588235294118 0.5218808193668529 0.15764705882352942 0.019553072625698324
1 0.6758823529411765 0.5437616387337058 0.1988235294117647 0.01675977653631285