0 0.5 0.05728155339805825 0.6423529411764706 0.017475728155339806
0 0.5 0.13446601941747574 0.24941176470588236 0.01650485436893204
2 0.09294117647058824 0.2237864077669903 0.06823529411764706 0.020388349514563107
2 0.10058823529411764 0.26990291262135924 0.08352941176470588 0.015533980582524271
2 0.11294117647058824 0.32038834951456313 0.10823529411764705 0.019417475728155338
3 0.20705882352941177 0.31844660194174756 0.04470588235294118 0.015533980582524271
2 0.5270588235294118 0.32038834951456313 0.10823529411764705 0.019417475728155338
2 0.11352941176470588 0.36650485436893204 0.10941176470588235 0.014563106796116505
2 0.10882352941176471 0.4349514563106796 0.1 0.015533980582524271
5 0.24705882352941178 0.441747572815534 0.023529411764705882 0.019417475728155338
2 0.29705882352941176 0.4344660194174757 0.052941176470588235 0.014563106796116505
4 0.4235294117647059 0.441747572815534 0.023529411764705882 0.019417475728155338
2 0.46352941176470586 0.4344660194174757 0.03294117647058824 0.014563106796116505
1 0.2605882352941176 0.4941747572815534 0.40352941176470586 0.017475728155339806
2 0.6670588235294118 0.5441747572815534 0.15764705882352942 0.020388349514563107
1 0.6758823529411765 0.566990291262136 0.1988235294117647 0.017475728155339806