0 0.5 0.05258467023172905 0.6423529411764706 0.016042780748663103
0 0.5 0.12388591800356506 0.28352941176470586 0.016042780748663103
2 0.09058823529411765 0.20276292335115864 0.06352941176470588 0.013368983957219251
3 0.16 0.20365418894830659 0.04 0.015151515151515152
2 0.47 0.20320855614973263 0.08352941176470588 0.0142602495543672
3 0.5494117647058824 0.20365418894830659 0.04 0.015151515151515152
2 0.11294117647058824 0.24955436720142601 0.10823529411764705 0.017825311942959002
3 0.2011764705882353 0.25 0.03294117647058824 0.01871657754010695
2 0.5270588235294118 0.24955436720142601 0.10823529411764705 0.017825311942959002
3 0.6294117647058823 0.25 0.0611764705882353 0.01871657754010695
2 0.11352941176470588 0.29188948306595364 0.10941176470588235 0.013368983957219251
3 0.2858823529411765 0.2927807486631016 0.2 0.015151515151515152
2 0.5288235294117647 0.29188948306595364 0.10941176470588235 0.013368983957219251
3 0.6717647058823529 0.29500891265597146 0.1411764705882353 0.0196078431372549
2 0.08294117647058824 0.33868092691622104 0.04823529411764706 0.017825311942959002
3 0.15058823529411763 0.3373440285204991 0.05176470588235294 0.015151515151515152
2 0.4370588235294118 0.33868092691622104 0.04823529411764706 0.017825311942959002
3 0.5047058823529412 0.3373440285204991 0.05176470588235294 0.015151515151515152
2 0.10882352941176471 0.39928698752228164 0.1 0.0142602495543672
4 0.24705882352941178 0.4055258467023173 0.023529411764705882 0.017825311942959002
2 0.29705882352941176 0.3988413547237077 0.052941176470588235 0.013368983957219251
5 0.4235294117647059 0.4055258467023173 0.023529411764705882 0.017825311942959002
2 0.46352941176470586 0.3988413547237077 0.03294117647058824 0.013368983957219251
1 0.2605882352941176 0.4536541889483066 0.40352941176470586 0.016042780748663103
2 0.6670588235294118 0.49955436720142604 0.15764705882352942 0.01871657754010695
1 0.6758823529411765 0.5204991087344029 0.1988235294117647 0.016042780748663103