0 0.5 0.05202821869488536 0.6423529411764706 0.015873015873015872
0 0.5 0.12213403880070546 0.23294117647058823 0.014991181657848324
2 0.09294117647058824 0.20326278659611993 0.06823529411764706 0.018518518518518517
3 0.16117647058823528 0.20105820105820105 0.03294117647058824 0.014109347442680775
2 0.46705882352941175 0.20326278659611993 0.06823529411764706 0.018518518518518517
3 0.5423529411764706 0.20326278659611993 0.047058823529411764 0.018518518518518517
2 0.08294117647058824 0.24691358024691357 0.04823529411764706 0.01763668430335097
3 0.14470588235294118 0.24559082892416226 0.04 0.014991181657848324
2 0.09294117647058824 0.2914462081128748 0.06823529411764706 0.018518518518518517
3 0.16411764705882353 0.291005291005291 0.03882352941176471 0.01763668430335097
2 0.48705882352941177 0.291005291005291 0.10823529411764705 0.01763668430335097
3 0.5794117647058824 0.2896825396825397 0.041176470588235294 0.014991181657848324
2 0.11352941176470588 0.33289241622574955 0.10941176470588235 0.013227513227513227
3 0.24588235294117647 0.3368606701940035 0.12 0.021164021164021163
2 0.508235294117647 0.3355379188712522 0.06823529411764706 0.018518518518518517
3 0.5835294117647059 0.3355379188712522 0.047058823529411764 0.018518518518518517
2 0.10882352941176471 0.3950617283950617 0.1 0.014109347442680775
5 0.24705882352941178 0.4012345679012346 0.023529411764705882 0.01763668430335097
2 0.29705882352941176 0.39462081128747795 0.052941176470588235 0.013227513227513227
4 0.4235294117647059 0.4012345679012346 0.023529411764705882 0.01763668430335097
2 0.46352941176470586 0.39462081128747795 0.03294117647058824 0.013227513227513227
1 0.2605882352941176 0.4488536155202822 0.40352941176470586 0.015873015873015872
2 0.6670588235294118 0.49426807760141095 0.15764705882352942 0.018518518518518517
1 0.6758823529411765 0.5149911816578483 0.1988235294117647 0.015873015873015872