0 0.5 0.05560791705937795 0.6423529411764706 0.016965127238454288
0 0.5 0.13100848256361922 0.28352941176470586 0.016965127238454288
2 0.09294117647058824 0.2172478793590952 0.06823529411764706 0.019792648444863337
3 0.16470588235294117 0.21536286522148917 0.04 0.016022620169651274
2 0.48764705882352943 0.21442035815268615 0.10941176470588235 0.01413760603204524
3 0.601764705882353 0.21489161168708765 0.08352941176470588 0.015080113100848256
2 0.11352941176470588 0.26154571159283696 0.10941176470588235 0.01413760603204524
3 0.24235294117647058 0.26201696512723843 0.11294117647058824 0.015080113100848256
2 0.10529411764705883 0.3110273327049953 0.09294117647058824 0.01885014137606032
3 0.1923529411764706 0.3105560791705938 0.04588235294117647 0.017907634307257305
2 0.10529411764705883 0.3581526861451461 0.09294117647058824 0.01885014137606032
3 0.18941176470588236 0.3567389255419416 0.04 0.016022620169651274
2 0.4894117647058824 0.35579641847313853 0.06352941176470588 0.01413760603204524
3 0.5617647058823529 0.35626767200754006 0.04588235294117647 0.015080113100848256
2 0.11352941176470588 0.4029217719132894 0.10941176470588235 0.01413760603204524
3 0.2817647058823529 0.4062205466540999 0.19176470588235295 0.020735155513666354
2 0.11352941176470588 0.45004712535344016 0.10941176470588235 0.01413760603204524
3 0.3 0.4533459000942507 0.22823529411764706 0.020735155513666354
2 0.10882352941176471 0.5164938737040528 0.1 0.015080113100848256
4 0.24705882352941178 0.5230914231856739 0.023529411764705882 0.01885014137606032
2 0.29705882352941176 0.5160226201696513 0.052941176470588235 0.01413760603204524
5 0.4235294117647059 0.5230914231856739 0.023529411764705882 0.01885014137606032
2 0.46352941176470586 0.5160226201696513 0.03294117647058824 0.01413760603204524
1 0.2605882352941176 0.5739868049010367 0.40352941176470586 0.016965127238454288
2 0.6670588235294118 0.6225259189443921 0.15764705882352942 0.019792648444863337
1 0.6758823529411765 0.644674835061263 0.1988235294117647 0.016965127238454288