0 0.5 0.053297199638663056 0.6423529411764706 0.016260162601626018
0 0.5 0.12556458897922312 0.2647058823529412 0.016260162601626018
2 0.10058823529411764 0.20596205962059622 0.08352941176470588 0.014453477868112014
2 0.49470588235294116 0.20776874435411022 0.09294117647058824 0.018066847335140017
2 0.09058823529411765 0.2506775067750677 0.06352941176470588 0.013550135501355014
2 0.10529411764705883 0.2981029810298103 0.09294117647058824 0.018066847335140017
2 0.11294117647058824 0.34327009936766034 0.10823529411764705 0.018066847335140017
2 0.10058823529411764 0.3866305329719964 0.08352941176470588 0.014453477868112014
2 0.10882352941176471 0.44986449864498645 0.1 0.014453477868112014
4 0.24705882352941178 0.4561878952122855 0.023529411764705882 0.018066847335140017
2 0.29705882352941176 0.44941282746160793 0.052941176470588235 0.013550135501355014
4 0.4235294117647059 0.4561878952122855 0.023529411764705882 0.018066847335140017
2 0.46352941176470586 0.44941282746160793 0.03294117647058824 0.013550135501355014
1 0.2605882352941176 0.5049683830171635 0.40352941176470586 0.016260162601626018
2 0.6670588235294118 0.551490514905149 0.15764705882352942 0.018970189701897018
1 0.6758823529411765 0.5727190605239386 0.1988235294117647 0.016260162601626018