0 0.5 0.055503292568203196 0.6423529411764706 0.016933207902163686
0 0.5 0.13076199435559738 0.2647058823529412 0.016933207902163686
2 0.11352941176470588 0.21401693320790216 0.10941176470588235 0.014111006585136407
2 0.508235294117647 0.21683913452492945 0.06823529411764706 0.01975540921919097
2 0.10529411764705883 0.2634054562558796 0.09294117647058824 0.01881467544684854
2 0.09058823529411765 0.30809031044214485 0.06352941176470588 0.014111006585136407
2 0.1411764705882353 0.3579492003762935 0.16470588235294117 0.01975540921919097
2 0.10882352941176471 0.42144873000940736 0.1 0.015051740357478834
4 0.24705882352941178 0.4280338664158043 0.023529411764705882 0.01881467544684854
2 0.29705882352941176 0.4209783631232361 0.052941176470588235 0.014111006585136407
4 0.4235294117647059 0.4280338664158043 0.023529411764705882 0.01881467544684854
2 0.46352941176470586 0.4209783631232361 0.03294117647058824 0.014111006585136407
1 0.2605882352941176 0.47883349012229537 0.40352941176470586 0.016933207902163686
2 0.6670588235294118 0.5272812793979303 0.15764705882352942 0.01975540921919097
1 0.6758823529411765 0.5493885230479775 0.1988235294117647 0.016933207902163686