0 0.5 0.05864811133200795 0.6423529411764706 0.017892644135188866
0 0.5 0.13817097415506957 0.2647058823529412 0.017892644135188866
2 0.09058823529411765 0.2261431411530815 0.06352941176470588 0.014910536779324055
3 0.16588235294117648 0.2271371769383698 0.05176470588235294 0.016898608349900597
2 0.48294117647058826 0.2261431411530815 0.10941176470588235 0.014910536779324055
3 0.6652941176470588 0.22912524850894633 0.22 0.020874751491053677
2 0.11352941176470588 0.275844930417495 0.10941176470588235 0.014910536779324055
2 0.08294117647058824 0.32803180914512925 0.04823529411764706 0.019880715705765408
3 0.14823529411764705 0.3275347912524851 0.047058823529411764 0.018886679920477135
2 0.45941176470588235 0.32803180914512925 0.09294117647058824 0.019880715705765408
3 0.5476470588235294 0.3260437375745527 0.04823529411764706 0.015904572564612324
2 0.09294117647058824 0.3782306163021869 0.06823529411764706 0.020874751491053677
3 0.16705882352941176 0.37624254473161034 0.04470588235294118 0.016898608349900597
2 0.48764705882352943 0.37524850894632206 0.10941176470588235 0.014910536779324055
2 0.1411764705882353 0.4279324055666004 0.16470588235294117 0.020874751491053677
3 0.2576470588235294 0.4279324055666004 0.03294117647058824 0.020874751491053677
2 0.611764705882353 0.4279324055666004 0.16470588235294117 0.020874751491053677
2 0.10882352941176471 0.49502982107355864 0.1 0.015904572564612324
5 0.24705882352941178 0.5019880715705766 0.023529411764705882 0.019880715705765408
2 0.29705882352941176 0.4945328031809145 0.052941176470588235 0.014910536779324055
4 0.4235294117647059 0.5019880715705766 0.023529411764705882 0.019880715705765408
2 0.46352941176470586 0.4945328031809145 0.03294117647058824 0.014910536779324055
1 0.2605882352941176 0.5556660039761432 0.40352941176470586 0.017892644135188866
2 0.6670588235294118 0.606858846918489 0.15764705882352942 0.020874751491053677
1 0.6758823529411765 0.6302186878727635 0.1988235294117647 0.017892644135188866