0 0.5 0.05004240882103478 0.6423529411764706 0.015267175572519083
0 0.5 0.11747243426632739 0.24941176470588236 0.01441899915182358
2 0.11352941176470588 0.19296013570822731 0.10941176470588235 0.01272264631043257
3 0.26823529411764707 0.19550466497031382 0.16470588235294117 0.017811704834605598
2 0.10529411764705883 0.23748939779474132 0.09294117647058824 0.016963528413910092
3 0.18588235294117647 0.2357930449533503 0.03294117647058824 0.013570822731128074
2 0.11352941176470588 0.2777777777777778 0.10941176470588235 0.01272264631043257
2 0.10058823529411764 0.32061068702290074 0.08352941176470588 0.013570822731128074
3 0.17705882352941177 0.32061068702290074 0.03411764705882353 0.013570822731128074
2 0.09058823529411765 0.36259541984732824 0.06352941176470588 0.01272264631043257
2 0.10882352941176471 0.4223918575063613 0.1 0.013570822731128074
4 0.24705882352941178 0.42832909245122985 0.023529411764705882 0.016963528413910092
2 0.29705882352941176 0.4219677692960136 0.052941176470588235 0.01272264631043257
5 0.4235294117647059 0.42832909245122985 0.023529411764705882 0.016963528413910092
2 0.46352941176470586 0.4219677692960136 0.03294117647058824 0.01272264631043257
1 0.2605882352941176 0.4741306191687871 0.40352941176470586 0.015267175572519083
2 0.6670588235294118 0.5178117048346056 0.15764705882352942 0.017811704834605598
1 0.6758823529411765 0.53774385072095 0.1988235294117647 0.015267175572519083