0 0.5 0.0560303893637227 0.6423529411764706 0.017094017094017096
0 0.5 0.13200379867046533 0.2647058823529412 0.017094017094017096
2 0.08294117647058824 0.2184235517568851 0.04823529411764706 0.01899335232668566
2 0.10529411764705883 0.26590693257359926 0.09294117647058824 0.01899335232668566
2 0.10058823529411764 0.3114909781576448 0.08352941176470588 0.015194681861348529
2 0.09294117647058824 0.3613485280151947 0.06823529411764706 0.019943019943019943
2 0.4747058823529412 0.358974358974359 0.08352941176470588 0.015194681861348529
2 0.10058823529411764 0.40645773979107314 0.08352941176470588 0.015194681861348529
2 0.10529411764705883 0.45584045584045585 0.09294117647058824 0.01899335232668566
2 0.48176470588235293 0.45584045584045585 0.04823529411764706 0.01899335232668566
2 0.10882352941176471 0.5204178537511871 0.1 0.015194681861348529
4 0.24705882352941178 0.5270655270655271 0.023529411764705882 0.01899335232668566
2 0.29705882352941176 0.51994301994302 0.052941176470588235 0.014245014245014245
4 0.4235294117647059 0.5270655270655271 0.023529411764705882 0.01899335232668566
2 0.46352941176470586 0.51994301994302 0.03294117647058824 0.014245014245014245
1 0.2605882352941176 0.5783475783475783 0.40352941176470586 0.017094017094017096
2 0.6670588235294118 0.6272554605887939 0.15764705882352942 0.019943019943019943
1 0.6758823529411765 0.6495726495726496 0.1988235294117647 0.017094017094017096