0 0.5 0.05587121212121212 0.6423529411764706 0.017045454545454544
0 0.5 0.13162878787878787 0.30470588235294116 0.017045454545454544
2 0.09294117647058824 0.21827651515151514 0.06823529411764706 0.019886363636363636
3 0.16823529411764707 0.2159090909090909 0.047058823529411764 0.015151515151515152
2 0.46705882352941175 0.21827651515151514 0.06823529411764706 0.019886363636363636
3 0.5423529411764706 0.21827651515151514 0.047058823529411764 0.019886363636363636
2 0.1411764705882353 0.265625 0.16470588235294117 0.019886363636363636
3 0.27588235294117647 0.265625 0.06941176470588235 0.019886363636363636
2 0.10529411764705883 0.3125 0.09294117647058824 0.01893939393939394
3 0.20411764705882354 0.31297348484848486 0.06941176470588235 0.019886363636363636
2 0.08294117647058824 0.35984848484848486 0.04823529411764706 0.01893939393939394
3 0.14882352941176472 0.3603219696969697 0.04823529411764706 0.019886363636363636
2 0.11352941176470588 0.40482954545454547 0.10941176470588235 0.014204545454545454
3 0.2605882352941176 0.40767045454545453 0.14941176470588236 0.019886363636363636
2 0.10882352941176471 0.4715909090909091 0.1 0.015151515151515152
4 0.24705882352941178 0.47821969696969696 0.023529411764705882 0.01893939393939394
2 0.29705882352941176 0.47111742424242425 0.052941176470588235 0.014204545454545454
5 0.4235294117647059 0.47821969696969696 0.023529411764705882 0.01893939393939394
2 0.46352941176470586 0.47111742424242425 0.03294117647058824 0.014204545454545454
1 0.2605882352941176 0.5293560606060606 0.40352941176470586 0.017045454545454544
2 0.6670588235294118 0.578125 0.15764705882352942 0.019886363636363636
1 0.6758823529411765 0.6003787878787878 0.1988235294117647 0.017045454545454544