0 0.5 0.05498602050326188 0.6423529411764706 0.016775396085740912
0 0.5 0.12907735321528424 0.24941176470588236 0.015843429636533086
2 0.11294117647058824 0.21435228331780057 0.10823529411764705 0.01863932898415657
3 0.20941176470588235 0.2124883504193849 0.04941176470588235 0.014911463187325256
2 0.11294117647058824 0.26095060577819196 0.10823529411764705 0.01863932898415657
3 0.21411764705882352 0.2595526561043802 0.058823529411764705 0.015843429636533086
2 0.5047058823529412 0.25862068965517243 0.06352941176470588 0.013979496738117428
3 0.5735294117647058 0.26095060577819196 0.03882352941176471 0.01863932898415657
2 0.10529411764705883 0.30754892823858343 0.09294117647058824 0.01863932898415657
3 0.1988235294117647 0.3061509785647717 0.058823529411764705 0.015843429636533086
2 0.5123529411764706 0.30521901211556385 0.10941176470588235 0.013979496738117428
3 0.6870588235294117 0.3103448275862069 0.20470588235294118 0.024231127679403542
2 0.10529411764705883 0.35414725069897485 0.09294117647058824 0.01863932898415657
3 0.1923529411764706 0.35228331780055916 0.04588235294117647 0.014911463187325256
2 0.10882352941176471 0.4175209692451072 0.1 0.014911463187325256
5 0.24705882352941178 0.424044734389562 0.023529411764705882 0.01863932898415657
2 0.29705882352941176 0.4170549860205033 0.052941176470588235 0.013979496738117428
4 0.4235294117647059 0.424044734389562 0.023529411764705882 0.01863932898415657
2 0.46352941176470586 0.4170549860205033 0.03294117647058824 0.013979496738117428
1 0.2605882352941176 0.4743709226467847 0.40352941176470586 0.016775396085740912
2 0.6670588235294118 0.5223671947809879 0.15764705882352942 0.0195712954333644
1 0.6758823529411765 0.5442684063373718 0.1988235294117647 0.016775396085740912