0 0.5 0.05025553662691652 0.6423529411764706 0.015332197614991482
0 0.5 0.11839863713798977 0.2647058823529412 0.015332197614991482
2 0.08294117647058824 0.19591141396933562 0.04823529411764706 0.017035775127768313
3 0.14176470588235293 0.1954855195911414 0.03411764705882353 0.016183986371379896
2 0.4447058823529412 0.19378194207836458 0.06352941176470588 0.012776831345826235
3 0.5170588235294118 0.19420783645655879 0.04588235294117647 0.013628620102214651
2 0.11294117647058824 0.23850085178875638 0.10823529411764705 0.017035775127768313
3 0.20823529411764705 0.2389267461669506 0.047058823529411764 0.01788756388415673
2 0.5552941176470588 0.2389267461669506 0.16470588235294117 0.01788756388415673
3 0.6717647058823529 0.23679727427597955 0.03294117647058824 0.013628620102214651
2 0.09058823529411765 0.27896081771720616 0.06352941176470588 0.012776831345826235
3 0.1635294117647059 0.27981260647359457 0.047058823529411764 0.014480408858603067
2 0.09294117647058824 0.32410562180579217 0.06823529411764706 0.01788756388415673
3 0.16470588235294117 0.32240204429301533 0.04 0.014480408858603067
2 0.11352941176470588 0.3641396933560477 0.10941176470588235 0.012776831345826235
3 0.26235294117647057 0.368824531516184 0.15294117647058825 0.022146507666098807
2 0.10058823529411764 0.4071550255536627 0.08352941176470588 0.013628620102214651
3 0.18294117647058825 0.4084327086882453 0.04588235294117647 0.016183986371379896
2 0.10882352941176471 0.46678023850085176 0.1 0.013628620102214651
5 0.24705882352941178 0.4727427597955707 0.023529411764705882 0.017035775127768313
2 0.29705882352941176 0.4663543441226576 0.052941176470588235 0.012776831345826235
4 0.4235294117647059 0.4727427597955707 0.023529411764705882 0.017035775127768313
2 0.46352941176470586 0.4663543441226576 0.03294117647058824 0.012776831345826235
1 0.2605882352941176 0.5187393526405452 0.40352941176470586 0.015332197614991482
2 0.6670588235294118 0.5626064735945485 0.15764705882352942 0.01788756388415673
1 0.6758823529411765 0.5826235093696763 0.1988235294117647 0.015332197614991482