0 0.5 0.0544280442804428 0.6423529411764706 0.016605166051660517
0 0.5 0.12776752767527674 0.23294117647058823 0.015682656826568265
2 0.11352941176470588 0.20987084870848707 0.10941176470588235 0.013837638376383764
2 0.10529411764705883 0.25830258302583026 0.09294117647058824 0.01845018450184502
2 0.10529411764705883 0.3044280442804428 0.09294117647058824 0.01845018450184502
2 0.4894117647058824 0.30212177121771217 0.06352941176470588 0.013837638376383764
2 0.08294117647058824 0.3505535055350554 0.04823529411764706 0.01845018450184502
2 0.4470588235294118 0.35101476014760147 0.06823529411764706 0.01937269372693727
2 0.11352941176470588 0.3943726937269373 0.10941176470588235 0.013837638376383764
2 0.5058823529411764 0.3943726937269373 0.06352941176470588 0.013837638376383764
2 0.10882352941176471 0.45940959409594095 0.1 0.014760147601476014
4 0.24705882352941178 0.46586715867158673 0.023529411764705882 0.01845018450184502
2 0.29705882352941176 0.4589483394833948 0.052941176470588235 0.013837638376383764
4 0.4235294117647059 0.46586715867158673 0.023529411764705882 0.01845018450184502
2 0.46352941176470586 0.4589483394833948 0.03294117647058824 0.013837638376383764
1 0.2605882352941176 0.5156826568265682 0.40352941176470586 0.016605166051660517
2 0.6670588235294118 0.5631918819188192 0.15764705882352942 0.01937269372693727
1 0.6758823529411765 0.584870848708487 0.1988235294117647 0.016605166051660517