0 0.5 0.053832116788321165 0.6423529411764706 0.016423357664233577
0 0.5 0.12636861313868614 0.23294117647058823 0.01551094890510949
2 0.10058823529411764 0.20802919708029197 0.08352941176470588 0.014598540145985401
3 0.17647058823529413 0.2103102189781022 0.03294117647058824 0.01916058394160584
2 0.5023529411764706 0.20985401459854014 0.10823529411764705 0.01824817518248175
3 0.6058823529411764 0.2093978102189781 0.06352941176470588 0.017335766423357664
2 0.10058823529411764 0.25364963503649635 0.08352941176470588 0.014598540145985401
3 0.17705882352941177 0.25364963503649635 0.03411764705882353 0.014598540145985401
2 0.4723529411764706 0.25547445255474455 0.04823529411764706 0.01824817518248175
3 0.538235294117647 0.25593065693430656 0.04823529411764706 0.01916058394160584
2 0.10529411764705883 0.3010948905109489 0.09294117647058824 0.01824817518248175
3 0.19 0.29972627737226276 0.041176470588235294 0.01551094890510949
2 0.11352941176470588 0.34443430656934304 0.10941176470588235 0.013686131386861315
3 0.26941176470588235 0.34854014598540145 0.16705882352941176 0.021897810218978103
2 0.10882352941176471 0.40875912408759124 0.1 0.014598540145985401
4 0.24705882352941178 0.41514598540145986 0.023529411764705882 0.01824817518248175
2 0.29705882352941176 0.4083029197080292 0.052941176470588235 0.013686131386861315
5 0.4235294117647059 0.41514598540145986 0.023529411764705882 0.01824817518248175
2 0.46352941176470586 0.4083029197080292 0.03294117647058824 0.013686131386861315
1 0.2605882352941176 0.46441605839416056 0.40352941176470586 0.016423357664233577
2 0.6670588235294118 0.511405109489051 0.15764705882352942 0.01916058394160584
1 0.6758823529411765 0.5328467153284672 0.1988235294117647 0.016423357664233577