0 0.5 0.05847373637264618 0.6423529411764706 0.017839444995044598
0 0.5 0.13726461843409316 0.23294117647058823 0.01684836471754212
2 0.10529411764705883 0.22794846382556988 0.09294117647058824 0.019821605550049554
3 0.19294117647058823 0.2284440039643211 0.047058823529411764 0.02081268582755203
2 0.09294117647058824 0.277998017839445 0.06823529411764706 0.02081268582755203
3 0.17058823529411765 0.27601585728444006 0.05176470588235294 0.01684836471754212
2 0.10529411764705883 0.3270564915758176 0.09294117647058824 0.019821605550049554
3 0.19294117647058823 0.32755203171456887 0.047058823529411764 0.02081268582755203
2 0.08294117647058824 0.37661050545094155 0.04823529411764706 0.019821605550049554
3 0.14705882352941177 0.3751238850346878 0.04470588235294118 0.01684836471754212
2 0.08294117647058824 0.4261645193260654 0.04823529411764706 0.019821605550049554
3 0.16 0.42913776015857286 0.07058823529411765 0.02576808721506442
2 0.4676470588235294 0.4236868186323092 0.10941176470588235 0.014866204162537165
3 0.6235294117647059 0.42467789890981167 0.16705882352941176 0.01684836471754212
2 0.08294117647058824 0.4757185332011893 0.04823529411764706 0.019821605550049554
3 0.14588235294117646 0.4742319127849356 0.042352941176470586 0.01684836471754212
2 0.10882352941176471 0.5431119920713577 0.1 0.015857284440039643
4 0.24705882352941178 0.5500495540138751 0.023529411764705882 0.019821605550049554
2 0.29705882352941176 0.5426164519326065 0.052941176470588235 0.014866204162537165
5 0.4235294117647059 0.5500495540138751 0.023529411764705882 0.019821605550049554
2 0.46352941176470586 0.5426164519326065 0.03294117647058824 0.014866204162537165
1 0.2605882352941176 0.6035678889990089 0.40352941176470586 0.017839444995044598
2 0.6670588235294118 0.6546085232903865 0.15764705882352942 0.02081268582755203
1 0.6758823529411765 0.6778989098116948 0.1988235294117647 0.017839444995044598