0 0.5 0.057504873294346975 0.6423529411764706 0.017543859649122806
0 0.5 0.1354775828460039 0.30470588235294116 0.017543859649122806
2 0.09058823529411765 0.22173489278752437 0.06352941176470588 0.014619883040935672
2 0.11352941176470588 0.27046783625730997 0.10941176470588235 0.014619883040935672
2 0.508235294117647 0.2733918128654971 0.06823529411764706 0.02046783625730994
2 0.09294117647058824 0.32212475633528265 0.06823529411764706 0.02046783625730994
2 0.4647058823529412 0.31920077972709554 0.06352941176470588 0.014619883040935672
2 0.09058823529411765 0.3679337231968811 0.06352941176470588 0.014619883040935672
2 0.10529411764705883 0.4191033138401559 0.09294117647058824 0.01949317738791423
2 0.1411764705882353 0.46832358674463936 0.16470588235294117 0.02046783625730994
2 0.5611764705882353 0.46539961013645226 0.06352941176470588 0.014619883040935672
2 0.10882352941176471 0.5341130604288499 0.1 0.015594541910331383
4 0.24705882352941178 0.5409356725146199 0.023529411764705882 0.01949317738791423
2 0.29705882352941176 0.533625730994152 0.052941176470588235 0.014619883040935672
4 0.4235294117647059 0.5409356725146199 0.023529411764705882 0.01949317738791423
2 0.46352941176470586 0.533625730994152 0.03294117647058824 0.014619883040935672
1 0.2605882352941176 0.5935672514619883 0.40352941176470586 0.017543859649122806
2 0.6670588235294118 0.6437621832358674 0.15764705882352942 0.02046783625730994
1 0.6758823529411765 0.6666666666666666 0.1988235294117647 0.017543859649122806