0 0.5 0.05320108205590622 0.6423529411764706 0.016230838593327322
0 0.5 0.12533814247069433 0.28352941176470586 0.016230838593327322
2 0.11352941176470588 0.20513976555455365 0.10941176470588235 0.013525698827772768
3 0.2535294117647059 0.2073940486925158 0.13529411764705881 0.018034265103697024
2 0.5564705882352942 0.20784490532010821 0.16470588235294117 0.018935978358881875
3 0.6947058823529412 0.20829576194770064 0.07647058823529412 0.019837691614066726
2 0.09058823529411765 0.25022542831379624 0.06352941176470588 0.013525698827772768
3 0.1564705882352941 0.25293056807935077 0.03294117647058824 0.018935978358881875
2 0.10058823529411764 0.2957619477006312 0.08352941176470588 0.014427412082957619
3 0.17411764705882352 0.2957619477006312 0.02823529411764706 0.014427412082957619
2 0.10529411764705883 0.34265103697024346 0.09294117647058824 0.018034265103697024
3 0.2 0.3431018935978359 0.0611764705882353 0.018935978358881875
2 0.10058823529411764 0.3859332732191163 0.08352941176470588 0.014427412082957619
3 0.18176470588235294 0.3863841298467087 0.04352941176470588 0.015329125338142471
2 0.5023529411764706 0.38773669972948605 0.10823529411764705 0.018034265103697024
3 0.5952941176470589 0.3859332732191163 0.042352941176470586 0.014427412082957619
2 0.09294117647058824 0.433273219116321 0.06823529411764706 0.018935978358881875
3 0.16823529411764707 0.433273219116321 0.047058823529411764 0.018935978358881875
2 0.10882352941176471 0.49413886384129846 0.1 0.014427412082957619
5 0.24705882352941178 0.5004508566275925 0.023529411764705882 0.018034265103697024
2 0.29705882352941176 0.49368800721370604 0.052941176470588235 0.013525698827772768
4 0.4235294117647059 0.5004508566275925 0.023529411764705882 0.018034265103697024
2 0.46352941176470586 0.49368800721370604 0.03294117647058824 0.013525698827772768
1 0.2605882352941176 0.5491433724075744 0.40352941176470586 0.016230838593327322
2 0.6670588235294118 0.5955816050495942 0.15764705882352942 0.018935978358881875
1 0.6758823529411765 0.6167718665464382 0.1988235294117647 0.016230838593327322