0 0.5 0.05539906103286385 0.6423529411764706 0.016901408450704224
0 0.5 0.13051643192488263 0.28352941176470586 0.016901408450704224
2 0.10529411764705883 0.215962441314554 0.09294117647058824 0.018779342723004695
3 0.18588235294117647 0.2164319248826291 0.03294117647058824 0.01971830985915493
2 0.10529411764705883 0.26291079812206575 0.09294117647058824 0.018779342723004695
3 0.19176470588235295 0.2633802816901408 0.04470588235294118 0.01971830985915493
2 0.54 0.2633802816901408 0.16470588235294117 0.01971830985915493
3 0.66 0.2615023474178404 0.04 0.01596244131455399
2 0.10529411764705883 0.30985915492957744 0.09294117647058824 0.018779342723004695
3 0.2 0.3103286384976526 0.0611764705882353 0.01971830985915493
2 0.10529411764705883 0.3568075117370892 0.09294117647058824 0.018779342723004695
3 0.18588235294117647 0.35492957746478876 0.03294117647058824 0.015023474178403756
2 0.10882352941176471 0.42065727699530514 0.1 0.015023474178403756
5 0.24705882352941178 0.4272300469483568 0.023529411764705882 0.018779342723004695
2 0.29705882352941176 0.42018779342723006 0.052941176470588235 0.014084507042253521
4 0.4235294117647059 0.4272300469483568 0.023529411764705882 0.018779342723004695
2 0.46352941176470586 0.42018779342723006 0.03294117647058824 0.014084507042253521
1 0.2605882352941176 0.4779342723004695 0.40352941176470586 0.016901408450704224
2 0.6670588235294118 0.5262910798122066 0.15764705882352942 0.01971830985915493
1 0.6758823529411765 0.5483568075117371 0.1988235294117647 0.016901408450704224