0 0.5 0.049873203719357564 0.6423529411764706 0.015215553677092139
0 0.5 0.11707523245984784 0.23294117647058823 0.014370245139475908
2 0.11294117647058824 0.1944209636517329 0.10823529411764705 0.0169061707523246
2 0.10058823529411764 0.23499577345731193 0.08352941176470588 0.013524936601859678
2 0.5023529411764706 0.23668639053254437 0.10823529411764705 0.0169061707523246
2 0.08294117647058824 0.2789518174133559 0.04823529411764706 0.0169061707523246
2 0.10058823529411764 0.31952662721893493 0.08352941176470588 0.013524936601859678
3 0.19705882352941176 0.3220625528317836 0.07411764705882352 0.018596787827557058
2 0.08294117647058824 0.36348267117497884 0.04823529411764706 0.0169061707523246
2 0.10882352941176471 0.4209636517328825 0.1 0.013524936601859678
5 0.24705882352941178 0.4268808114961961 0.023529411764705882 0.0169061707523246
2 0.29705882352941176 0.42054099746407436 0.052941176470588235 0.01267962806424345
4 0.4235294117647059 0.4268808114961961 0.023529411764705882 0.0169061707523246
2 0.46352941176470586 0.42054099746407436 0.03294117647058824 0.01267962806424345
1 0.2605882352941176 0.4725274725274725 0.40352941176470586 0.015215553677092139
2 0.6670588235294118 0.5160608622147084 0.15764705882352942 0.01775147928994083
1 0.6758823529411765 0.5359256128486898 0.1988235294117647 0.015215553677092139