0 0.5 0.05412844036697248 0.6423529411764706 0.01651376146788991
0 0.5 0.12706422018348623 0.24941176470588236 0.015596330275229359
2 0.10058823529411764 0.20917431192660552 0.08352941176470588 0.014678899082568808
3 0.18941176470588236 0.20963302752293578 0.058823529411764705 0.015596330275229359
2 0.49 0.20917431192660552 0.08352941176470588 0.014678899082568808
3 0.5705882352941176 0.20917431192660552 0.042352941176470586 0.014678899082568808
2 0.08294117647058824 0.25688073394495414 0.04823529411764706 0.01834862385321101
3 0.14705882352941177 0.2555045871559633 0.04470588235294118 0.015596330275229359
2 0.4447058823529412 0.2545871559633027 0.06352941176470588 0.013761467889908258
3 0.5288235294117647 0.2573394495412844 0.06941176470588235 0.01926605504587156
2 0.1411764705882353 0.30321100917431193 0.16470588235294117 0.01926605504587156
3 0.27176470588235296 0.30321100917431193 0.0611764705882353 0.01926605504587156
2 0.5635294117647058 0.30321100917431193 0.06823529411764706 0.01926605504587156
3 0.6411764705882353 0.30137614678899083 0.05176470588235294 0.015596330275229359
2 0.08294117647058824 0.3486238532110092 0.04823529411764706 0.01834862385321101
3 0.15058823529411763 0.34724770642201835 0.05176470588235294 0.015596330275229359
2 0.10058823529411764 0.3926605504587156 0.08352941176470588 0.014678899082568808
3 0.18941176470588236 0.3931192660550459 0.058823529411764705 0.015596330275229359
2 0.09058823529411765 0.4380733944954128 0.06352941176470588 0.013761467889908258
3 0.15470588235294117 0.4408256880733945 0.029411764705882353 0.01926605504587156
2 0.10882352941176471 0.5027522935779817 0.1 0.014678899082568808
5 0.24705882352941178 0.5091743119266054 0.023529411764705882 0.01834862385321101
2 0.29705882352941176 0.5022935779816514 0.052941176470588235 0.013761467889908258
4 0.4235294117647059 0.5091743119266054 0.023529411764705882 0.01834862385321101
2 0.46352941176470586 0.5022935779816514 0.03294117647058824 0.013761467889908258
1 0.2605882352941176 0.5587155963302752 0.40352941176470586 0.01651376146788991
2 0.6670588235294118 0.6059633027522936 0.15764705882352942 0.01926605504587156
1 0.6758823529411765 0.6275229357798165 0.1988235294117647 0.01651376146788991