0 0.5 0.058358061325420374 0.6423529411764706 0.017804154302670624
0 0.5 0.13748763600395647 0.2647058823529412 0.017804154302670624
2 0.1411764705882353 0.22799208704253215 0.16470588235294117 0.020771513353115726
3 0.2611764705882353 0.22601384767556876 0.04 0.016815034619188922
2 0.5758823529411765 0.2274975272007913 0.09294117647058824 0.019782393669634024
3 0.6629411764705883 0.22700296735905046 0.04588235294117647 0.018793273986152326
2 0.08294117647058824 0.27695351137487634 0.04823529411764706 0.019782393669634024
3 0.15058823529411763 0.2754698318496538 0.05176470588235294 0.016815034619188922
2 0.08294117647058824 0.3264094955489614 0.04823529411764706 0.019782393669634024
3 0.1411764705882353 0.32443125618199803 0.03294117647058824 0.01582591493570722
2 0.10058823529411764 0.37388724035608306 0.08352941176470588 0.01582591493570722
3 0.17647058823529413 0.37388724035608306 0.03294117647058824 0.01582591493570722
2 0.5029411764705882 0.3733926805143422 0.10941176470588235 0.01483679525222552
3 0.6670588235294118 0.3768545994065282 0.18352941176470589 0.021760633036597428
2 0.11352941176470588 0.4228486646884273 0.10941176470588235 0.01483679525222552
3 0.2852941176470588 0.42631058358061324 0.1988235294117647 0.021760633036597428
2 0.10529411764705883 0.47477744807121663 0.09294117647058824 0.019782393669634024
3 0.19411764705882353 0.47279920870425324 0.04941176470588235 0.01582591493570722
2 0.49941176470588233 0.47279920870425324 0.08352941176470588 0.01582591493570722
3 0.5823529411764706 0.4752720079129575 0.047058823529411764 0.020771513353115726
2 0.10882352941176471 0.5420375865479723 0.1 0.01582591493570722
4 0.24705882352941178 0.5489614243323442 0.023529411764705882 0.019782393669634024
2 0.29705882352941176 0.5415430267062314 0.052941176470588235 0.01483679525222552
5 0.4235294117647059 0.5489614243323442 0.023529411764705882 0.019782393669634024
2 0.46352941176470586 0.5415430267062314 0.03294117647058824 0.01483679525222552
1 0.2605882352941176 0.6023738872403561 0.40352941176470586 0.017804154302670624
2 0.6670588235294118 0.6533135509396637 0.15764705882352942 0.020771513353115726
1 0.6758823529411765 0.6765578635014837 0.1988235294117647 0.017804154302670624