0 0.5 0.05635148042024833 0.6423529411764706 0.017191977077363897
0 0.5 0.13276026743075453 0.30470588235294116 0.017191977077363897
2 0.11352941176470588 0.21728748806112702 0.10941176470588235 0.014326647564469915
3 0.2523529411764706 0.21824259789875836 0.13294117647058823 0.01623686723973257
2 0.09294117647058824 0.2679083094555874 0.06823529411764706 0.02005730659025788
3 0.1676470588235294 0.26552053486150906 0.04588235294117647 0.015281757402101241
2 0.08294117647058824 0.3151862464183381 0.04823529411764706 0.019102196752626553
3 0.1476470588235294 0.3132760267430755 0.04588235294117647 0.015281757402101241
2 0.46705882352941175 0.3151862464183381 0.10823529411764705 0.019102196752626553
3 0.56 0.3132760267430755 0.042352941176470586 0.015281757402101241
2 0.08294117647058824 0.3629417382999045 0.04823529411764706 0.019102196752626553
3 0.1564705882352941 0.3624641833810888 0.06352941176470588 0.018147086914995225
2 0.11294117647058824 0.41069723018147086 0.10823529411764705 0.019102196752626553
3 0.20529411764705882 0.4092645654250239 0.041176470588235294 0.01623686723973257
2 0.5194117647058824 0.41069723018147086 0.09294117647058824 0.019102196752626553
3 0.6182352941176471 0.41117478510028654 0.06941176470588235 0.02005730659025788
2 0.10058823529411764 0.4565425023877746 0.08352941176470588 0.015281757402101241
3 0.18294117647058825 0.4565425023877746 0.04588235294117647 0.015281757402101241
2 0.10882352941176471 0.5234001910219676 0.1 0.015281757402101241
5 0.24705882352941178 0.5300859598853869 0.023529411764705882 0.019102196752626553
2 0.29705882352941176 0.5229226361031518 0.052941176470588235 0.014326647564469915
4 0.4235294117647059 0.5300859598853869 0.023529411764705882 0.019102196752626553
2 0.46352941176470586 0.5229226361031518 0.03294117647058824 0.014326647564469915
1 0.2605882352941176 0.5816618911174785 0.40352941176470586 0.017191977077363897
2 0.6670588235294118 0.6308500477554919 0.15764705882352942 0.02005730659025788
1 0.6758823529411765 0.6532951289398281 0.1988235294117647 0.017191977077363897