0 0.5 0.051890941072999124 0.6423529411764706 0.0158311345646438
0 0.5 0.1218117854001759 0.23294117647058823 0.014951627088830254
2 0.10058823529411764 0.20052770448548812 0.08352941176470588 0.014072119613016711
2 0.5023529411764706 0.2022867194371152 0.10823529411764705 0.01759014951627089
2 0.11352941176470588 0.24406332453825857 0.10941176470588235 0.013192612137203167
2 0.09294117647058824 0.2906772207563764 0.06823529411764706 0.018469656992084433
2 0.11294117647058824 0.33421284080914687 0.10823529411764705 0.01759014951627089
2 0.5552941176470588 0.33465259454705365 0.16470588235294117 0.018469656992084433
2 0.09294117647058824 0.3786279683377309 0.06823529411764706 0.018469656992084433
2 0.11294117647058824 0.42216358839050133 0.10823529411764705 0.01759014951627089
2 0.5047058823529412 0.41996481970096744 0.06352941176470588 0.013192612137203167
2 0.10882352941176471 0.48197009674582236 0.1 0.014072119613016711
4 0.24705882352941178 0.48812664907651715 0.023529411764705882 0.01759014951627089
2 0.29705882352941176 0.4815303430079156 0.052941176470588235 0.013192612137203167
4 0.4235294117647059 0.48812664907651715 0.023529411764705882 0.01759014951627089
2 0.46352941176470586 0.4815303430079156 0.03294117647058824 0.013192612137203167
1 0.2605882352941176 0.5356200527704486 0.40352941176470586 0.0158311345646438
2 0.6670588235294118 0.5809146877748461 0.15764705882352942 0.018469656992084433
1 0.6758823529411765 0.6015831134564644 0.1988235294117647 0.0158311345646438