0 0.5 0.058941058941058944 0.6423529411764706 0.017982017982017984
0 0.5 0.13836163836163837 0.24941176470588236 0.016983016983016984
2 0.11352941176470588 0.22727272727272727 0.10941176470588235 0.014985014985014986
3 0.23294117647058823 0.22827172827172826 0.09411764705882353 0.016983016983016984
2 0.10529411764705883 0.27972027972027974 0.09294117647058824 0.01998001998001998
3 0.18588235294117647 0.2802197802197802 0.03294117647058824 0.02097902097902098
2 0.09294117647058824 0.33016983016983015 0.06823529411764706 0.02097902097902098
3 0.16117647058823528 0.3276723276723277 0.03294117647058824 0.015984015984015984
2 0.10529411764705883 0.37962037962037964 0.09294117647058824 0.01998001998001998
3 0.19176470588235295 0.37812187812187814 0.04470588235294118 0.016983016983016984
2 0.10882352941176471 0.44755244755244755 0.1 0.015984015984015984
5 0.24705882352941178 0.45454545454545453 0.023529411764705882 0.01998001998001998
2 0.29705882352941176 0.44705294705294707 0.052941176470588235 0.014985014985014986
4 0.4235294117647059 0.45454545454545453 0.023529411764705882 0.01998001998001998
2 0.46352941176470586 0.44705294705294707 0.03294117647058824 0.014985014985014986
1 0.2605882352941176 0.5084915084915085 0.40352941176470586 0.017982017982017984
2 0.6670588235294118 0.5599400599400599 0.15764705882352942 0.02097902097902098
1 0.6758823529411765 0.5834165834165834 0.1988235294117647 0.017982017982017984