0 0.5 0.049873203719357564 0.6423529411764706 0.015215553677092139
0 0.5 0.11749788672865596 0.2647058823529412 0.015215553677092139
2 0.1411764705882353 0.194843617920541 0.16470588235294117 0.01775147928994083
2 0.10058823529411764 0.23499577345731193 0.08352941176470588 0.013524936601859678
2 0.08294117647058824 0.2789518174133559 0.04823529411764706 0.0169061707523246
2 0.09058823529411765 0.31910397295012677 0.06352941176470588 0.01267962806424345
2 0.10058823529411764 0.3617920540997464 0.08352941176470588 0.013524936601859678
3 0.17882352941176471 0.3617920540997464 0.03764705882352941 0.013524936601859678
2 0.48 0.3613693998309383 0.06352941176470588 0.01267962806424345
3 0.56 0.363905325443787 0.0611764705882353 0.01775147928994083
2 0.11294117647058824 0.4057480980557904 0.10823529411764705 0.0169061707523246
2 0.10882352941176471 0.463229078613694 0.1 0.013524936601859678
4 0.24705882352941178 0.4691462383770076 0.023529411764705882 0.0169061707523246
2 0.29705882352941176 0.4628064243448859 0.052941176470588235 0.01267962806424345
5 0.4235294117647059 0.4691462383770076 0.023529411764705882 0.0169061707523246
2 0.46352941176470586 0.4628064243448859 0.03294117647058824 0.01267962806424345
1 0.2605882352941176 0.514792899408284 0.40352941176470586 0.015215553677092139
2 0.6670588235294118 0.5583262890955198 0.15764705882352942 0.01775147928994083
1 0.6758823529411765 0.5781910397295013 0.1988235294117647 0.015215553677092139