0 0.5 0.0545790934320074 0.6423529411764706 0.016651248843663275
0 0.5 0.12858464384828863 0.30470588235294116 0.016651248843663275
2 0.10058823529411764 0.21091581868640147 0.08352941176470588 0.014801110083256245
3 0.18294117647058825 0.21091581868640147 0.04588235294117647 0.014801110083256245
2 0.09294117647058824 0.25948196114708605 0.06823529411764706 0.01942645698427382
3 0.16823529411764707 0.25948196114708605 0.047058823529411764 0.01942645698427382
2 0.09294117647058824 0.3057354301572618 0.06823529411764706 0.01942645698427382
3 0.18 0.3057354301572618 0.07058823529411765 0.01942645698427382
2 0.47941176470588237 0.30527289546716 0.09294117647058824 0.018501387604070305
3 0.5782352941176471 0.3057354301572618 0.06941176470588235 0.01942645698427382
2 0.08294117647058824 0.3515263644773358 0.04823529411764706 0.018501387604070305
3 0.14647058823529413 0.3501387604070305 0.04352941176470588 0.01572617946345976
2 0.11294117647058824 0.39777983348751156 0.10823529411764705 0.018501387604070305
3 0.21411764705882352 0.3963922294172063 0.058823529411764705 0.01572617946345976
2 0.4970588235294118 0.39777983348751156 0.04823529411764706 0.018501387604070305
3 0.5694117647058824 0.3982423681776133 0.0611764705882353 0.01942645698427382
2 0.09058823529411765 0.4417206290471785 0.06352941176470588 0.013876040703052728
3 0.1564705882352941 0.44449583718778907 0.03294117647058824 0.01942645698427382
2 0.10882352941176471 0.5069380203515264 0.1 0.014801110083256245
4 0.24705882352941178 0.513413506012951 0.023529411764705882 0.018501387604070305
2 0.29705882352941176 0.5064754856614246 0.052941176470588235 0.013876040703052728
5 0.4235294117647059 0.513413506012951 0.023529411764705882 0.018501387604070305
2 0.46352941176470586 0.5064754856614246 0.03294117647058824 0.013876040703052728
1 0.2605882352941176 0.5633672525439408 0.40352941176470586 0.016651248843663275
2 0.6670588235294118 0.6110083256244219 0.15764705882352942 0.01942645698427382
1 0.6758823529411765 0.6327474560592045 0.1988235294117647 0.016651248843663275