0 0.5 0.0576171875 0.6423529411764706 0.017578125
0 0.5 0.13525390625 0.23294117647058823 0.0166015625
2 0.08294117647058824 0.224609375 0.04823529411764706 0.01953125
2 0.10058823529411764 0.271484375 0.08352941176470588 0.015625
2 0.5305882352941177 0.27392578125 0.16470588235294117 0.0205078125
3 0.6541176470588236 0.27294921875 0.047058823529411764 0.0185546875
2 0.11352941176470588 0.31982421875 0.10941176470588235 0.0146484375
2 0.09294117647058824 0.37158203125 0.06823529411764706 0.0205078125
3 0.17529411764705882 0.37158203125 0.0611764705882353 0.0205078125
2 0.10529411764705883 0.419921875 0.09294117647058824 0.01953125
3 0.1923529411764706 0.41796875 0.04588235294117647 0.015625
2 0.10882352941176471 0.486328125 0.1 0.015625
5 0.24705882352941178 0.4931640625 0.023529411764705882 0.01953125
2 0.29705882352941176 0.48583984375 0.052941176470588235 0.0146484375
4 0.4235294117647059 0.4931640625 0.023529411764705882 0.01953125
2 0.46352941176470586 0.48583984375 0.03294117647058824 0.0146484375
1 0.2605882352941176 0.5458984375 0.40352941176470586 0.017578125
2 0.6670588235294118 0.59619140625 0.15764705882352942 0.0205078125
1 0.6758823529411765 0.619140625 0.1988235294117647 0.017578125