0 0.5 0.05717054263565891 0.6423529411764706 0.01744186046511628
0 0.5 0.13420542635658914 0.24941176470588236 0.016472868217054265
2 0.10058823529411764 0.22093023255813954 0.08352941176470588 0.015503875968992248
2 0.10058823529411764 0.2693798449612403 0.08352941176470588 0.015503875968992248
2 0.08294117647058824 0.31976744186046513 0.04823529411764706 0.01937984496124031
2 0.09058823529411765 0.36579457364341084 0.06352941176470588 0.014534883720930232
2 0.11352941176470588 0.41424418604651164 0.10941176470588235 0.014534883720930232
2 0.49823529411764705 0.4166666666666667 0.04823529411764706 0.01937984496124031
2 0.10882352941176471 0.48255813953488375 0.1 0.015503875968992248
4 0.24705882352941178 0.4893410852713178 0.023529411764705882 0.01937984496124031
2 0.29705882352941176 0.48207364341085274 0.052941176470588235 0.014534883720930232
4 0.4235294117647059 0.4893410852713178 0.023529411764705882 0.01937984496124031
2 0.46352941176470586 0.48207364341085274 0.03294117647058824 0.014534883720930232
1 0.2605882352941176 0.5416666666666666 0.40352941176470586 0.01744186046511628
2 0.6670588235294118 0.5915697674418605 0.15764705882352942 0.020348837209302327
1 0.6758823529411765 0.6143410852713178 0.1988235294117647 0.01744186046511628