0 0.5 0.05412844036697248 0.6423529411764706 0.01651376146788991
0 0.5 0.12752293577981652 0.28352941176470586 0.01651376146788991
2 0.08294117647058824 0.21100917431192662 0.04823529411764706 0.01834862385321101
2 0.4676470588235294 0.20871559633027523 0.10941176470588235 0.013761467889908258
2 0.09294117647058824 0.2573394495412844 0.06823529411764706 0.01926605504587156
2 0.10058823529411764 0.30091743119266057 0.08352941176470588 0.014678899082568808
2 0.1411764705882353 0.34908256880733946 0.16470588235294117 0.01926605504587156
2 0.10882352941176471 0.41100917431192663 0.1 0.014678899082568808
4 0.24705882352941178 0.41743119266055045 0.023529411764705882 0.01834862385321101
2 0.29705882352941176 0.4105504587155963 0.052941176470588235 0.013761467889908258
4 0.4235294117647059 0.41743119266055045 0.023529411764705882 0.01834862385321101
2 0.46352941176470586 0.4105504587155963 0.03294117647058824 0.013761467889908258
1 0.2605882352941176 0.4669724770642202 0.40352941176470586 0.01651376146788991
2 0.6670588235294118 0.5142201834862385 0.15764705882352942 0.01926605504587156
1 0.6758823529411765 0.5357798165137615 0.1988235294117647 0.01651376146788991