0 0.5 0.05258467023172905 0.6423529411764706 0.016042780748663103
0 0.5 0.12388591800356506 0.28352941176470586 0.016042780748663103
2 0.09294117647058824 0.2054367201426025 0.06823529411764706 0.01871657754010695
3 0.17058823529411765 0.20365418894830659 0.05176470588235294 0.015151515151515152
2 0.10529411764705883 0.24955436720142601 0.09294117647058824 0.017825311942959002
3 0.20411764705882354 0.25 0.06941176470588235 0.01871657754010695
2 0.10529411764705883 0.29411764705882354 0.09294117647058824 0.017825311942959002
3 0.1864705882352941 0.2936720142602496 0.03411764705882353 0.01693404634581105
2 0.54 0.2945632798573975 0.16470588235294117 0.01871657754010695
3 0.6570588235294118 0.29233511586452765 0.03411764705882353 0.0142602495543672
2 0.10058823529411764 0.33689839572192515 0.08352941176470588 0.0142602495543672
3 0.18058823529411766 0.3373440285204991 0.041176470588235294 0.015151515151515152
2 0.10882352941176471 0.39928698752228164 0.1 0.0142602495543672
4 0.24705882352941178 0.4055258467023173 0.023529411764705882 0.017825311942959002
2 0.29705882352941176 0.3988413547237077 0.052941176470588235 0.013368983957219251
5 0.4235294117647059 0.4055258467023173 0.023529411764705882 0.017825311942959002
2 0.46352941176470586 0.3988413547237077 0.03294117647058824 0.013368983957219251
1 0.2605882352941176 0.4536541889483066 0.40352941176470586 0.016042780748663103
2 0.6670588235294118 0.49955436720142604 0.15764705882352942 0.01871657754010695
1 0.6758823529411765 0.5204991087344029 0.1988235294117647 0.016042780748663103