0 0.5 0.050818260120585705 0.6423529411764706 0.015503875968992248
0 0.5 0.11972437553832903 0.2647058823529412 0.015503875968992248
2 0.08294117647058824 0.19810508182601205 0.04823529411764706 0.017226528854435832
3 0.16294117647058823 0.19896640826873385 0.07647058823529412 0.018949181739879414
2 0.4676470588235294 0.19595176571920758 0.10941176470588235 0.012919896640826873
2 0.1411764705882353 0.24160206718346253 0.16470588235294117 0.01808785529715762
2 0.08294117647058824 0.2842377260981912 0.04823529411764706 0.017226528854435832
3 0.15529411764705883 0.28294573643410853 0.0611764705882353 0.014642549526270457
2 0.4547058823529412 0.28251507321274766 0.08352941176470588 0.013781223083548665
2 0.11294117647058824 0.3273040482342808 0.10823529411764705 0.017226528854435832
2 0.10882352941176471 0.3858742463393626 0.1 0.013781223083548665
4 0.24705882352941178 0.39190353143841516 0.023529411764705882 0.017226528854435832
2 0.29705882352941176 0.3854435831180017 0.052941176470588235 0.012919896640826873
5 0.4235294117647059 0.39190353143841516 0.023529411764705882 0.017226528854435832
2 0.46352941176470586 0.3854435831180017 0.03294117647058824 0.012919896640826873
1 0.2605882352941176 0.4384151593453919 0.40352941176470586 0.015503875968992248
2 0.6670588235294118 0.4827734711455642 0.15764705882352942 0.01808785529715762
1 0.6758823529411765 0.5030146425495263 0.1988235294117647 0.015503875968992248