0 0.5 0.05462962962962963 0.6423529411764706 0.016666666666666666
0 0.5 0.1287037037037037 0.30470588235294116 0.016666666666666666
2 0.09294117647058824 0.21342592592592594 0.06823529411764706 0.019444444444444445
3 0.16823529411764707 0.21342592592592594 0.047058823529411764 0.019444444444444445
2 0.1411764705882353 0.25972222222222224 0.16470588235294117 0.019444444444444445
3 0.2635294117647059 0.2574074074074074 0.04470588235294118 0.014814814814814815
2 0.5841176470588235 0.2569444444444444 0.10941176470588235 0.013888888888888888
2 0.09294117647058824 0.3060185185185185 0.06823529411764706 0.019444444444444445
3 0.1635294117647059 0.3037037037037037 0.03764705882352941 0.014814814814814815
2 0.4747058823529412 0.3037037037037037 0.08352941176470588 0.014814814814814815
3 0.5658823529411765 0.3050925925925926 0.06352941176470588 0.017592592592592594
2 0.10529411764705883 0.35185185185185186 0.09294117647058824 0.018518518518518517
3 0.19 0.350462962962963 0.041176470588235294 0.01574074074074074
2 0.54 0.3523148148148148 0.16470588235294117 0.019444444444444445
3 0.6570588235294118 0.35 0.03411764705882353 0.014814814814814815
2 0.1411764705882353 0.39861111111111114 0.16470588235294117 0.019444444444444445
2 0.5635294117647058 0.39861111111111114 0.06823529411764706 0.019444444444444445
2 0.10058823529411764 0.4425925925925926 0.08352941176470588 0.014814814814814815
2 0.10882352941176471 0.5074074074074074 0.1 0.014814814814814815
5 0.24705882352941178 0.5138888888888888 0.023529411764705882 0.018518518518518517
2 0.29705882352941176 0.5069444444444444 0.052941176470588235 0.013888888888888888
4 0.4235294117647059 0.5138888888888888 0.023529411764705882 0.018518518518518517
2 0.46352941176470586 0.5069444444444444 0.03294117647058824 0.013888888888888888
1 0.2605882352941176 0.5638888888888889 0.40352941176470586 0.016666666666666666
2 0.6670588235294118 0.611574074074074 0.15764705882352942 0.019444444444444445
1 0.6758823529411765 0.6333333333333333 0.1988235294117647 0.016666666666666666