0 0.5 0.05291479820627803 0.6423529411764706 0.016143497757847534
0 0.5 0.12466367713004484 0.30470588235294116 0.016143497757847534
2 0.11294117647058824 0.2062780269058296 0.10823529411764705 0.017937219730941704
3 0.21529411764705883 0.20672645739910314 0.0611764705882353 0.01883408071748879
2 0.11352941176470588 0.24887892376681614 0.10941176470588235 0.013452914798206279
3 0.26705882352941174 0.25112107623318386 0.1623529411764706 0.017937219730941704
2 0.5288235294117647 0.24887892376681614 0.10941176470588235 0.013452914798206279
3 0.6847058823529412 0.2520179372197309 0.16705882352941176 0.019730941704035873
2 0.1411764705882353 0.29641255605381167 0.16470588235294117 0.01883408071748879
3 0.25823529411764706 0.29417040358744395 0.03411764705882353 0.014349775784753363
2 0.10058823529411764 0.33901345291479823 0.08352941176470588 0.014349775784753363
3 0.18058823529411766 0.33946188340807176 0.041176470588235294 0.015246636771300448
2 0.10058823529411764 0.38385650224215245 0.08352941176470588 0.014349775784753363
3 0.17647058823529413 0.38385650224215245 0.03294117647058824 0.014349775784753363
2 0.49470588235294116 0.38565022421524664 0.09294117647058824 0.017937219730941704
3 0.5823529411764706 0.3860986547085202 0.047058823529411764 0.01883408071748879
2 0.10882352941176471 0.44663677130044843 0.1 0.014349775784753363
5 0.24705882352941178 0.452914798206278 0.023529411764705882 0.017937219730941704
2 0.29705882352941176 0.4461883408071749 0.052941176470588235 0.013452914798206279
4 0.4235294117647059 0.452914798206278 0.023529411764705882 0.017937219730941704
2 0.46352941176470586 0.4461883408071749 0.03294117647058824 0.013452914798206279
1 0.2605882352941176 0.5013452914798207 0.40352941176470586 0.016143497757847534
2 0.6670588235294118 0.5475336322869955 0.15764705882352942 0.01883408071748879
1 0.6758823529411765 0.568609865470852 0.1988235294117647 0.016143497757847534