0 0.5 0.052820053715308866 0.6423529411764706 0.01611459265890779
0 0.5 0.12399283795881827 0.24941176470588236 0.01521933751119069
2 0.10529411764705883 0.20590868397493287 0.09294117647058824 0.017905102954341987
3 0.2 0.20456580125335722 0.0611764705882353 0.01521933751119069
2 0.11294117647058824 0.25067144136078784 0.10823529411764705 0.017905102954341987
3 0.20941176470588235 0.24888093106535364 0.04941176470588235 0.01432408236347359
2 0.5270588235294118 0.25067144136078784 0.10823529411764705 0.017905102954341987
3 0.6270588235294118 0.2493285586392122 0.05647058823529412 0.01521933751119069
2 0.11294117647058824 0.2954341987466428 0.10823529411764705 0.017905102954341987
3 0.22 0.29588182632050136 0.07058823529411765 0.018800358102059087
2 0.11352941176470588 0.337958818263205 0.10941176470588235 0.01342882721575649
3 0.22176470588235295 0.3384064458370636 0.07176470588235294 0.01432408236347359
2 0.11294117647058824 0.38495971351835273 0.10823529411764705 0.017905102954341987
2 0.5276470588235294 0.38272157564906 0.10941176470588235 0.01342882721575649
3 0.6570588235294118 0.38540734109221125 0.11411764705882353 0.018800358102059087
2 0.11352941176470588 0.42748433303491495 0.10941176470588235 0.01342882721575649
3 0.2576470588235294 0.43017009847806625 0.14352941176470588 0.018800358102059087
2 0.10882352941176471 0.4905998209489705 0.1 0.01432408236347359
4 0.24705882352941178 0.4968666069829902 0.023529411764705882 0.017905102954341987
2 0.29705882352941176 0.4901521933751119 0.052941176470588235 0.01342882721575649
5 0.4235294117647059 0.4968666069829902 0.023529411764705882 0.017905102954341987
2 0.46352941176470586 0.4901521933751119 0.03294117647058824 0.01342882721575649
1 0.2605882352941176 0.5452103849597135 0.40352941176470586 0.01611459265890779
2 0.6670588235294118 0.5913160250671441 0.15764705882352942 0.018800358102059087
1 0.6758823529411765 0.612354521038496 0.1988235294117647 0.01611459265890779