0 0.5 0.0552434456928839 0.6423529411764706 0.016853932584269662
0 0.5 0.1301498127340824 0.30470588235294116 0.016853932584269662
2 0.09058823529411765 0.21301498127340823 0.06352941176470588 0.014044943820224719
3 0.17705882352941177 0.21629213483146068 0.07411764705882352 0.020599250936329586
2 0.46 0.21301498127340823 0.06352941176470588 0.014044943820224719
2 0.1411764705882353 0.26264044943820225 0.16470588235294117 0.019662921348314606
3 0.2576470588235294 0.26264044943820225 0.03294117647058824 0.019662921348314606
2 0.11294117647058824 0.3089887640449438 0.10823529411764705 0.018726591760299626
3 0.20941176470588235 0.30711610486891383 0.04941176470588235 0.0149812734082397
2 0.08294117647058824 0.35580524344569286 0.04823529411764706 0.018726591760299626
3 0.1476470588235294 0.3553370786516854 0.04588235294117647 0.017790262172284643
2 0.46705882352941175 0.35580524344569286 0.10823529411764705 0.018726591760299626
2 0.10882352941176471 0.41947565543071164 0.1 0.0149812734082397
5 0.24705882352941178 0.42602996254681647 0.023529411764705882 0.018726591760299626
2 0.29705882352941176 0.4190074906367041 0.052941176470588235 0.014044943820224719
4 0.4235294117647059 0.42602996254681647 0.023529411764705882 0.018726591760299626
2 0.46352941176470586 0.4190074906367041 0.03294117647058824 0.014044943820224719
1 0.2605882352941176 0.47659176029962547 0.40352941176470586 0.016853932584269662
2 0.6670588235294118 0.524812734082397 0.15764705882352942 0.019662921348314606
1 0.6758823529411765 0.5468164794007491 0.1988235294117647 0.016853932584269662