0 0.5 0.05021276595744681 0.6423529411764706 0.015319148936170212
0 0.5 0.11787234042553192 0.23294117647058823 0.01446808510638298
2 0.1411764705882353 0.19617021276595745 0.16470588235294117 0.017872340425531916
3 0.25823529411764706 0.19404255319148936 0.03411764705882353 0.013617021276595745
2 0.11294117647058824 0.23829787234042554 0.10823529411764705 0.01702127659574468
3 0.22 0.24085106382978724 0.07058823529411765 0.022127659574468085
2 0.09058823529411765 0.27872340425531916 0.06352941176470588 0.01276595744680851
3 0.15529411764705883 0.27914893617021275 0.03058823529411765 0.013617021276595745
2 0.11294117647058824 0.32340425531914896 0.10823529411764705 0.01702127659574468
3 0.21470588235294116 0.3229787234042553 0.06 0.016170212765957447
2 0.10882352941176471 0.38127659574468087 0.1 0.013617021276595745
4 0.24705882352941178 0.3872340425531915 0.023529411764705882 0.01702127659574468
2 0.29705882352941176 0.38085106382978723 0.052941176470588235 0.01276595744680851
5 0.4235294117647059 0.3872340425531915 0.023529411764705882 0.01702127659574468
2 0.46352941176470586 0.38085106382978723 0.03294117647058824 0.01276595744680851
1 0.2605882352941176 0.43319148936170215 0.40352941176470586 0.015319148936170212
2 0.6670588235294118 0.47702127659574467 0.15764705882352942 0.017872340425531916
1 0.6758823529411765 0.4970212765957447 0.1988235294117647 0.015319148936170212