0 0.5 0.057392996108949414 0.6423529411764706 0.017509727626459144
0 0.5 0.13521400778210116 0.2647058823529412 0.017509727626459144
2 0.09058823529411765 0.22130350194552528 0.06352941176470588 0.014591439688715954
3 0.16294117647058823 0.22178988326848248 0.04588235294117647 0.01556420233463035
2 0.10058823529411764 0.2704280155642023 0.08352941176470588 0.01556420233463035
3 0.18764705882352942 0.2728599221789883 0.05529411764705883 0.020428015564202335
2 0.5023529411764706 0.2723735408560311 0.10823529411764705 0.019455252918287938
3 0.6023529411764705 0.2709143968871595 0.05647058823529412 0.016536964980544747
2 0.11352941176470588 0.31857976653696496 0.10941176470588235 0.014591439688715954
3 0.2782352941176471 0.3219844357976654 0.18470588235294116 0.021400778210116732
2 0.1411764705882353 0.37013618677042803 0.16470588235294117 0.020428015564202335
3 0.2641176470588235 0.36770428015564205 0.04588235294117647 0.01556420233463035
2 0.1411764705882353 0.41877431906614787 0.16470588235294117 0.020428015564202335
3 0.2647058823529412 0.4178015564202335 0.047058823529411764 0.01848249027237354
2 0.09058823529411765 0.46449416342412453 0.06352941176470588 0.014591439688715954
3 0.16588235294117648 0.4654669260700389 0.05176470588235294 0.016536964980544747
2 0.10882352941176471 0.5330739299610895 0.1 0.01556420233463035
5 0.24705882352941178 0.5398832684824902 0.023529411764705882 0.019455252918287938
2 0.29705882352941176 0.5325875486381323 0.052941176470588235 0.014591439688715954
4 0.4235294117647059 0.5398832684824902 0.023529411764705882 0.019455252918287938
2 0.46352941176470586 0.5325875486381323 0.03294117647058824 0.014591439688715954
1 0.2605882352941176 0.5924124513618677 0.40352941176470586 0.017509727626459144
2 0.6670588235294118 0.6425097276264592 0.15764705882352942 0.020428015564202335
1 0.6758823529411765 0.6653696498054474 0.1988235294117647 0.017509727626459144