0 0.5 0.05888223552894212 0.6423529411764706 0.017964071856287425
0 0.5 0.13872255489021956 0.30470588235294116 0.017964071856287425
2 0.08294117647058824 0.22954091816367264 0.04823529411764706 0.01996007984031936
3 0.14705882352941177 0.2275449101796407 0.04470588235294118 0.015968063872255488
2 0.46705882352941175 0.22954091816367264 0.10823529411764705 0.01996007984031936
3 0.5552941176470588 0.23003992015968064 0.03294117647058824 0.020958083832335328
2 0.10058823529411764 0.2774451097804391 0.08352941176470588 0.015968063872255488
3 0.18411764705882352 0.27994011976047906 0.04823529411764706 0.020958083832335328
2 0.49470588235294116 0.27944111776447106 0.09294117647058824 0.01996007984031936
3 0.5752941176470588 0.2774451097804391 0.03294117647058824 0.015968063872255488
2 0.10529411764705883 0.32934131736526945 0.09294117647058824 0.01996007984031936
3 0.19 0.3278443113772455 0.041176470588235294 0.016966067864271458
2 0.09294117647058824 0.37974051896207583 0.06823529411764706 0.020958083832335328
3 0.17529411764705882 0.37974051896207583 0.0611764705882353 0.020958083832335328
2 0.08294117647058824 0.4291417165668663 0.04823529411764706 0.01996007984031936
3 0.14411764705882352 0.4291417165668663 0.03882352941176471 0.01996007984031936
2 0.09058823529411765 0.47654690618762474 0.06352941176470588 0.014970059880239521
3 0.16588235294117648 0.47754491017964074 0.05176470588235294 0.016966067864271458
2 0.10882352941176471 0.5469061876247505 0.1 0.015968063872255488
4 0.24705882352941178 0.5538922155688623 0.023529411764705882 0.01996007984031936
2 0.29705882352941176 0.5464071856287425 0.052941176470588235 0.014970059880239521
5 0.4235294117647059 0.5538922155688623 0.023529411764705882 0.01996007984031936
2 0.46352941176470586 0.5464071856287425 0.03294117647058824 0.014970059880239521
1 0.2605882352941176 0.6077844311377245 0.40352941176470586 0.017964071856287425
2 0.6670588235294118 0.659181636726547 0.15764705882352942 0.020958083832335328
1 0.6758823529411765 0.6826347305389222 0.1988235294117647 0.017964071856287425