0 0.5 0.053297199638663056 0.6423529411764706 0.016260162601626018
0 0.5 0.12556458897922312 0.28352941176470586 0.016260162601626018
2 0.10529411764705883 0.20776874435411022 0.09294117647058824 0.018066847335140017
2 0.4894117647058824 0.2055103884372177 0.06352941176470588 0.013550135501355014
2 0.09294117647058824 0.25338753387533874 0.06823529411764706 0.018970189701897018
2 0.47941176470588237 0.2529358626919603 0.09294117647058824 0.018066847335140017
3 0.5605882352941176 0.25248419150858176 0.03411764705882353 0.017163504968383016
2 0.11352941176470588 0.2958446251129178 0.10941176470588235 0.013550135501355014
2 0.10529411764705883 0.34327009936766034 0.09294117647058824 0.018066847335140017
2 0.11294117647058824 0.3884372177055104 0.10823529411764705 0.018066847335140017
2 0.5276470588235294 0.3861788617886179 0.10941176470588235 0.013550135501355014
2 0.10882352941176471 0.44986449864498645 0.1 0.014453477868112014
5 0.24705882352941178 0.4561878952122855 0.023529411764705882 0.018066847335140017
2 0.29705882352941176 0.44941282746160793 0.052941176470588235 0.013550135501355014
4 0.4235294117647059 0.4561878952122855 0.023529411764705882 0.018066847335140017
2 0.46352941176470586 0.44941282746160793 0.03294117647058824 0.013550135501355014
1 0.2605882352941176 0.5049683830171635 0.40352941176470586 0.016260162601626018
2 0.6670588235294118 0.551490514905149 0.15764705882352942 0.018970189701897018
1 0.6758823529411765 0.5727190605239386 0.1988235294117647 0.016260162601626018