0 0.5 0.05230496453900709 0.6423529411764706 0.015957446808510637
0 0.5 0.12278368794326242 0.23294117647058823 0.015070921985815602
2 0.09058823529411765 0.20168439716312056 0.06352941176470588 0.013297872340425532
3 0.16941176470588235 0.2025709219858156 0.058823529411764705 0.015070921985815602
2 0.1411764705882353 0.24867021276595744 0.16470588235294117 0.018617021276595744
3 0.2635294117647059 0.24645390070921985 0.04470588235294118 0.014184397163120567
2 0.09058823529411765 0.2903368794326241 0.06352941176470588 0.013297872340425532
3 0.16411764705882353 0.2929964539007092 0.04823529411764706 0.018617021276595744
2 0.11352941176470588 0.3346631205673759 0.10941176470588235 0.013297872340425532
3 0.24941176470588236 0.3355496453900709 0.12705882352941175 0.015070921985815602
2 0.10882352941176471 0.3971631205673759 0.1 0.014184397163120567
5 0.24705882352941178 0.4033687943262411 0.023529411764705882 0.01773049645390071
2 0.29705882352941176 0.3967198581560284 0.052941176470588235 0.013297872340425532
4 0.4235294117647059 0.4033687943262411 0.023529411764705882 0.01773049645390071
2 0.46352941176470586 0.3967198581560284 0.03294117647058824 0.013297872340425532
1 0.2605882352941176 0.4512411347517731 0.40352941176470586 0.015957446808510637
2 0.6670588235294118 0.49689716312056736 0.15764705882352942 0.018617021276595744
1 0.6758823529411765 0.5177304964539007 0.1988235294117647 0.015957446808510637