0 0.5 0.05656759348034516 0.6423529411764706 0.01725790987535954
0 0.5 0.1332694151486098 0.28352941176470586 0.01725790987535954
2 0.10058823529411764 0.21860019175455417 0.08352941176470588 0.015340364333652923
3 0.18352941176470589 0.22099712368168745 0.047058823529411764 0.020134228187919462
2 0.10058823529411764 0.2665388302972196 0.08352941176470588 0.015340364333652923
2 0.10529411764705883 0.31639501438159157 0.09294117647058824 0.019175455417066157
3 0.1952941176470588 0.3149568552253116 0.05176470588235294 0.016299137104506232
2 0.4894117647058824 0.3139980824544583 0.06352941176470588 0.014381591562799617
3 0.5629411764705883 0.3168744007670182 0.04823529411764706 0.020134228187919462
2 0.10529411764705883 0.36433365292425696 0.09294117647058824 0.019175455417066157
2 0.10529411764705883 0.41227229146692235 0.09294117647058824 0.019175455417066157
3 0.1988235294117647 0.41083413231064236 0.058823529411764705 0.016299137104506232
2 0.10882352941176471 0.47746883988494726 0.1 0.015340364333652923
4 0.24705882352941178 0.4841802492809204 0.023529411764705882 0.019175455417066157
2 0.29705882352941176 0.4769894534995206 0.052941176470588235 0.014381591562799617
5 0.4235294117647059 0.4841802492809204 0.023529411764705882 0.019175455417066157
2 0.46352941176470586 0.4769894534995206 0.03294117647058824 0.014381591562799617
1 0.2605882352941176 0.535953978906999 0.40352941176470586 0.01725790987535954
2 0.6670588235294118 0.5853307766059443 0.15764705882352942 0.020134228187919462
1 0.6758823529411765 0.6078619367209971 0.1988235294117647 0.01725790987535954