0 0.5 0.058358061325420374 0.6423529411764706 0.017804154302670624
0 0.5 0.13699307616221562 0.23294117647058823 0.016815034619188922
2 0.08294117647058824 0.2274975272007913 0.04823529411764706 0.019782393669634024
3 0.1476470588235294 0.22551928783382788 0.04588235294117647 0.01582591493570722
2 0.09294117647058824 0.2774480712166172 0.06823529411764706 0.020771513353115726
3 0.16823529411764707 0.2774480712166172 0.047058823529411764 0.020771513353115726
2 0.11294117647058824 0.3264094955489614 0.10823529411764705 0.019782393669634024
3 0.2076470588235294 0.32443125618199803 0.04588235294117647 0.01582591493570722
2 0.10529411764705883 0.3758654797230465 0.09294117647058824 0.019782393669634024
3 0.19176470588235295 0.3743818001978239 0.04470588235294118 0.016815034619188922
2 0.11352941176470588 0.4228486646884273 0.10941176470588235 0.01483679525222552
3 0.29705882352941176 0.42828882294757664 0.2223529411764706 0.025717111770524232
2 0.5158823529411765 0.42334322453016815 0.08352941176470588 0.01582591493570722
3 0.5952941176470589 0.423837784371909 0.04 0.016815034619188922
2 0.10882352941176471 0.49258160237388726 0.1 0.01582591493570722
5 0.24705882352941178 0.49950544015825915 0.023529411764705882 0.019782393669634024
2 0.29705882352941176 0.4920870425321464 0.052941176470588235 0.01483679525222552
4 0.4235294117647059 0.49950544015825915 0.023529411764705882 0.019782393669634024
2 0.46352941176470586 0.4920870425321464 0.03294117647058824 0.01483679525222552
1 0.2605882352941176 0.552917903066271 0.40352941176470586 0.017804154302670624
2 0.6670588235294118 0.6038575667655787 0.15764705882352942 0.020771513353115726
1 0.6758823529411765 0.6271018793273986 0.1988235294117647 0.017804154302670624