0 0.5 0.054078826764436295 0.6423529411764706 0.016498625114573784
0 0.5 0.12694775435380384 0.24941176470588236 0.015582034830430797
2 0.09294117647058824 0.21127406049495875 0.06823529411764706 0.01924839596700275
3 0.16588235294117648 0.2094408799266728 0.042352941176470586 0.015582034830430797
2 0.09058823529411765 0.2543538038496792 0.06352941176470588 0.013748854262144821
3 0.17529411764705882 0.25939505041246563 0.07058823529411765 0.02383134738771769
2 0.45235294117647057 0.2566452795600367 0.04823529411764706 0.01833180568285976
2 0.09294117647058824 0.3029330889092576 0.06823529411764706 0.01924839596700275
3 0.16588235294117648 0.3010999083409716 0.042352941176470586 0.015582034830430797
2 0.09294117647058824 0.34876260311640694 0.06823529411764706 0.01924839596700275
3 0.18294117647058825 0.34922089825847846 0.07647058823529412 0.02016498625114574
2 0.5152941176470588 0.34876260311640694 0.16470588235294117 0.01924839596700275
2 0.08294117647058824 0.39413382218148485 0.04823529411764706 0.01833180568285976
2 0.4370588235294118 0.39413382218148485 0.04823529411764706 0.01833180568285976
3 0.5088235294117647 0.3936755270394134 0.06 0.017415215398716773
2 0.09058823529411765 0.4376718606782768 0.06352941176470588 0.013748854262144821
2 0.4823529411764706 0.4399633363886343 0.10823529411764705 0.01833180568285976
3 0.5741176470588235 0.4385884509624198 0.04 0.015582034830430797
2 0.10882352941176471 0.5022914757103575 0.1 0.01466544454628781
5 0.24705882352941178 0.5087076076993584 0.023529411764705882 0.01833180568285976
2 0.29705882352941176 0.501833180568286 0.052941176470588235 0.013748854262144821
4 0.4235294117647059 0.5087076076993584 0.023529411764705882 0.01833180568285976
2 0.46352941176470586 0.501833180568286 0.03294117647058824 0.013748854262144821
1 0.2605882352941176 0.5582034830430798 0.40352941176470586 0.016498625114573784
2 0.6670588235294118 0.6054078826764436 0.15764705882352942 0.01924839596700275
1 0.6758823529411765 0.6269477543538039 0.1988235294117647 0.016498625114573784