0 0.5 0.05468025949953661 0.6423529411764706 0.016682113067655237
0 0.5 0.12882298424467098 0.30470588235294116 0.016682113067655237
2 0.10529411764705883 0.21316033364226136 0.09294117647058824 0.018535681186283594
2 0.5123529411764706 0.21084337349397592 0.10941176470588235 0.013901760889712697
2 0.09294117647058824 0.25996292863762743 0.06823529411764706 0.019462465245597776
3 0.17647058823529413 0.25903614457831325 0.06352941176470588 0.017608897126969416
2 0.09058823529411765 0.3035217794253939 0.06352941176470588 0.013901760889712697
2 0.46 0.3035217794253939 0.06352941176470588 0.013901760889712697
2 0.11352941176470588 0.34986098239110286 0.10941176470588235 0.013901760889712697
3 0.2788235294117647 0.3531047265987025 0.18588235294117647 0.020389249304911955
2 0.49823529411764705 0.35217794253938833 0.04823529411764706 0.018535681186283594
2 0.09058823529411765 0.39620018535681184 0.06352941176470588 0.013901760889712697
3 0.1564705882352941 0.3989805375347544 0.03294117647058824 0.019462465245597776
2 0.4623529411764706 0.3989805375347544 0.06823529411764706 0.019462465245597776
2 0.10882352941176471 0.46153846153846156 0.1 0.014828544949026877
5 0.24705882352941178 0.4680259499536608 0.023529411764705882 0.018535681186283594
2 0.29705882352941176 0.46107506950880445 0.052941176470588235 0.013901760889712697
4 0.4235294117647059 0.4680259499536608 0.023529411764705882 0.018535681186283594
2 0.46352941176470586 0.46107506950880445 0.03294117647058824 0.013901760889712697
1 0.2605882352941176 0.5180722891566265 0.40352941176470586 0.016682113067655237
2 0.6670588235294118 0.5658016682113067 0.15764705882352942 0.019462465245597776
1 0.6758823529411765 0.58758109360519 0.1988235294117647 0.016682113067655237