0 0.5 0.05784313725490196 0.6423529411764706 0.01764705882352941
0 0.5 0.13627450980392156 0.30470588235294116 0.01764705882352941
2 0.09294117647058824 0.22598039215686275 0.06823529411764706 0.020588235294117647
3 0.16117647058823528 0.2235294117647059 0.03294117647058824 0.01568627450980392
2 0.46705882352941175 0.22598039215686275 0.06823529411764706 0.020588235294117647
3 0.5429411764705883 0.22598039215686275 0.04823529411764706 0.020588235294117647
2 0.11294117647058824 0.27450980392156865 0.10823529411764705 0.0196078431372549
3 0.22 0.275 0.07058823529411765 0.020588235294117647
2 0.5194117647058824 0.27450980392156865 0.09294117647058824 0.0196078431372549
3 0.6064705882352941 0.2725490196078431 0.04588235294117647 0.01568627450980392
2 0.09058823529411765 0.32107843137254904 0.06352941176470588 0.014705882352941176
3 0.16588235294117648 0.3220588235294118 0.05176470588235294 0.016666666666666666
2 0.48294117647058826 0.32107843137254904 0.10941176470588235 0.014705882352941176
3 0.6123529411764705 0.32401960784313727 0.11411764705882353 0.020588235294117647
2 0.08294117647058824 0.37254901960784315 0.04823529411764706 0.0196078431372549
3 0.14470588235294118 0.37107843137254903 0.04 0.016666666666666666
2 0.45941176470588235 0.37254901960784315 0.09294117647058824 0.0196078431372549
3 0.5470588235294118 0.37058823529411766 0.047058823529411764 0.01568627450980392
2 0.09294117647058824 0.42205882352941176 0.06823529411764706 0.020588235294117647
3 0.17529411764705882 0.42205882352941176 0.0611764705882353 0.020588235294117647
2 0.4747058823529412 0.4196078431372549 0.08352941176470588 0.01568627450980392
3 0.558235294117647 0.42205882352941176 0.04823529411764706 0.020588235294117647
2 0.10058823529411764 0.46862745098039216 0.08352941176470588 0.01568627450980392
3 0.19117647058823528 0.471078431372549 0.06235294117647059 0.020588235294117647
2 0.10882352941176471 0.5372549019607843 0.1 0.01568627450980392
4 0.24705882352941178 0.5441176470588235 0.023529411764705882 0.0196078431372549
2 0.29705882352941176 0.5367647058823529 0.052941176470588235 0.014705882352941176
5 0.4235294117647059 0.5441176470588235 0.023529411764705882 0.0196078431372549
2 0.46352941176470586 0.5367647058823529 0.03294117647058824 0.014705882352941176
1 0.2605882352941176 0.5970588235294118 0.40352941176470586 0.01764705882352941
2 0.6670588235294118 0.6475490196078432 0.15764705882352942 0.020588235294117647
1 0.6758823529411765 0.6705882352941176 0.1988235294117647 0.01764705882352941