0 0.5 0.05143853530950305 0.6423529411764706 0.015693112467306015
0 0.5 0.12074978204010461 0.23294117647058823 0.014821272885789015
2 0.10058823529411764 0.1987794245858762 0.08352941176470588 0.013949433304272014
3 0.1811764705882353 0.1992153443766347 0.042352941176470586 0.014821272885789015
2 0.5305882352941177 0.2009590235396687 0.16470588235294117 0.018308631211857017
3 0.6511764705882352 0.1992153443766347 0.041176470588235294 0.014821272885789015
2 0.1411764705882353 0.24455100261551874 0.16470588235294117 0.018308631211857017
3 0.2611764705882353 0.24455100261551874 0.04 0.018308631211857017
2 0.08294117647058824 0.2877070619006103 0.04823529411764706 0.017436791630340016
3 0.16176470588235295 0.2885789014821273 0.07411764705882352 0.01918047079337402
2 0.10058823529411764 0.3295553618134263 0.08352941176470588 0.013949433304272014
3 0.17705882352941177 0.3308631211857018 0.03411764705882353 0.016564952048823016
2 0.10882352941176471 0.3905841325196164 0.1 0.013949433304272014
4 0.24705882352941178 0.3966870095902354 0.023529411764705882 0.017436791630340016
2 0.29705882352941176 0.3901482127288579 0.052941176470588235 0.013077593722755012
5 0.4235294117647059 0.3966870095902354 0.023529411764705882 0.017436791630340016
2 0.46352941176470586 0.3901482127288579 0.03294117647058824 0.013077593722755012
1 0.2605882352941176 0.44376634699215345 0.40352941176470586 0.015693112467306015
2 0.6670588235294118 0.488666085440279 0.15764705882352942 0.018308631211857017
1 0.6758823529411765 0.5091543156059285 0.1988235294117647 0.015693112467306015