0 0.5 0.04953820319059614 0.6423529411764706 0.015113350125944584
0 0.5 0.11670864819479429 0.28352941176470586 0.015113350125944584
2 0.11352941176470588 0.1910159529806885 0.10941176470588235 0.012594458438287154
2 0.09058823529411765 0.23299748110831234 0.06352941176470588 0.012594458438287154
2 0.09294117647058824 0.2774979009235936 0.06823529411764706 0.017632241813602016
2 0.09058823529411765 0.31696053736356006 0.06352941176470588 0.012594458438287154
2 0.10882352941176471 0.37615449202350965 0.1 0.01343408900083963
4 0.24705882352941178 0.382031905961377 0.023529411764705882 0.016792611251049538
2 0.29705882352941176 0.37573467674223343 0.052941176470588235 0.012594458438287154
4 0.4235294117647059 0.382031905961377 0.023529411764705882 0.016792611251049538
2 0.46352941176470586 0.37573467674223343 0.03294117647058824 0.012594458438287154
1 0.2605882352941176 0.42737195633921077 0.40352941176470586 0.015113350125944584
2 0.6670588235294118 0.4706129303106633 0.15764705882352942 0.017632241813602016
1 0.6758823529411765 0.4903442485306465 0.1988235294117647 0.015113350125944584