0 0.5 0.05645933014354067 0.6423529411764706 0.01722488038277512
0 0.5 0.13301435406698564 0.30470588235294116 0.01722488038277512
2 0.09058823529411765 0.21770334928229665 0.06352941176470588 0.014354066985645933
3 0.16823529411764707 0.21866028708133972 0.05647058823529412 0.016267942583732056
2 0.08294117647058824 0.2679425837320574 0.04823529411764706 0.019138755980861243
3 0.14470588235294118 0.2665071770334928 0.04 0.016267942583732056
2 0.49529411764705883 0.26842105263157895 0.16470588235294117 0.020095693779904306
3 0.6164705882352941 0.2665071770334928 0.042352941176470586 0.016267942583732056
2 0.10058823529411764 0.3138755980861244 0.08352941176470588 0.015311004784688996
3 0.19705882352941176 0.3167464114832536 0.07411764705882352 0.021052631578947368
2 0.09058823529411765 0.361244019138756 0.06352941176470588 0.014354066985645933
3 0.1635294117647059 0.362200956937799 0.047058823529411764 0.016267942583732056
2 0.46 0.361244019138756 0.06352941176470588 0.014354066985645933
3 0.53 0.362200956937799 0.041176470588235294 0.016267942583732056
2 0.09294117647058824 0.41196172248803825 0.06823529411764706 0.020095693779904306
3 0.16823529411764707 0.41004784688995216 0.047058823529411764 0.016267942583732056
2 0.10882352941176471 0.47655502392344495 0.1 0.015311004784688996
4 0.24705882352941178 0.48325358851674644 0.023529411764705882 0.019138755980861243
2 0.29705882352941176 0.47607655502392343 0.052941176470588235 0.014354066985645933
5 0.4235294117647059 0.48325358851674644 0.023529411764705882 0.019138755980861243
2 0.46352941176470586 0.47607655502392343 0.03294117647058824 0.014354066985645933
1 0.2605882352941176 0.5349282296650718 0.40352941176470586 0.01722488038277512
2 0.6670588235294118 0.5842105263157895 0.15764705882352942 0.020095693779904306
1 0.6758823529411765 0.6066985645933014 0.1988235294117647 0.01722488038277512