0 0.5 0.05025553662691652 0.6423529411764706 0.015332197614991482
0 0.5 0.11797274275979557 0.24941176470588236 0.014480408858603067
2 0.1411764705882353 0.19633730834752983 0.16470588235294117 0.01788756388415673
3 0.28058823529411764 0.196763202725724 0.07882352941176471 0.018739352640545145
2 0.09058823529411765 0.23637137989778534 0.06352941176470588 0.012776831345826235
3 0.1635294117647059 0.23679727427597955 0.047058823529411764 0.013628620102214651
2 0.47 0.23679727427597955 0.08352941176470588 0.013628620102214651
3 0.5529411764705883 0.23679727427597955 0.047058823529411764 0.013628620102214651
2 0.10529411764705883 0.28109028960817717 0.09294117647058824 0.017035775127768313
3 0.2 0.2815161839863714 0.0611764705882353 0.01788756388415673
2 0.09294117647058824 0.32410562180579217 0.06823529411764706 0.01788756388415673
3 0.1652941176470588 0.32240204429301533 0.041176470588235294 0.014480408858603067
2 0.5152941176470588 0.32410562180579217 0.16470588235294117 0.01788756388415673
3 0.6411764705882353 0.32240204429301533 0.05176470588235294 0.014480408858603067
2 0.10882352941176471 0.38160136286201024 0.1 0.013628620102214651
5 0.24705882352941178 0.38756388415672915 0.023529411764705882 0.017035775127768313
2 0.29705882352941176 0.381175468483816 0.052941176470588235 0.012776831345826235
4 0.4235294117647059 0.38756388415672915 0.023529411764705882 0.017035775127768313
2 0.46352941176470586 0.381175468483816 0.03294117647058824 0.012776831345826235
1 0.2605882352941176 0.4335604770017036 0.40352941176470586 0.015332197614991482
2 0.6670588235294118 0.477427597955707 0.15764705882352942 0.01788756388415673
1 0.6758823529411765 0.49744463373083475 0.1988235294117647 0.015332197614991482