0 0.5 0.050818260120585705 0.6423529411764706 0.015503875968992248
0 0.5 0.11972437553832903 0.30470588235294116 0.015503875968992248
2 0.09294117647058824 0.19853574504737295 0.06823529411764706 0.01808785529715762
3 0.1588235294117647 0.19638242894056848 0.02823529411764706 0.013781223083548665
2 0.4747058823529412 0.19638242894056848 0.08352941176470588 0.013781223083548665
3 0.5541176470588235 0.19681309216192938 0.04 0.014642549526270457
2 0.11294117647058824 0.24117140396210163 0.10823529411764705 0.017226528854435832
3 0.2011764705882353 0.24160206718346253 0.03294117647058824 0.01808785529715762
2 0.11352941176470588 0.28208440999138673 0.10941176470588235 0.012919896640826873
3 0.28352941176470586 0.285099052540913 0.1952941176470588 0.018949181739879414
2 0.528235294117647 0.2842377260981912 0.10823529411764705 0.017226528854435832
3 0.6194117647058823 0.2842377260981912 0.03882352941176471 0.017226528854435832
2 0.08294117647058824 0.3273040482342808 0.04823529411764706 0.017226528854435832
3 0.14823529411764705 0.3277347114556417 0.047058823529411764 0.01808785529715762
2 0.49529411764705883 0.3277347114556417 0.16470588235294117 0.01808785529715762
3 0.6188235294117647 0.3260120585701981 0.047058823529411764 0.014642549526270457
2 0.08294117647058824 0.37037037037037035 0.04823529411764706 0.017226528854435832
3 0.15588235294117647 0.3708010335917313 0.06235294117647059 0.01808785529715762
2 0.10529411764705883 0.4134366925064599 0.09294117647058824 0.017226528854435832
3 0.1864705882352941 0.4117140396210164 0.03411764705882353 0.013781223083548665
2 0.49176470588235294 0.41386735572782085 0.06823529411764706 0.01808785529715762
3 0.5741176470588235 0.41386735572782085 0.0611764705882353 0.01808785529715762
2 0.10882352941176471 0.4720068906115418 0.1 0.013781223083548665
4 0.24705882352941178 0.4780361757105943 0.023529411764705882 0.017226528854435832
2 0.29705882352941176 0.4715762273901809 0.052941176470588235 0.012919896640826873
5 0.4235294117647059 0.4780361757105943 0.023529411764705882 0.017226528854435832
2 0.46352941176470586 0.4715762273901809 0.03294117647058824 0.012919896640826873
1 0.2605882352941176 0.524547803617571 0.40352941176470586 0.015503875968992248
2 0.6670588235294118 0.5689061154177433 0.15764705882352942 0.01808785529715762
1 0.6758823529411765 0.5891472868217055 0.1988235294117647 0.015503875968992248