0 0.5 0.05086206896551724 0.6423529411764706 0.015517241379310345
0 0.5 0.11939655172413793 0.23294117647058823 0.014655172413793103
2 0.09058823529411765 0.1961206896551724 0.06352941176470588 0.01293103448275862
3 0.1564705882352941 0.19655172413793104 0.03294117647058824 0.013793103448275862
2 0.1411764705882353 0.2418103448275862 0.16470588235294117 0.01810344827586207
3 0.2576470588235294 0.2396551724137931 0.03294117647058824 0.013793103448275862
2 0.08294117647058824 0.28448275862068967 0.04823529411764706 0.017241379310344827
3 0.15058823529411763 0.2831896551724138 0.05176470588235294 0.014655172413793103
2 0.08294117647058824 0.3275862068965517 0.04823529411764706 0.017241379310344827
3 0.14470588235294118 0.3262931034482759 0.04 0.014655172413793103
2 0.08294117647058824 0.3706896551724138 0.04823529411764706 0.017241379310344827
3 0.14882352941176472 0.3711206896551724 0.04823529411764706 0.01810344827586207
2 0.49529411764705883 0.3711206896551724 0.16470588235294117 0.01810344827586207
3 0.6123529411764705 0.3689655172413793 0.03411764705882353 0.013793103448275862
2 0.10529411764705883 0.41379310344827586 0.09294117647058824 0.017241379310344827
3 0.1988235294117647 0.4125 0.058823529411764705 0.014655172413793103
2 0.4894117647058824 0.41163793103448276 0.06352941176470588 0.01293103448275862
3 0.5552941176470588 0.41422413793103446 0.03294117647058824 0.01810344827586207
2 0.10882352941176471 0.4724137931034483 0.1 0.013793103448275862
5 0.24705882352941178 0.47844827586206895 0.023529411764705882 0.017241379310344827
2 0.29705882352941176 0.47198275862068967 0.052941176470588235 0.01293103448275862
4 0.4235294117647059 0.47844827586206895 0.023529411764705882 0.017241379310344827
2 0.46352941176470586 0.47198275862068967 0.03294117647058824 0.01293103448275862
1 0.2605882352941176 0.525 0.40352941176470586 0.015517241379310345
2 0.6670588235294118 0.569396551724138 0.15764705882352942 0.01810344827586207
1 0.6758823529411765 0.5896551724137931 0.1988235294117647 0.015517241379310345