0 0.5 0.053979871912168347 0.6423529411764706 0.01646843549862763
0 0.5 0.12717291857273558 0.2647058823529412 0.01646843549862763
2 0.10529411764705883 0.21043000914913082 0.09294117647058824 0.018298261665141813
3 0.2088235294117647 0.21134492223238793 0.07882352941176471 0.020128087831655993
2 0.08294117647058824 0.2561756633119854 0.04823529411764706 0.018298261665141813
3 0.14176470588235293 0.25571820677035684 0.03411764705882353 0.01738334858188472
2 0.45941176470588235 0.2561756633119854 0.09294117647058824 0.018298261665141813
3 0.5529411764705883 0.25480329368709975 0.058823529411764705 0.01555352241537054
2 0.10529411764705883 0.3019213174748399 0.09294117647058824 0.018298261665141813
3 0.2011764705882353 0.30146386093321137 0.06352941176470588 0.01738334858188472
2 0.09294117647058824 0.348124428179323 0.06823529411764706 0.0192131747483989
3 0.17529411764705882 0.348124428179323 0.0611764705882353 0.0192131747483989
2 0.5152941176470588 0.348124428179323 0.16470588235294117 0.0192131747483989
3 0.6458823529411765 0.348124428179323 0.0611764705882353 0.0192131747483989
2 0.09294117647058824 0.3938700823421775 0.06823529411764706 0.0192131747483989
3 0.17941176470588235 0.3938700823421775 0.06941176470588235 0.0192131747483989
2 0.5152941176470588 0.3938700823421775 0.16470588235294117 0.0192131747483989
3 0.6388235294117647 0.3920402561756633 0.047058823529411764 0.01555352241537054
2 0.11352941176470588 0.43687099725526074 0.10941176470588235 0.013723696248856358
3 0.24411764705882352 0.439615736505032 0.11647058823529412 0.0192131747483989
2 0.10882352941176471 0.5013723696248856 0.1 0.01463860933211345
4 0.24705882352941178 0.5077767612076852 0.023529411764705882 0.018298261665141813
2 0.29705882352941176 0.5009149130832571 0.052941176470588235 0.013723696248856358
5 0.4235294117647059 0.5077767612076852 0.023529411764705882 0.018298261665141813
2 0.46352941176470586 0.5009149130832571 0.03294117647058824 0.013723696248856358
1 0.2605882352941176 0.5571820677035682 0.40352941176470586 0.01646843549862763
2 0.6670588235294118 0.6043000914913084 0.15764705882352942 0.0192131747483989
1 0.6758823529411765 0.62580054894785 0.1988235294117647 0.01646843549862763