0 0.5 0.04928989139515455 0.6423529411764706 0.015037593984962405
0 0.5 0.1161236424394319 0.30470588235294116 0.015037593984962405
2 0.09058823529411765 0.19005847953216373 0.06352941176470588 0.012531328320802004
2 0.11352941176470588 0.23182957393483708 0.10941176470588235 0.012531328320802004
2 0.09294117647058824 0.27610693400167086 0.06823529411764706 0.017543859649122806
2 0.11294117647058824 0.31746031746031744 0.10823529411764705 0.01670843776106934
2 0.10882352941176471 0.3742690058479532 0.1 0.013366750208855471
4 0.24705882352941178 0.38011695906432746 0.023529411764705882 0.01670843776106934
2 0.29705882352941176 0.3738512949039265 0.052941176470588235 0.012531328320802004
4 0.4235294117647059 0.38011695906432746 0.023529411764705882 0.01670843776106934
2 0.46352941176470586 0.3738512949039265 0.03294117647058824 0.012531328320802004
1 0.2605882352941176 0.4252297410192147 0.40352941176470586 0.015037593984962405
2 0.6670588235294118 0.46825396825396826 0.15764705882352942 0.017543859649122806
1 0.6758823529411765 0.4878863826232247 0.1988235294117647 0.015037593984962405