0 0.5 0.05393053016453382 0.6423529411764706 0.016453382084095063
0 0.5 0.12705667276051189 0.28352941176470586 0.016453382084095063
2 0.09058823529411765 0.20795246800731262 0.06352941176470588 0.013711151736745886
3 0.16 0.21069469835466179 0.04 0.019195612431444242
2 0.11352941176470588 0.2536563071297989 0.10941176470588235 0.013711151736745886
3 0.27588235294117647 0.2586837294332724 0.18 0.02376599634369287
2 0.5158823529411765 0.25411334552102377 0.08352941176470588 0.014625228519195612
3 0.5923529411764706 0.25411334552102377 0.03411764705882353 0.014625228519195612
2 0.1411764705882353 0.30210237659963435 0.16470588235294117 0.019195612431444242
3 0.26705882352941174 0.30027422303473494 0.05176470588235294 0.015539305301645339
2 0.10058823529411764 0.34552102376599636 0.08352941176470588 0.014625228519195612
3 0.18764705882352942 0.34780621572212067 0.05529411764705883 0.019195612431444242
2 0.11294117647058824 0.3930530164533821 0.10823529411764705 0.018281535648994516
3 0.21058823529411766 0.3916819012797075 0.05176470588235294 0.015539305301645339
2 0.5070588235294118 0.39351005484460694 0.06823529411764706 0.019195612431444242
3 0.5811764705882353 0.3912248628884826 0.04470588235294118 0.014625228519195612
2 0.10529411764705883 0.43875685557586835 0.09294117647058824 0.018281535648994516
3 0.20411764705882354 0.43921389396709326 0.06941176470588235 0.019195612431444242
2 0.10882352941176471 0.5009140767824497 0.1 0.014625228519195612
5 0.24705882352941178 0.5073126142595978 0.023529411764705882 0.018281535648994516
2 0.29705882352941176 0.5004570383912249 0.052941176470588235 0.013711151736745886
4 0.4235294117647059 0.5073126142595978 0.023529411764705882 0.018281535648994516
2 0.46352941176470586 0.5004570383912249 0.03294117647058824 0.013711151736745886
1 0.2605882352941176 0.556672760511883 0.40352941176470586 0.016453382084095063
2 0.6670588235294118 0.6037477148080439 0.15764705882352942 0.019195612431444242
1 0.6758823529411765 0.6252285191956124 0.1988235294117647 0.016453382084095063