0 0.5 0.05629770992366412 0.6423529411764706 0.01717557251908397
0 0.5 0.1321564885496183 0.23294117647058823 0.016221374045801526
2 0.11294117647058824 0.21946564885496184 0.10823529411764705 0.019083969465648856
2 0.11352941176470588 0.26479007633587787 0.10941176470588235 0.01431297709923664
3 0.27588235294117647 0.2681297709923664 0.18 0.02099236641221374
2 0.508235294117647 0.2676526717557252 0.06823529411764706 0.020038167938931296
3 0.5741176470588235 0.2652671755725191 0.02823529411764706 0.015267175572519083
2 0.09294117647058824 0.31536259541984735 0.06823529411764706 0.020038167938931296
2 0.1411764705882353 0.3630725190839695 0.16470588235294117 0.020038167938931296
3 0.2647058823529412 0.3630725190839695 0.047058823529411764 0.020038167938931296
2 0.5611764705882353 0.36020992366412213 0.06352941176470588 0.01431297709923664
2 0.10882352941176471 0.42748091603053434 0.1 0.015267175572519083
4 0.24705882352941178 0.43416030534351147 0.023529411764705882 0.019083969465648856
2 0.29705882352941176 0.42700381679389315 0.052941176470588235 0.01431297709923664
5 0.4235294117647059 0.43416030534351147 0.023529411764705882 0.019083969465648856
2 0.46352941176470586 0.42700381679389315 0.03294117647058824 0.01431297709923664
1 0.2605882352941176 0.4856870229007634 0.40352941176470586 0.01717557251908397
2 0.6670588235294118 0.5348282442748091 0.15764705882352942 0.020038167938931296
1 0.6758823529411765 0.5572519083969466 0.1988235294117647 0.01717557251908397