0 0.5 0.05166374781085814 0.6423529411764706 0.01576182136602452
0 0.5 0.12171628721541156 0.28352941176470586 0.01576182136602452
2 0.08294117647058824 0.20140105078809106 0.04823529411764706 0.017513134851138354
3 0.14176470588235293 0.19964973730297722 0.03411764705882353 0.014010507880910683
2 0.4547058823529412 0.19964973730297722 0.08352941176470588 0.014010507880910683
3 0.5423529411764706 0.2000875656742557 0.05647058823529412 0.0148861646234676
2 0.11352941176470588 0.24299474605954466 0.10941176470588235 0.013134851138353765
3 0.2723529411764706 0.24605954465849386 0.17294117647058824 0.01926444833625219
2 0.1411764705882353 0.28940455341506127 0.16470588235294117 0.01838879159369527
3 0.26294117647058823 0.28765323992994746 0.04352941176470588 0.0148861646234676
2 0.09058823529411765 0.3305604203152364 0.06352941176470588 0.013134851138353765
3 0.16176470588235295 0.3314360770577933 0.04352941176470588 0.0148861646234676
2 0.10882352941176471 0.3922942206654991 0.1 0.014010507880910683
4 0.24705882352941178 0.39842381786339753 0.023529411764705882 0.017513134851138354
2 0.29705882352941176 0.39185639229422065 0.052941176470588235 0.013134851138353765
5 0.4235294117647059 0.39842381786339753 0.023529411764705882 0.017513134851138354
2 0.46352941176470586 0.39185639229422065 0.03294117647058824 0.013134851138353765
1 0.2605882352941176 0.4457092819614711 0.40352941176470586 0.01576182136602452
2 0.6670588235294118 0.4908056042031524 0.15764705882352942 0.01838879159369527
1 0.6758823529411765 0.51138353765324 0.1988235294117647 0.01576182136602452