0 0.5 0.05427782888684453 0.6423529411764706 0.01655933762649494
0 0.5 0.12787488500459981 0.28352941176470586 0.01655933762649494
2 0.11352941176470588 0.20929162833486661 0.10941176470588235 0.013799448022079117
2 0.5058823529411764 0.20929162833486661 0.06352941176470588 0.013799448022079117
3 0.5858823529411765 0.21205151793928242 0.0611764705882353 0.019319227230910764
2 0.09294117647058824 0.2580496780128795 0.06823529411764706 0.019319227230910764
2 0.5152941176470588 0.2580496780128795 0.16470588235294117 0.019319227230910764
2 0.11294117647058824 0.30358785648574055 0.10823529411764705 0.01839926402943882
3 0.20823529411764705 0.3017479300827967 0.047058823529411764 0.014719411223551058
2 0.11352941176470588 0.3472861085556578 0.10941176470588235 0.013799448022079117
3 0.22941176470588234 0.3482060717571297 0.08705882352941176 0.015639374425023
2 0.10529411764705883 0.39558417663293466 0.09294117647058824 0.01839926402943882
3 0.19 0.3942042318307268 0.041176470588235294 0.015639374425023
2 0.49941176470588233 0.3937442502299908 0.08352941176470588 0.014719411223551058
2 0.11352941176470588 0.4392824287028519 0.10941176470588235 0.013799448022079117
2 0.10882352941176471 0.5041398344066237 0.1 0.014719411223551058
4 0.24705882352941178 0.5105795768169273 0.023529411764705882 0.01839926402943882
2 0.29705882352941176 0.5036798528058878 0.052941176470588235 0.013799448022079117
5 0.4235294117647059 0.5105795768169273 0.023529411764705882 0.01839926402943882
2 0.46352941176470586 0.5036798528058878 0.03294117647058824 0.013799448022079117
1 0.2605882352941176 0.5602575896964122 0.40352941176470586 0.01655933762649494
2 0.6670588235294118 0.6076356945722171 0.15764705882352942 0.019319227230910764
1 0.6758823529411765 0.6292548298068077 0.1988235294117647 0.01655933762649494