0 0.5 0.05870646766169154 0.6423529411764706 0.01791044776119403
0 0.5 0.13781094527363183 0.23294117647058823 0.01691542288557214
2 0.1411764705882353 0.22935323383084577 0.16470588235294117 0.020895522388059702
2 0.5535294117647059 0.22885572139303484 0.04823529411764706 0.01990049751243781
2 0.11294117647058824 0.27860696517412936 0.10823529411764705 0.01990049751243781
2 0.10529411764705883 0.3283582089552239 0.09294117647058824 0.01990049751243781
2 0.08294117647058824 0.3781094527363184 0.04823529411764706 0.01990049751243781
2 0.10882352941176471 0.445771144278607 0.1 0.015920398009950248
4 0.24705882352941178 0.4527363184079602 0.023529411764705882 0.01990049751243781
2 0.29705882352941176 0.44527363184079605 0.052941176470588235 0.014925373134328358
4 0.4235294117647059 0.4527363184079602 0.023529411764705882 0.01990049751243781
2 0.46352941176470586 0.44527363184079605 0.03294117647058824 0.014925373134328358
1 0.2605882352941176 0.5064676616915423 0.40352941176470586 0.01791044776119403
2 0.6670588235294118 0.5577114427860697 0.15764705882352942 0.020895522388059702
1 0.6758823529411765 0.5810945273631841 0.1988235294117647 0.01791044776119403