0 0.5 0.05103806228373702 0.6423529411764706 0.015570934256055362
0 0.5 0.12024221453287197 0.28352941176470586 0.015570934256055362
2 0.10058823529411764 0.1972318339100346 0.08352941176470588 0.01384083044982699
3 0.17647058823529413 0.19939446366782007 0.03294117647058824 0.018166089965397925
2 0.1411764705882353 0.2426470588235294 0.16470588235294117 0.018166089965397925
2 0.08294117647058824 0.28546712802768165 0.04823529411764706 0.01730103806228374
2 0.4547058823529412 0.2837370242214533 0.08352941176470588 0.01384083044982699
2 0.1411764705882353 0.3291522491349481 0.16470588235294117 0.018166089965397925
2 0.08294117647058824 0.3719723183391003 0.04823529411764706 0.01730103806228374
3 0.14176470588235293 0.370242214532872 0.03411764705882353 0.01384083044982699
2 0.4547058823529412 0.370242214532872 0.08352941176470588 0.01384083044982699
2 0.08294117647058824 0.41522491349480967 0.04823529411764706 0.01730103806228374
3 0.1476470588235294 0.4134948096885813 0.04588235294117647 0.01384083044982699
2 0.10882352941176471 0.4740484429065744 0.1 0.01384083044982699
5 0.24705882352941178 0.4801038062283737 0.023529411764705882 0.01730103806228374
2 0.29705882352941176 0.4736159169550173 0.052941176470588235 0.012975778546712802
4 0.4235294117647059 0.4801038062283737 0.023529411764705882 0.01730103806228374
2 0.46352941176470586 0.4736159169550173 0.03294117647058824 0.012975778546712802
1 0.2605882352941176 0.5268166089965398 0.40352941176470586 0.015570934256055362
2 0.6670588235294118 0.5713667820069204 0.15764705882352942 0.018166089965397925
1 0.6758823529411765 0.5916955017301038 0.1988235294117647 0.015570934256055362