0 0.5 0.05334538878842676 0.6423529411764706 0.0162748643761302
0 0.5 0.1252260397830018 0.24941176470588236 0.015370705244122965
2 0.09058823529411765 0.20569620253164558 0.06352941176470588 0.013562386980108499
3 0.16176470588235295 0.2066003616636528 0.04352941176470588 0.015370705244122965
2 0.11352941176470588 0.25090415913200725 0.10941176470588235 0.013562386980108499
3 0.26176470588235295 0.25180831826401445 0.15176470588235294 0.015370705244122965
2 0.11352941176470588 0.2961121157323689 0.10941176470588235 0.013562386980108499
3 0.29411764705882354 0.29927667269439423 0.2164705882352941 0.019891500904159132
2 0.1411764705882353 0.34403254972875225 0.16470588235294117 0.0189873417721519
3 0.26294117647058823 0.3422242314647378 0.04352941176470588 0.015370705244122965
2 0.10529411764705883 0.3887884267631103 0.09294117647058824 0.018083182640144666
3 0.19588235294117648 0.38698010849909587 0.052941176470588235 0.014466546112115732
2 0.10882352941176471 0.45027124773960214 0.1 0.014466546112115732
5 0.24705882352941178 0.4566003616636528 0.023529411764705882 0.018083182640144666
2 0.29705882352941176 0.44981916817359857 0.052941176470588235 0.013562386980108499
4 0.4235294117647059 0.4566003616636528 0.023529411764705882 0.018083182640144666
2 0.46352941176470586 0.44981916817359857 0.03294117647058824 0.013562386980108499
1 0.2605882352941176 0.5054249547920434 0.40352941176470586 0.0162748643761302
2 0.6670588235294118 0.5519891500904159 0.15764705882352942 0.0189873417721519
1 0.6758823529411765 0.5732368896925859 0.1988235294117647 0.0162748643761302