0 0.5 0.05038428693424424 0.6423529411764706 0.015371477369769428
0 0.5 0.11870196413321947 0.30470588235294116 0.015371477369769428
2 0.09294117647058824 0.1968403074295474 0.06823529411764706 0.017933390264730998
3 0.16470588235294117 0.19513236549957302 0.04 0.014517506404782237
2 0.11294117647058824 0.23911187019641333 0.10823529411764705 0.017079419299743808
3 0.21529411764705883 0.23953885567890693 0.0611764705882353 0.017933390264730998
2 0.5194117647058824 0.23911187019641333 0.09294117647058824 0.017079419299743808
3 0.6141176470588235 0.23783091374893253 0.0611764705882353 0.014517506404782237
2 0.09058823529411765 0.27967549103330486 0.06352941176470588 0.012809564474807857
3 0.16588235294117648 0.28052946199829204 0.05176470588235294 0.014517506404782237
2 0.4623529411764706 0.28223740392826646 0.06823529411764706 0.017933390264730998
3 0.5376470588235294 0.28010247651579845 0.047058823529411764 0.013663535439795047
2 0.11294117647058824 0.32450896669513235 0.10823529411764705 0.017079419299743808
3 0.21588235294117647 0.32493595217762594 0.06235294117647059 0.017933390264730998
2 0.10882352941176471 0.3825789923142613 0.1 0.013663535439795047
5 0.24705882352941178 0.3885567890691716 0.023529411764705882 0.017079419299743808
2 0.29705882352941176 0.3821520068317677 0.052941176470588235 0.012809564474807857
4 0.4235294117647059 0.3885567890691716 0.023529411764705882 0.017079419299743808
2 0.46352941176470586 0.3821520068317677 0.03294117647058824 0.012809564474807857
1 0.2605882352941176 0.43467122117847995 0.40352941176470586 0.015371477369769428
2 0.6670588235294118 0.47865072587532026 0.15764705882352942 0.017933390264730998
1 0.6758823529411765 0.4987190435525192 0.1988235294117647 0.015371477369769428