0 0.5 0.05184534270650264 0.6423529411764706 0.015817223198594025
0 0.5 0.12214411247803164 0.2647058823529412 0.015817223198594025
2 0.10058823529411764 0.20035149384885764 0.08352941176470588 0.014059753954305799
2 0.10058823529411764 0.24428822495606328 0.08352941176470588 0.014059753954305799
2 0.10058823529411764 0.28822495606326887 0.08352941176470588 0.014059753954305799
2 0.4723529411764706 0.28998242530755713 0.04823529411764706 0.01757469244288225
2 0.11294117647058824 0.3339191564147627 0.10823529411764705 0.01757469244288225
2 0.10058823529411764 0.37609841827768015 0.08352941176470588 0.014059753954305799
2 0.11294117647058824 0.421792618629174 0.10823529411764705 0.01757469244288225
2 0.10882352941176471 0.48154657293497366 0.1 0.014059753954305799
4 0.24705882352941178 0.4876977152899824 0.023529411764705882 0.01757469244288225
2 0.29705882352941176 0.4811072056239016 0.052941176470588235 0.013181019332161687
4 0.4235294117647059 0.4876977152899824 0.023529411764705882 0.01757469244288225
2 0.46352941176470586 0.4811072056239016 0.03294117647058824 0.013181019332161687
1 0.2605882352941176 0.5351493848857645 0.40352941176470586 0.015817223198594025
2 0.6670588235294118 0.5804042179261862 0.15764705882352942 0.01845342706502636
1 0.6758823529411765 0.6010544815465729 0.1988235294117647 0.015817223198594025