0 0.5 0.05847373637264618 0.6423529411764706 0.017839444995044598
0 0.5 0.1377601585728444 0.28352941176470586 0.017839444995044598
2 0.09294117647058824 0.2284440039643211 0.06823529411764706 0.02081268582755203
2 0.10058823529411764 0.2755203171456888 0.08352941176470588 0.015857284440039643
3 0.18294117647058825 0.2755203171456888 0.04588235294117647 0.015857284440039643
2 0.5305882352941177 0.277998017839445 0.16470588235294117 0.02081268582755203
3 0.6529411764705882 0.277998017839445 0.04470588235294118 0.02081268582755203
2 0.09058823529411765 0.32457879088206143 0.06352941176470588 0.014866204162537165
2 0.46 0.32457879088206143 0.06352941176470588 0.014866204162537165
3 0.54 0.32755203171456887 0.0611764705882353 0.02081268582755203
2 0.10058823529411764 0.37462834489593655 0.08352941176470588 0.015857284440039643
3 0.18176470588235294 0.3751238850346878 0.04352941176470588 0.01684836471754212
2 0.5023529411764706 0.37661050545094155 0.10823529411764705 0.019821605550049554
2 0.10058823529411764 0.4241823587710605 0.08352941176470588 0.015857284440039643
3 0.19176470588235295 0.42566897918731417 0.06352941176470588 0.018830525272547076
2 0.10882352941176471 0.49355797819623387 0.1 0.015857284440039643
5 0.24705882352941178 0.5004955401387512 0.023529411764705882 0.019821605550049554
2 0.29705882352941176 0.4930624380574827 0.052941176470588235 0.014866204162537165
4 0.4235294117647059 0.5004955401387512 0.023529411764705882 0.019821605550049554
2 0.46352941176470586 0.4930624380574827 0.03294117647058824 0.014866204162537165
1 0.2605882352941176 0.554013875123885 0.40352941176470586 0.017839444995044598
2 0.6670588235294118 0.6050545094152626 0.15764705882352942 0.02081268582755203
1 0.6758823529411765 0.6283448959365708 0.1988235294117647 0.017839444995044598