0 0.5 0.05202821869488536 0.6423529411764706 0.015873015873015872
0 0.5 0.12257495590828923 0.28352941176470586 0.015873015873015872
2 0.11294117647058824 0.20282186948853614 0.10823529411764705 0.01763668430335097
2 0.09294117647058824 0.24735449735449735 0.06823529411764706 0.018518518518518517
2 0.46705882352941175 0.24735449735449735 0.06823529411764706 0.018518518518518517
2 0.09294117647058824 0.2914462081128748 0.06823529411764706 0.018518518518518517
2 0.11294117647058824 0.3350970017636684 0.10823529411764705 0.01763668430335097
2 0.10058823529411764 0.37742504409171074 0.08352941176470588 0.014109347442680775
2 0.10882352941176471 0.43915343915343913 0.1 0.014109347442680775
4 0.24705882352941178 0.445326278659612 0.023529411764705882 0.01763668430335097
2 0.29705882352941176 0.43871252204585537 0.052941176470588235 0.013227513227513227
4 0.4235294117647059 0.445326278659612 0.023529411764705882 0.01763668430335097
2 0.46352941176470586 0.43871252204585537 0.03294117647058824 0.013227513227513227
1 0.2605882352941176 0.4929453262786596 0.40352941176470586 0.015873015873015872
2 0.6670588235294118 0.5383597883597884 0.15764705882352942 0.018518518518518517
1 0.6758823529411765 0.5590828924162258 0.1988235294117647 0.015873015873015872