0 0.5 0.05417814508723599 0.6423529411764706 0.01652892561983471
0 0.5 0.12764003673094582 0.28352941176470586 0.01652892561983471
2 0.11294117647058824 0.21120293847566574 0.10823529411764705 0.018365472910927456
2 0.5194117647058824 0.21120293847566574 0.09294117647058824 0.018365472910927456
2 0.08294117647058824 0.2571166207529844 0.04823529411764706 0.018365472910927456
2 0.09058823529411765 0.3007346189164371 0.06352941176470588 0.013774104683195593
2 0.4823529411764706 0.30303030303030304 0.10823529411764705 0.018365472910927456
2 0.08294117647058824 0.34894398530762166 0.04823529411764706 0.018365472910927456
2 0.10882352941176471 0.411386593204775 0.1 0.014692378328741965
4 0.24705882352941178 0.41781450872359965 0.023529411764705882 0.018365472910927456
2 0.29705882352941176 0.41092745638200184 0.052941176470588235 0.013774104683195593
4 0.4235294117647059 0.41781450872359965 0.023529411764705882 0.018365472910927456
2 0.46352941176470586 0.41092745638200184 0.03294117647058824 0.013774104683195593
1 0.2605882352941176 0.4674012855831038 0.40352941176470586 0.01652892561983471
2 0.6670588235294118 0.5146923783287419 0.15764705882352942 0.01928374655647383
1 0.6758823529411765 0.5362718089990818 0.1988235294117647 0.01652892561983471