0 0.5 0.05368516833484986 0.6423529411764706 0.01637852593266606
0 0.5 0.12602365787079162 0.24941176470588236 0.015468607825295723
2 0.10058823529411764 0.20746132848043677 0.08352941176470588 0.014558689717925387
2 0.1411764705882353 0.2552320291173794 0.16470588235294117 0.01910828025477707
2 0.5611764705882353 0.25250227479526843 0.06352941176470588 0.01364877161055505
2 0.1411764705882353 0.30072793448589624 0.16470588235294117 0.01910828025477707
3 0.25529411764705884 0.2984531392174704 0.02823529411764706 0.014558689717925387
2 0.08294117647058824 0.34576888080072793 0.04823529411764706 0.018198362147406732
3 0.1388235294117647 0.34440400363967244 0.02823529411764706 0.015468607825295723
2 0.10882352941176471 0.40764331210191085 0.1 0.014558689717925387
4 0.24705882352941178 0.4140127388535032 0.023529411764705882 0.018198362147406732
2 0.29705882352941176 0.40718835304822565 0.052941176470588235 0.01364877161055505
5 0.4235294117647059 0.4140127388535032 0.023529411764705882 0.018198362147406732
2 0.46352941176470586 0.40718835304822565 0.03294117647058824 0.01364877161055505
1 0.2605882352941176 0.46314831665150136 0.40352941176470586 0.01637852593266606
2 0.6670588235294118 0.5100090991810737 0.15764705882352942 0.01910828025477707
1 0.6758823529411765 0.5313921747042766 0.1988235294117647 0.01637852593266606