0 0.5 0.050170068027210885 0.6423529411764706 0.015306122448979591
0 0.5 0.11777210884353742 0.23294117647058823 0.01445578231292517
2 0.10529411764705883 0.195578231292517 0.09294117647058824 0.017006802721088437
3 0.19176470588235295 0.19430272108843538 0.04470588235294118 0.01445578231292517
2 0.11352941176470588 0.23596938775510204 0.10941176470588235 0.012755102040816327
3 0.23 0.23639455782312926 0.08823529411764706 0.013605442176870748
2 0.5564705882352942 0.2385204081632653 0.16470588235294117 0.017857142857142856
3 0.6758823529411765 0.23809523809523808 0.03882352941176471 0.017006802721088437
2 0.09294117647058824 0.2810374149659864 0.06823529411764706 0.017857142857142856
3 0.17058823529411765 0.27933673469387754 0.05176470588235294 0.01445578231292517
2 0.11352941176470588 0.3210034013605442 0.10941176470588235 0.012755102040816327
3 0.25470588235294117 0.32142857142857145 0.1376470588235294 0.013605442176870748
2 0.5205882352941177 0.3231292517006803 0.09294117647058824 0.017006802721088437
3 0.6094117647058823 0.32142857142857145 0.04941176470588235 0.013605442176870748
2 0.1411764705882353 0.36607142857142855 0.16470588235294117 0.017857142857142856
3 0.26294117647058823 0.3643707482993197 0.04352941176470588 0.01445578231292517
2 0.1411764705882353 0.4085884353741497 0.16470588235294117 0.017857142857142856
3 0.2635294117647059 0.4085884353741497 0.04470588235294118 0.017857142857142856
2 0.5611764705882353 0.4060374149659864 0.06352941176470588 0.012755102040816327
3 0.6329411764705882 0.4064625850340136 0.04470588235294118 0.013605442176870748
2 0.10882352941176471 0.46598639455782315 0.1 0.013605442176870748
4 0.24705882352941178 0.4719387755102041 0.023529411764705882 0.017006802721088437
2 0.29705882352941176 0.4655612244897959 0.052941176470588235 0.012755102040816327
5 0.4235294117647059 0.4719387755102041 0.023529411764705882 0.017006802721088437
2 0.46352941176470586 0.4655612244897959 0.03294117647058824 0.012755102040816327
1 0.2605882352941176 0.5178571428571429 0.40352941176470586 0.015306122448979591
2 0.6670588235294118 0.5616496598639455 0.15764705882352942 0.017857142857142856
1 0.6758823529411765 0.5816326530612245 0.1988235294117647 0.015306122448979591