0 0.5 0.052120141342756186 0.6423529411764706 0.015901060070671377
0 0.5 0.12279151943462897 0.30470588235294116 0.015901060070671377
2 0.10058823529411764 0.20141342756183744 0.08352941176470588 0.014134275618374558
3 0.18058823529411766 0.20185512367491165 0.041176470588235294 0.015017667844522967
2 0.10529411764705883 0.24734982332155478 0.09294117647058824 0.0176678445229682
3 0.1988235294117647 0.24602473498233215 0.058823529411764705 0.015017667844522967
2 0.09058823529411765 0.28931095406360424 0.06352941176470588 0.013250883392226149
3 0.1564705882352941 0.2919611307420495 0.03294117647058824 0.018551236749116608
2 0.10058823529411764 0.3339222614840989 0.08352941176470588 0.014134275618374558
3 0.17705882352941177 0.33524734982332155 0.03411764705882353 0.01678445229681979
2 0.1411764705882353 0.38030035335689044 0.16470588235294117 0.018551236749116608
3 0.27647058823529413 0.38030035335689044 0.07058823529411765 0.018551236749116608
2 0.10882352941176471 0.43992932862190814 0.1 0.014134275618374558
4 0.24705882352941178 0.446113074204947 0.023529411764705882 0.0176678445229682
2 0.29705882352941176 0.43948763250883394 0.052941176470588235 0.013250883392226149
5 0.4235294117647059 0.446113074204947 0.023529411764705882 0.0176678445229682
2 0.46352941176470586 0.43948763250883394 0.03294117647058824 0.013250883392226149
1 0.2605882352941176 0.49381625441696114 0.40352941176470586 0.015901060070671377
2 0.6670588235294118 0.5393109540636042 0.15764705882352942 0.018551236749116608
1 0.6758823529411765 0.5600706713780919 0.1988235294117647 0.015901060070671377