0 0.5 0.05473098330241188 0.6423529411764706 0.016697588126159554
0 0.5 0.1284786641929499 0.23294117647058823 0.015769944341372914
2 0.09294117647058824 0.21382189239332097 0.06823529411764706 0.01948051948051948
3 0.16117647058823528 0.21382189239332097 0.03294117647058824 0.01948051948051948
2 0.10058823529411764 0.25788497217068646 0.08352941176470588 0.014842300556586271
3 0.18176470588235294 0.25834879406307976 0.04352941176470588 0.015769944341372914
2 0.09058823529411765 0.3038033395176252 0.06352941176470588 0.013914656771799629
3 0.16941176470588235 0.3047309833024119 0.058823529411764705 0.015769944341372914
2 0.10529411764705883 0.3525046382189239 0.09294117647058824 0.01855287569573284
3 0.18588235294117647 0.3529684601113173 0.03294117647058824 0.01948051948051948
2 0.09294117647058824 0.39935064935064934 0.06823529411764706 0.01948051948051948
3 0.1588235294117647 0.3970315398886827 0.02823529411764706 0.014842300556586271
2 0.11352941176470588 0.4429499072356215 0.10941176470588235 0.013914656771799629
3 0.24823529411764705 0.4452690166975881 0.12470588235294118 0.01855287569573284
2 0.10882352941176471 0.5083487940630798 0.1 0.014842300556586271
5 0.24705882352941178 0.5148423005565863 0.023529411764705882 0.01855287569573284
2 0.29705882352941176 0.5078849721706865 0.052941176470588235 0.013914656771799629
4 0.4235294117647059 0.5148423005565863 0.023529411764705882 0.01855287569573284
2 0.46352941176470586 0.5078849721706865 0.03294117647058824 0.013914656771799629
1 0.2605882352941176 0.564935064935065 0.40352941176470586 0.016697588126159554
2 0.6670588235294118 0.612708719851577 0.15764705882352942 0.01948051948051948
1 0.6758823529411765 0.634508348794063 0.1988235294117647 0.016697588126159554