0 0.5 0.052397868561278864 0.6423529411764706 0.015985790408525755
0 0.5 0.12300177619893428 0.24941176470588236 0.015097690941385435
2 0.09058823529411765 0.20204262877442272 0.06352941176470588 0.013321492007104795
3 0.16823529411764707 0.20293072824156305 0.05647058823529412 0.015097690941385435
2 0.10058823529411764 0.2468916518650089 0.08352941176470588 0.014209591474245116
3 0.17705882352941177 0.2468916518650089 0.03411764705882353 0.014209591474245116
2 0.1411764705882353 0.2935168738898757 0.16470588235294117 0.018650088809946713
3 0.27588235294117647 0.2935168738898757 0.06941176470588235 0.018650088809946713
2 0.11352941176470588 0.3352575488454707 0.10941176470588235 0.013321492007104795
3 0.2676470588235294 0.3383658969804618 0.1635294117647059 0.019538188277087035
2 0.09058823529411765 0.3796625222024867 0.06352941176470588 0.013321492007104795
3 0.17058823529411765 0.38232682060390766 0.0611764705882353 0.018650088809946713
2 0.09294117647058824 0.42673179396092364 0.06823529411764706 0.018650088809946713
3 0.16470588235294117 0.424955595026643 0.04 0.015097690941385435
2 0.4647058823529412 0.4240674955595027 0.06352941176470588 0.013321492007104795
3 0.5370588235294118 0.4258436944937833 0.04588235294117647 0.016873889875666074
2 0.10882352941176471 0.4866785079928952 0.1 0.014209591474245116
4 0.24705882352941178 0.4928952042628774 0.023529411764705882 0.017761989342806393
2 0.29705882352941176 0.48623445825932504 0.052941176470588235 0.013321492007104795
5 0.4235294117647059 0.4928952042628774 0.023529411764705882 0.017761989342806393
2 0.46352941176470586 0.48623445825932504 0.03294117647058824 0.013321492007104795
1 0.2605882352941176 0.5408525754884547 0.40352941176470586 0.015985790408525755
2 0.6670588235294118 0.5865896980461812 0.15764705882352942 0.018650088809946713
1 0.6758823529411765 0.6074600355239786 0.1988235294117647 0.015985790408525755