0 0.5 0.05635148042024833 0.6423529411764706 0.017191977077363897
0 0.5 0.13228271251193888 0.23294117647058823 0.01623686723973257
2 0.10529411764705883 0.21967526265520534 0.09294117647058824 0.019102196752626553
2 0.48176470588235293 0.21967526265520534 0.04823529411764706 0.019102196752626553
2 0.09294117647058824 0.2679083094555874 0.06823529411764706 0.02005730659025788
2 0.1411764705882353 0.31566380133715377 0.16470588235294117 0.02005730659025788
2 0.09294117647058824 0.36341929321872013 0.06823529411764706 0.02005730659025788
2 0.10058823529411764 0.4087870105062082 0.08352941176470588 0.015281757402101241
2 0.08294117647058824 0.4584527220630373 0.04823529411764706 0.019102196752626553
2 0.4370588235294118 0.4584527220630373 0.04823529411764706 0.019102196752626553
2 0.10882352941176471 0.5234001910219676 0.1 0.015281757402101241
4 0.24705882352941178 0.5300859598853869 0.023529411764705882 0.019102196752626553
2 0.29705882352941176 0.5229226361031518 0.052941176470588235 0.014326647564469915
4 0.4235294117647059 0.5300859598853869 0.023529411764705882 0.019102196752626553
2 0.46352941176470586 0.5229226361031518 0.03294117647058824 0.014326647564469915
1 0.2605882352941176 0.5816618911174785 0.40352941176470586 0.017191977077363897
2 0.6670588235294118 0.6308500477554919 0.15764705882352942 0.02005730659025788
1 0.6758823529411765 0.6532951289398281 0.1988235294117647 0.017191977077363897