0 0.5 0.05427782888684453 0.6423529411764706 0.01655933762649494
0 0.5 0.12787488500459981 0.28352941176470586 0.01655933762649494
2 0.09058823529411765 0.20929162833486661 0.06352941176470588 0.013799448022079117
3 0.16176470588235295 0.21021159153633856 0.04352941176470588 0.015639374425023
2 0.09294117647058824 0.2580496780128795 0.06823529411764706 0.019319227230910764
3 0.18 0.2580496780128795 0.07058823529411765 0.019319227230910764
2 0.4647058823529412 0.25528978840846367 0.06352941176470588 0.013799448022079117
3 0.5305882352941177 0.25574977000919963 0.03294117647058824 0.014719411223551058
2 0.09058823529411765 0.3012879484820607 0.06352941176470588 0.013799448022079117
3 0.1635294117647059 0.30404783808647656 0.047058823529411764 0.019319227230910764
2 0.08294117647058824 0.34958601655933763 0.04823529411764706 0.01839926402943882
3 0.15411764705882353 0.35050597976080955 0.058823529411764705 0.020239190432382703
2 0.10882352941176471 0.41214351425942963 0.1 0.014719411223551058
5 0.24705882352941178 0.41858325666973323 0.023529411764705882 0.01839926402943882
2 0.29705882352941176 0.4116835326586937 0.052941176470588235 0.013799448022079117
4 0.4235294117647059 0.41858325666973323 0.023529411764705882 0.01839926402943882
2 0.46352941176470586 0.4116835326586937 0.03294117647058824 0.013799448022079117
1 0.2605882352941176 0.46826126954921804 0.40352941176470586 0.01655933762649494
2 0.6670588235294118 0.515639374425023 0.15764705882352942 0.019319227230910764
1 0.6758823529411765 0.5372585096596136 0.1988235294117647 0.01655933762649494