0 0.5 0.05025553662691652 0.6423529411764706 0.015332197614991482
0 0.5 0.11797274275979557 0.23294117647058823 0.014480408858603067
2 0.10058823529411764 0.19420783645655879 0.08352941176470588 0.013628620102214651
2 0.10529411764705883 0.23850085178875638 0.09294117647058824 0.017035775127768313
3 0.20411764705882354 0.2389267461669506 0.06941176470588235 0.01788756388415673
2 0.5041176470588236 0.23850085178875638 0.09294117647058824 0.017035775127768313
3 0.5876470588235294 0.23850085178875638 0.03882352941176471 0.017035775127768313
2 0.09058823529411765 0.27896081771720616 0.06352941176470588 0.012776831345826235
2 0.48294117647058826 0.27896081771720616 0.10941176470588235 0.012776831345826235
3 0.6429411764705882 0.2815161839863714 0.17529411764705882 0.01788756388415673
2 0.11352941176470588 0.3215502555366269 0.10941176470588235 0.012776831345826235
3 0.2858823529411765 0.32410562180579217 0.2 0.01788756388415673
2 0.08294117647058824 0.36626916524701875 0.04823529411764706 0.017035775127768313
3 0.14352941176470588 0.3645655877342419 0.03764705882352941 0.013628620102214651
2 0.10882352941176471 0.424190800681431 0.1 0.013628620102214651
5 0.24705882352941178 0.4301533219761499 0.023529411764705882 0.017035775127768313
2 0.29705882352941176 0.4237649063032368 0.052941176470588235 0.012776831345826235
4 0.4235294117647059 0.4301533219761499 0.023529411764705882 0.017035775127768313
2 0.46352941176470586 0.4237649063032368 0.03294117647058824 0.012776831345826235
1 0.2605882352941176 0.47614991482112434 0.40352941176470586 0.015332197614991482
2 0.6670588235294118 0.5200170357751278 0.15764705882352942 0.01788756388415673
1 0.6758823529411765 0.5400340715502555 0.1988235294117647 0.015332197614991482