0 0.5 0.053587647593097185 0.6423529411764706 0.01634877384196185
0 0.5 0.12579473206176203 0.23294117647058823 0.015440508628519528
2 0.09294117647058824 0.20935513169845596 0.06823529411764706 0.01907356948228883
3 0.16117647058823528 0.20708446866485014 0.03294117647058824 0.014532243415077202
2 0.11352941176470588 0.25204359673024523 0.10941176470588235 0.013623978201634877
3 0.2529411764705882 0.2529518619436876 0.13411764705882354 0.015440508628519528
2 0.508235294117647 0.2547683923705722 0.06823529411764706 0.01907356948228883
3 0.5947058823529412 0.2547683923705722 0.06941176470588235 0.01907356948228883
2 0.11352941176470588 0.2974568574023615 0.10941176470588235 0.013623978201634877
3 0.24705882352941178 0.30018165304268846 0.1223529411764706 0.01907356948228883
2 0.10529411764705883 0.34514078110808355 0.09294117647058824 0.018165304268846504
3 0.1923529411764706 0.34332425068119893 0.04588235294117647 0.014532243415077202
2 0.11294117647058824 0.3905540417801998 0.10823529411764705 0.018165304268846504
3 0.2076470588235294 0.3887375113533152 0.04588235294117647 0.014532243415077202
2 0.5276470588235294 0.388283378746594 0.10941176470588235 0.013623978201634877
3 0.65 0.391008174386921 0.1 0.01907356948228883
2 0.10882352941176471 0.45231607629427795 0.1 0.014532243415077202
5 0.24705882352941178 0.4586739327883742 0.023529411764705882 0.018165304268846504
2 0.29705882352941176 0.4518619436875568 0.052941176470588235 0.013623978201634877
4 0.4235294117647059 0.4586739327883742 0.023529411764705882 0.018165304268846504
2 0.46352941176470586 0.4518619436875568 0.03294117647058824 0.013623978201634877
1 0.2605882352941176 0.5077202543142597 0.40352941176470586 0.01634877384196185
2 0.6670588235294118 0.5544959128065395 0.15764705882352942 0.01907356948228883
1 0.6758823529411765 0.5758401453224341 0.1988235294117647 0.01634877384196185