0 0.5 0.05202821869488536 0.6423529411764706 0.015873015873015872
0 0.5 0.12257495590828923 0.30470588235294116 0.015873015873015872
2 0.11294117647058824 0.20282186948853614 0.10823529411764705 0.01763668430335097
3 0.20176470588235293 0.20105820105820105 0.03411764705882353 0.014109347442680775
2 0.5070588235294118 0.20326278659611993 0.06823529411764706 0.018518518518518517
3 0.5758823529411765 0.20105820105820105 0.03411764705882353 0.014109347442680775
2 0.09294117647058824 0.24735449735449735 0.06823529411764706 0.018518518518518517
3 0.1676470588235294 0.24514991181657847 0.04588235294117647 0.014109347442680775
2 0.1411764705882353 0.2914462081128748 0.16470588235294117 0.018518518518518517
3 0.2723529411764706 0.2914462081128748 0.06235294117647059 0.018518518518518517
2 0.1411764705882353 0.3355379188712522 0.16470588235294117 0.018518518518518517
3 0.27176470588235296 0.3355379188712522 0.0611764705882353 0.018518518518518517
2 0.09294117647058824 0.37962962962962965 0.06823529411764706 0.018518518518518517
3 0.16823529411764707 0.37742504409171074 0.047058823529411764 0.014109347442680775
2 0.10882352941176471 0.43915343915343913 0.1 0.014109347442680775
4 0.24705882352941178 0.445326278659612 0.023529411764705882 0.01763668430335097
2 0.29705882352941176 0.43871252204585537 0.052941176470588235 0.013227513227513227
5 0.4235294117647059 0.445326278659612 0.023529411764705882 0.01763668430335097
2 0.46352941176470586 0.43871252204585537 0.03294117647058824 0.013227513227513227
1 0.2605882352941176 0.4929453262786596 0.40352941176470586 0.015873015873015872
2 0.6670588235294118 0.5383597883597884 0.15764705882352942 0.018518518518518517
1 0.6758823529411765 0.5590828924162258 0.1988235294117647 0.015873015873015872