0 0.5 0.05488372093023256 0.6423529411764706 0.01674418604651163
0 0.5 0.12930232558139534 0.28352941176470586 0.01674418604651163
2 0.09058823529411765 0.2116279069767442 0.06352941176470588 0.013953488372093023
3 0.1635294117647059 0.21255813953488373 0.047058823529411764 0.01581395348837209
2 0.09058823529411765 0.25813953488372093 0.06352941176470588 0.013953488372093023
3 0.16176470588235295 0.25906976744186044 0.04352941176470588 0.01581395348837209
2 0.4747058823529412 0.26046511627906976 0.09294117647058824 0.018604651162790697
3 0.5629411764705883 0.2609302325581395 0.04823529411764706 0.01953488372093023
2 0.10529411764705883 0.30697674418604654 0.09294117647058824 0.018604651162790697
3 0.19705882352941176 0.3074418604651163 0.05529411764705883 0.01953488372093023
2 0.5123529411764706 0.30465116279069765 0.10941176470588235 0.013953488372093023
3 0.6729411764705883 0.3074418604651163 0.17647058823529413 0.01953488372093023
2 0.11294117647058824 0.35348837209302325 0.10823529411764705 0.018604651162790697
3 0.2076470588235294 0.3516279069767442 0.04588235294117647 0.014883720930232559
2 0.08294117647058824 0.4 0.04823529411764706 0.018604651162790697
3 0.14823529411764705 0.39813953488372095 0.047058823529411764 0.014883720930232559
2 0.4370588235294118 0.4 0.04823529411764706 0.018604651162790697
3 0.5047058823529412 0.3986046511627907 0.05176470588235294 0.01581395348837209
2 0.08294117647058824 0.44651162790697674 0.04823529411764706 0.018604651162790697
3 0.1476470588235294 0.44465116279069766 0.04588235294117647 0.014883720930232559
2 0.10882352941176471 0.5097674418604651 0.1 0.014883720930232559
4 0.24705882352941178 0.5162790697674419 0.023529411764705882 0.018604651162790697
2 0.29705882352941176 0.5093023255813953 0.052941176470588235 0.013953488372093023
5 0.4235294117647059 0.5162790697674419 0.023529411764705882 0.018604651162790697
2 0.46352941176470586 0.5093023255813953 0.03294117647058824 0.013953488372093023
1 0.2605882352941176 0.5665116279069767 0.40352941176470586 0.01674418604651163
2 0.6670588235294118 0.6144186046511628 0.15764705882352942 0.01953488372093023
1 0.6758823529411765 0.6362790697674419 0.1988235294117647 0.01674418604651163