0 0.5 0.05025553662691652 0.6423529411764706 0.015332197614991482
0 0.5 0.11797274275979557 0.23294117647058823 0.014480408858603067
2 0.1411764705882353 0.19633730834752983 0.16470588235294117 0.01788756388415673
2 0.5535294117647059 0.19591141396933562 0.04823529411764706 0.017035775127768313
2 0.10529411764705883 0.23850085178875638 0.09294117647058824 0.017035775127768313
3 0.19294117647058823 0.2389267461669506 0.047058823529411764 0.01788756388415673
2 0.09294117647058824 0.2815161839863714 0.06823529411764706 0.01788756388415673
3 0.17411764705882352 0.27981260647359457 0.058823529411764705 0.014480408858603067
2 0.48705882352941177 0.28109028960817717 0.10823529411764705 0.017035775127768313
2 0.11352941176470588 0.3215502555366269 0.10941176470588235 0.012776831345826235
2 0.11294117647058824 0.36626916524701875 0.10823529411764705 0.017035775127768313
2 0.5270588235294118 0.36626916524701875 0.10823529411764705 0.017035775127768313
3 0.6152941176470588 0.3645655877342419 0.03294117647058824 0.013628620102214651
2 0.11352941176470588 0.4067291311754685 0.10941176470588235 0.012776831345826235
2 0.49823529411764705 0.4088586030664395 0.04823529411764706 0.017035775127768313
3 0.5694117647058824 0.4075809199318569 0.058823529411764705 0.014480408858603067
2 0.10882352941176471 0.46678023850085176 0.1 0.013628620102214651
4 0.24705882352941178 0.4727427597955707 0.023529411764705882 0.017035775127768313
2 0.29705882352941176 0.4663543441226576 0.052941176470588235 0.012776831345826235
5 0.4235294117647059 0.4727427597955707 0.023529411764705882 0.017035775127768313
2 0.46352941176470586 0.4663543441226576 0.03294117647058824 0.012776831345826235
1 0.2605882352941176 0.5187393526405452 0.40352941176470586 0.015332197614991482
2 0.6670588235294118 0.5626064735945485 0.15764705882352942 0.01788756388415673
1 0.6758823529411765 0.5826235093696763 0.1988235294117647 0.015332197614991482