0 0.5 0.04949664429530201 0.6423529411764706 0.015100671140939598
0 0.5 0.11661073825503356 0.2647058823529412 0.015100671140939598
2 0.08294117647058824 0.1929530201342282 0.04823529411764706 0.016778523489932886
3 0.14882352941176472 0.19337248322147652 0.04823529411764706 0.01761744966442953
2 0.49529411764705883 0.19337248322147652 0.16470588235294117 0.01761744966442953
3 0.6188235294117647 0.19337248322147652 0.047058823529411764 0.01761744966442953
2 0.09294117647058824 0.23531879194630873 0.06823529411764706 0.01761744966442953
3 0.1688235294117647 0.23531879194630873 0.04823529411764706 0.01761744966442953
2 0.11352941176470588 0.274748322147651 0.10941176470588235 0.012583892617449664
3 0.22176470588235295 0.2751677852348993 0.07176470588235294 0.013422818791946308
2 0.10529411764705883 0.3187919463087248 0.09294117647058824 0.016778523489932886
3 0.18588235294117647 0.31921140939597314 0.03294117647058824 0.01761744966442953
2 0.5117647058823529 0.3187919463087248 0.10823529411764705 0.016778523489932886
3 0.6141176470588235 0.31921140939597314 0.0611764705882353 0.01761744966442953
2 0.10058823529411764 0.35906040268456374 0.08352941176470588 0.013422818791946308
3 0.19058823529411764 0.35947986577181207 0.0611764705882353 0.014261744966442953
2 0.10882352941176471 0.41778523489932884 0.1 0.013422818791946308
4 0.24705882352941178 0.4236577181208054 0.023529411764705882 0.016778523489932886
2 0.29705882352941176 0.4173657718120805 0.052941176470588235 0.012583892617449664
5 0.4235294117647059 0.4236577181208054 0.023529411764705882 0.016778523489932886
2 0.46352941176470586 0.4173657718120805 0.03294117647058824 0.012583892617449664
1 0.2605882352941176 0.46895973154362414 0.40352941176470586 0.015100671140939598
2 0.6670588235294118 0.5121644295302014 0.15764705882352942 0.01761744966442953
1 0.6758823529411765 0.5318791946308725 0.1988235294117647 0.015100671140939598