0 0.5 0.053297199638663056 0.6423529411764706 0.016260162601626018
0 0.5 0.12511291779584463 0.24941176470588236 0.015356820234869015
2 0.11352941176470588 0.2055103884372177 0.10941176470588235 0.013550135501355014
3 0.27941176470588236 0.2086720867208672 0.18705882352941178 0.01987353206865402
2 0.10529411764705883 0.2529358626919603 0.09294117647058824 0.018066847335140017
3 0.1923529411764706 0.25112917795844625 0.04588235294117647 0.014453477868112014
2 0.11294117647058824 0.2981029810298103 0.10823529411764705 0.018066847335140017
3 0.20470588235294118 0.2967479674796748 0.04 0.015356820234869015
2 0.5276470588235294 0.2958446251129178 0.10941176470588235 0.013550135501355014
3 0.7123529411764706 0.2990063233965673 0.22470588235294117 0.01987353206865402
2 0.11352941176470588 0.34101174345076785 0.10941176470588235 0.013550135501355014
3 0.26235294117647057 0.34372177055103886 0.15294117647058825 0.018970189701897018
2 0.1411764705882353 0.3888888888888889 0.16470588235294117 0.018970189701897018
3 0.2635294117647059 0.3866305329719964 0.04470588235294118 0.014453477868112014
2 0.10529411764705883 0.43360433604336046 0.09294117647058824 0.018066847335140017
3 0.18941176470588236 0.4340560072267389 0.04 0.018970189701897018
2 0.10882352941176471 0.4950316169828365 0.1 0.014453477868112014
5 0.24705882352941178 0.5013550135501355 0.023529411764705882 0.018066847335140017
2 0.29705882352941176 0.494579945799458 0.052941176470588235 0.013550135501355014
4 0.4235294117647059 0.5013550135501355 0.023529411764705882 0.018066847335140017
2 0.46352941176470586 0.494579945799458 0.03294117647058824 0.013550135501355014
1 0.2605882352941176 0.5501355013550135 0.40352941176470586 0.016260162601626018
2 0.6670588235294118 0.5966576332429991 0.15764705882352942 0.018970189701897018
1 0.6758823529411765 0.6178861788617886 0.1988235294117647 0.016260162601626018