0 0.5 0.049663299663299666 0.6423529411764706 0.015151515151515152
0 0.5 0.117003367003367 0.2647058823529412 0.015151515151515152
2 0.1411764705882353 0.19402356902356901 0.16470588235294117 0.017676767676767676
2 0.11294117647058824 0.2356902356902357 0.10823529411764705 0.016835016835016835
2 0.09294117647058824 0.2781986531986532 0.06823529411764706 0.017676767676767676
2 0.46705882352941175 0.2781986531986532 0.06823529411764706 0.017676767676767676
3 0.5417647058823529 0.27735690235690236 0.04588235294117647 0.015993265993265993
2 0.09294117647058824 0.3202861952861953 0.06823529411764706 0.017676767676767676
3 0.1652941176470588 0.3186026936026936 0.041176470588235294 0.01430976430976431
2 0.11294117647058824 0.36195286195286197 0.10823529411764705 0.016835016835016835
2 0.5070588235294118 0.36237373737373735 0.06823529411764706 0.017676767676767676
2 0.10882352941176471 0.41919191919191917 0.1 0.013468013468013467
4 0.24705882352941178 0.42508417508417506 0.023529411764705882 0.016835016835016835
2 0.29705882352941176 0.4187710437710438 0.052941176470588235 0.012626262626262626
5 0.4235294117647059 0.42508417508417506 0.023529411764705882 0.016835016835016835
2 0.46352941176470586 0.4187710437710438 0.03294117647058824 0.012626262626262626
1 0.2605882352941176 0.47053872053872053 0.40352941176470586 0.015151515151515152
2 0.6670588235294118 0.5138888888888888 0.15764705882352942 0.017676767676767676
1 0.6758823529411765 0.5336700336700336 0.1988235294117647 0.015151515151515152