0 0.5 0.05029838022165388 0.6423529411764706 0.015345268542199489
0 0.5 0.11807331628303495 0.23294117647058823 0.014492753623188406
2 0.09294117647058824 0.19650468883205457 0.06823529411764706 0.017902813299232736
3 0.17294117647058824 0.1947996589940324 0.05647058823529412 0.014492753623188406
2 0.09058823529411765 0.23657289002557544 0.06352941176470588 0.01278772378516624
3 0.15411764705882353 0.236999147485081 0.02823529411764706 0.013640238704177323
2 0.11294117647058824 0.2813299232736573 0.10823529411764705 0.017050298380221655
3 0.20411764705882354 0.2813299232736573 0.03882352941176471 0.017050298380221655
2 0.09058823529411765 0.3218243819266837 0.06352941176470588 0.01278772378516624
3 0.1564705882352941 0.32225063938618925 0.03294117647058824 0.013640238704177323
2 0.10529411764705883 0.36658141517476556 0.09294117647058824 0.017050298380221655
3 0.1864705882352941 0.36615515771526 0.03411764705882353 0.01619778346121057
2 0.10882352941176471 0.42455242966751916 0.1 0.013640238704177323
4 0.24705882352941178 0.43052003410059675 0.023529411764705882 0.017050298380221655
2 0.29705882352941176 0.42412617220801363 0.052941176470588235 0.01278772378516624
5 0.4235294117647059 0.43052003410059675 0.023529411764705882 0.017050298380221655
2 0.46352941176470586 0.42412617220801363 0.03294117647058824 0.01278772378516624
1 0.2605882352941176 0.47655583972719523 0.40352941176470586 0.015345268542199489
2 0.6670588235294118 0.520460358056266 0.15764705882352942 0.017902813299232736
1 0.6758823529411765 0.5404944586530265 0.1988235294117647 0.015345268542199489