0 0.5 0.051215277777777776 0.6423529411764706 0.015625
0 0.5 0.12065972222222222 0.30470588235294116 0.015625
2 0.11352941176470588 0.1974826388888889 0.10941176470588235 0.013020833333333334
3 0.2511764705882353 0.20008680555555555 0.13058823529411764 0.018229166666666668
2 0.10058823529411764 0.24131944444444445 0.08352941176470588 0.013888888888888888
3 0.17411764705882352 0.24131944444444445 0.02823529411764706 0.013888888888888888
2 0.11294117647058824 0.2864583333333333 0.10823529411764705 0.017361111111111112
3 0.2076470588235294 0.2860243055555556 0.04588235294117647 0.016493055555555556
2 0.09058823529411765 0.3276909722222222 0.06352941176470588 0.013020833333333334
3 0.16294117647058823 0.328125 0.04588235294117647 0.013888888888888888
2 0.4747058823529412 0.3298611111111111 0.09294117647058824 0.017361111111111112
3 0.558235294117647 0.3298611111111111 0.03882352941176471 0.017361111111111112
2 0.08294117647058824 0.3732638888888889 0.04823529411764706 0.017361111111111112
3 0.15058823529411763 0.3719618055555556 0.05176470588235294 0.014756944444444444
2 0.10882352941176471 0.4322916666666667 0.1 0.013888888888888888
5 0.24705882352941178 0.4383680555555556 0.023529411764705882 0.017361111111111112
2 0.29705882352941176 0.4318576388888889 0.052941176470588235 0.013020833333333334
4 0.4235294117647059 0.4383680555555556 0.023529411764705882 0.017361111111111112
2 0.46352941176470586 0.4318576388888889 0.03294117647058824 0.013020833333333334
1 0.2605882352941176 0.4852430555555556 0.40352941176470586 0.015625
2 0.6670588235294118 0.5299479166666666 0.15764705882352942 0.018229166666666668
1 0.6758823529411765 0.5503472222222222 0.1988235294117647 0.015625