0 0.5 0.05662188099808062 0.6423529411764706 0.01727447216890595
0 0.5 0.13291746641074856 0.24941176470588236 0.016314779270633396
2 0.09294117647058824 0.22120921305182342 0.06823529411764706 0.02015355086372361
3 0.16470588235294117 0.21928982725527832 0.04 0.016314779270633396
2 0.08294117647058824 0.2687140115163148 0.04823529411764706 0.019193857965451054
3 0.14882352941176472 0.2667946257197697 0.04823529411764706 0.015355086372360844
2 0.08294117647058824 0.31669865642994244 0.04823529411764706 0.019193857965451054
3 0.16176470588235295 0.31765834932821496 0.07411764705882352 0.02111324376199616
2 0.11352941176470588 0.3622840690978887 0.10941176470588235 0.014395393474088292
3 0.2752941176470588 0.3675623800383877 0.17882352941176471 0.02495201535508637
2 0.09294117647058824 0.41314779270633395 0.06823529411764706 0.02015355086372361
3 0.1588235294117647 0.41122840690978885 0.02823529411764706 0.016314779270633396
2 0.10529411764705883 0.46065259117082535 0.09294117647058824 0.019193857965451054
3 0.19176470588235295 0.4592130518234165 0.04470588235294118 0.016314779270633396
2 0.10882352941176471 0.525911708253359 0.1 0.015355086372360844
4 0.24705882352941178 0.5326295585412668 0.023529411764705882 0.019193857965451054
2 0.29705882352941176 0.5254318618042226 0.052941176470588235 0.014395393474088292
5 0.4235294117647059 0.5326295585412668 0.023529411764705882 0.019193857965451054
2 0.46352941176470586 0.5254318618042226 0.03294117647058824 0.014395393474088292
1 0.2605882352941176 0.5844529750479847 0.40352941176470586 0.01727447216890595
2 0.6670588235294118 0.6338771593090211 0.15764705882352942 0.02015355086372361
1 0.6758823529411765 0.6564299424184261 0.1988235294117647 0.01727447216890595