0 0.5 0.05004240882103478 0.6423529411764706 0.015267175572519083
0 0.5 0.11789652247667515 0.30470588235294116 0.015267175572519083
2 0.10058823529411764 0.19338422391857507 0.08352941176470588 0.013570822731128074
3 0.18470588235294116 0.19338422391857507 0.04941176470588235 0.013570822731128074
2 0.1411764705882353 0.23791348600508905 0.16470588235294117 0.017811704834605598
3 0.2647058823529412 0.23791348600508905 0.047058823529411764 0.017811704834605598
2 0.11294117647058824 0.27989821882951654 0.10823529411764705 0.016963528413910092
3 0.21941176470588236 0.28032230703986427 0.06941176470588235 0.017811704834605598
2 0.08294117647058824 0.32230703986429177 0.04823529411764706 0.016963528413910092
3 0.14882352941176472 0.32273112807463955 0.04823529411764706 0.017811704834605598
2 0.10882352941176471 0.3799830364715861 0.1 0.013570822731128074
4 0.24705882352941178 0.38592027141645463 0.023529411764705882 0.016963528413910092
2 0.29705882352941176 0.3795589482612383 0.052941176470588235 0.01272264631043257
5 0.4235294117647059 0.38592027141645463 0.023529411764705882 0.016963528413910092
2 0.46352941176470586 0.3795589482612383 0.03294117647058824 0.01272264631043257
1 0.2605882352941176 0.43172179813401185 0.40352941176470586 0.015267175572519083
2 0.6670588235294118 0.47540288379983037 0.15764705882352942 0.017811704834605598
1 0.6758823529411765 0.4953350296861747 0.1988235294117647 0.015267175572519083