0 0.5 0.049663299663299666 0.6423529411764706 0.015151515151515152
0 0.5 0.11658249158249158 0.23294117647058823 0.01430976430976431
2 0.08294117647058824 0.1936026936026936 0.04823529411764706 0.016835016835016835
2 0.09294117647058824 0.2361111111111111 0.06823529411764706 0.017676767676767676
3 0.17294117647058824 0.23442760942760943 0.05647058823529412 0.01430976430976431
2 0.5152941176470588 0.2361111111111111 0.16470588235294117 0.017676767676767676
2 0.09294117647058824 0.2781986531986532 0.06823529411764706 0.017676767676767676
2 0.09058823529411765 0.31776094276094274 0.06352941176470588 0.012626262626262626
2 0.09058823529411765 0.35984848484848486 0.06352941176470588 0.012626262626262626
2 0.10882352941176471 0.41919191919191917 0.1 0.013468013468013467
4 0.24705882352941178 0.42508417508417506 0.023529411764705882 0.016835016835016835
2 0.29705882352941176 0.4187710437710438 0.052941176470588235 0.012626262626262626
5 0.4235294117647059 0.42508417508417506 0.023529411764705882 0.016835016835016835
2 0.46352941176470586 0.4187710437710438 0.03294117647058824 0.012626262626262626
1 0.2605882352941176 0.47053872053872053 0.40352941176470586 0.015151515151515152
2 0.6670588235294118 0.5138888888888888 0.15764705882352942 0.017676767676767676
1 0.6758823529411765 0.5336700336700336 0.1988235294117647 0.015151515151515152