0 0.5 0.05818540433925049 0.6423529411764706 0.01775147928994083
0 0.5 0.13658777120315582 0.23294117647058823 0.016765285996055226
2 0.09058823529411765 0.22435897435897437 0.06352941176470588 0.014792899408284023
3 0.16588235294117648 0.22534516765285997 0.05176470588235294 0.016765285996055226
2 0.11352941176470588 0.27366863905325445 0.10941176470588235 0.014792899408284023
3 0.27 0.27662721893491127 0.16823529411764707 0.020710059171597635
2 0.49823529411764705 0.27613412228796846 0.04823529411764706 0.01972386587771203
3 0.571764705882353 0.27564102564102566 0.06352941176470588 0.01873767258382643
2 0.10529411764705883 0.3254437869822485 0.09294117647058824 0.01972386587771203
3 0.19294117647058823 0.3259368836291913 0.047058823529411764 0.020710059171597635
2 0.1411764705882353 0.3752465483234714 0.16470588235294117 0.020710059171597635
3 0.27588235294117647 0.3752465483234714 0.06941176470588235 0.020710059171597635
2 0.5635294117647058 0.3752465483234714 0.06823529411764706 0.020710059171597635
3 0.6458823529411765 0.3752465483234714 0.0611764705882353 0.020710059171597635
2 0.10882352941176471 0.4418145956607495 0.1 0.015779092702169626
5 0.24705882352941178 0.44871794871794873 0.023529411764705882 0.01972386587771203
2 0.29705882352941176 0.4413214990138067 0.052941176470588235 0.014792899408284023
4 0.4235294117647059 0.44871794871794873 0.023529411764705882 0.01972386587771203
2 0.46352941176470586 0.4413214990138067 0.03294117647058824 0.014792899408284023
1 0.2605882352941176 0.5019723865877712 0.40352941176470586 0.01775147928994083
2 0.6670588235294118 0.5527613412228797 0.15764705882352942 0.020710059171597635
1 0.6758823529411765 0.5759368836291914 0.1988235294117647 0.01775147928994083