0 0.5 0.0552434456928839 0.6423529411764706 0.016853932584269662
0 0.5 0.1301498127340824 0.28352941176470586 0.016853932584269662
2 0.10058823529411764 0.21348314606741572 0.08352941176470588 0.0149812734082397
2 0.08294117647058824 0.26217228464419473 0.04823529411764706 0.018726591760299626
3 0.1411764705882353 0.26264044943820225 0.03294117647058824 0.019662921348314606
2 0.11294117647058824 0.3089887640449438 0.10823529411764705 0.018726591760299626
3 0.2076470588235294 0.30711610486891383 0.04588235294117647 0.0149812734082397
2 0.11294117647058824 0.35580524344569286 0.10823529411764705 0.018726591760299626
2 0.10882352941176471 0.41947565543071164 0.1 0.0149812734082397
5 0.24705882352941178 0.42602996254681647 0.023529411764705882 0.018726591760299626
2 0.29705882352941176 0.4190074906367041 0.052941176470588235 0.014044943820224719
4 0.4235294117647059 0.42602996254681647 0.023529411764705882 0.018726591760299626
2 0.46352941176470586 0.4190074906367041 0.03294117647058824 0.014044943820224719
1 0.2605882352941176 0.47659176029962547 0.40352941176470586 0.016853932584269662
2 0.6670588235294118 0.524812734082397 0.15764705882352942 0.019662921348314606
1 0.6758823529411765 0.5468164794007491 0.1988235294117647 0.016853932584269662