0 0.5 0.05393053016453382 0.6423529411764706 0.016453382084095063
0 0.5 0.126599634369287 0.23294117647058823 0.015539305301645339
2 0.11352941176470588 0.20795246800731262 0.10941176470588235 0.013711151736745886
3 0.2647058823529412 0.21023765996343693 0.15764705882352942 0.018281535648994516
2 0.5158823529411765 0.20840950639853748 0.08352941176470588 0.014625228519195612
3 0.5952941176470589 0.20886654478976233 0.04 0.015539305301645339
2 0.1411764705882353 0.2563985374771481 0.16470588235294117 0.019195612431444242
3 0.27176470588235296 0.2545703839122486 0.0611764705882353 0.015539305301645339
2 0.5758823529411765 0.25594149908592323 0.09294117647058824 0.018281535648994516
3 0.6541176470588236 0.25411334552102377 0.02823529411764706 0.014625228519195612
2 0.09058823529411765 0.2993601462522852 0.06352941176470588 0.013711151736745886
3 0.1623529411764706 0.29981718464351004 0.04470588235294118 0.014625228519195612
2 0.08294117647058824 0.3473491773308958 0.04823529411764706 0.018281535648994516
3 0.15294117647058825 0.3459780621572212 0.05647058823529412 0.015539305301645339
2 0.09294117647058824 0.39351005484460694 0.06823529411764706 0.019195612431444242
3 0.16823529411764707 0.39351005484460694 0.047058823529411764 0.019195612431444242
2 0.10882352941176471 0.45521023765996343 0.1 0.014625228519195612
4 0.24705882352941178 0.4616087751371115 0.023529411764705882 0.018281535648994516
2 0.29705882352941176 0.4547531992687386 0.052941176470588235 0.013711151736745886
5 0.4235294117647059 0.4616087751371115 0.023529411764705882 0.018281535648994516
2 0.46352941176470586 0.4547531992687386 0.03294117647058824 0.013711151736745886
1 0.2605882352941176 0.5109689213893968 0.40352941176470586 0.016453382084095063
2 0.6670588235294118 0.5580438756855576 0.15764705882352942 0.019195612431444242
1 0.6758823529411765 0.5795246800731262 0.1988235294117647 0.016453382084095063