0 0.5 0.05267857142857143 0.6423529411764706 0.01607142857142857
0 0.5 0.12410714285714286 0.28352941176470586 0.01607142857142857
2 0.11352941176470588 0.203125 0.10941176470588235 0.013392857142857142
3 0.2888235294117647 0.20625 0.20588235294117646 0.019642857142857142
2 0.10058823529411764 0.24821428571428572 0.08352941176470588 0.014285714285714285
3 0.19117647058823528 0.25044642857142857 0.06235294117647059 0.01875
2 0.49 0.24821428571428572 0.08352941176470588 0.014285714285714285
3 0.5658823529411765 0.25044642857142857 0.03294117647058824 0.01875
2 0.10529411764705883 0.29464285714285715 0.09294117647058824 0.017857142857142856
3 0.20411764705882354 0.2950892857142857 0.06941176470588235 0.01875
2 0.08294117647058824 0.3392857142857143 0.04823529411764706 0.017857142857142856
3 0.15411764705882353 0.34017857142857144 0.058823529411764705 0.019642857142857142
2 0.09294117647058824 0.384375 0.06823529411764706 0.01875
3 0.1635294117647059 0.3821428571428571 0.03764705882352941 0.014285714285714285
2 0.1411764705882353 0.4290178571428571 0.16470588235294117 0.01875
3 0.26176470588235295 0.42723214285714284 0.041176470588235294 0.015178571428571428
2 0.10882352941176471 0.48928571428571427 0.1 0.014285714285714285
5 0.24705882352941178 0.4955357142857143 0.023529411764705882 0.017857142857142856
2 0.29705882352941176 0.4888392857142857 0.052941176470588235 0.013392857142857142
4 0.4235294117647059 0.4955357142857143 0.023529411764705882 0.017857142857142856
2 0.46352941176470586 0.4888392857142857 0.03294117647058824 0.013392857142857142
1 0.2605882352941176 0.54375 0.40352941176470586 0.01607142857142857
2 0.6670588235294118 0.5897321428571428 0.15764705882352942 0.01875
1 0.6758823529411765 0.6107142857142858 0.1988235294117647 0.01607142857142857