0 0.5 0.055347091932457786 0.6423529411764706 0.016885553470919325
0 0.5 0.1303939962476548 0.2647058823529412 0.016885553470919325
2 0.11294117647058824 0.21575984990619138 0.10823529411764705 0.01876172607879925
3 0.1988235294117647 0.21435272045028142 0.02823529411764706 0.01594746716697936
2 0.09294117647058824 0.26313320825515946 0.06823529411764706 0.019699812382739212
3 0.16117647058823528 0.26313320825515946 0.03294117647058824 0.019699812382739212
2 0.09058823529411765 0.3072232645403377 0.06352941176470588 0.014071294559099437
3 0.15705882352941178 0.3076923076923077 0.03411764705882353 0.0150093808630394
2 0.10058823529411764 0.3545966228893058 0.08352941176470588 0.0150093808630394
3 0.18 0.3550656660412758 0.04 0.01594746716697936
2 0.10058823529411764 0.40150093808630394 0.08352941176470588 0.0150093808630394
3 0.18352941176470589 0.40290806754221387 0.047058823529411764 0.017823639774859287
2 0.11294117647058824 0.450281425891182 0.10823529411764705 0.01876172607879925
3 0.21411764705882352 0.44887429643527205 0.058823529411764705 0.01594746716697936
2 0.10882352941176471 0.5140712945590994 0.1 0.0150093808630394
5 0.24705882352941178 0.5206378986866792 0.023529411764705882 0.01876172607879925
2 0.29705882352941176 0.5136022514071295 0.052941176470588235 0.014071294559099437
4 0.4235294117647059 0.5206378986866792 0.023529411764705882 0.01876172607879925
2 0.46352941176470586 0.5136022514071295 0.03294117647058824 0.014071294559099437
1 0.2605882352941176 0.5712945590994372 0.40352941176470586 0.016885553470919325
2 0.6670588235294118 0.6196060037523452 0.15764705882352942 0.019699812382739212
1 0.6758823529411765 0.6416510318949343 0.1988235294117647 0.016885553470919325