0 0.5 0.05473098330241188 0.6423529411764706 0.016697588126159554
0 0.5 0.12894248608534323 0.2647058823529412 0.016697588126159554
2 0.09058823529411765 0.21103896103896103 0.06352941176470588 0.013914656771799629
2 0.1411764705882353 0.2602040816326531 0.16470588235294117 0.01948051948051948
2 0.1411764705882353 0.30658627087198514 0.16470588235294117 0.01948051948051948
2 0.08294117647058824 0.3525046382189239 0.04823529411764706 0.01855287569573284
2 0.11352941176470588 0.3965677179962894 0.10941176470588235 0.013914656771799629
2 0.10882352941176471 0.4619666048237477 0.1 0.014842300556586271
4 0.24705882352941178 0.4684601113172542 0.023529411764705882 0.01855287569573284
2 0.29705882352941176 0.4615027829313544 0.052941176470588235 0.013914656771799629
4 0.4235294117647059 0.4684601113172542 0.023529411764705882 0.01855287569573284
2 0.46352941176470586 0.4615027829313544 0.03294117647058824 0.013914656771799629
1 0.2605882352941176 0.5185528756957328 0.40352941176470586 0.016697588126159554
2 0.6670588235294118 0.5663265306122449 0.15764705882352942 0.01948051948051948
1 0.6758823529411765 0.588126159554731 0.1988235294117647 0.016697588126159554