0 0.5 0.05038428693424424 0.6423529411764706 0.015371477369769428
0 0.5 0.11870196413321947 0.2647058823529412 0.015371477369769428
2 0.09294117647058824 0.1968403074295474 0.06823529411764706 0.017933390264730998
2 0.47941176470588237 0.1964133219470538 0.09294117647058824 0.017079419299743808
2 0.10058823529411764 0.23740392826643894 0.08352941176470588 0.013663535439795047
2 0.11352941176470588 0.27967549103330486 0.10941176470588235 0.012809564474807857
2 0.09058823529411765 0.3223740392826644 0.06352941176470588 0.012809564474807857
2 0.08294117647058824 0.3672075149444919 0.04823529411764706 0.017079419299743808
2 0.08294117647058824 0.4099060631938514 0.04823529411764706 0.017079419299743808
2 0.46705882352941175 0.4099060631938514 0.10823529411764705 0.017079419299743808
2 0.10882352941176471 0.46797608881298036 0.1 0.013663535439795047
4 0.24705882352941178 0.4739538855678907 0.023529411764705882 0.017079419299743808
2 0.29705882352941176 0.46754910333048677 0.052941176470588235 0.012809564474807857
4 0.4235294117647059 0.4739538855678907 0.023529411764705882 0.017079419299743808
2 0.46352941176470586 0.46754910333048677 0.03294117647058824 0.012809564474807857
1 0.2605882352941176 0.520068317677199 0.40352941176470586 0.015371477369769428
2 0.6670588235294118 0.5640478223740393 0.15764705882352942 0.017933390264730998
1 0.6758823529411765 0.5841161400512382 0.1988235294117647 0.015371477369769428