0 0.5 0.05529522024367385 0.6423529411764706 0.016869728209934397
0 0.5 0.1302717900656045 0.30470588235294116 0.016869728209934397
2 0.09058823529411765 0.21321462043111528 0.06352941176470588 0.014058106841611996
3 0.1635294117647059 0.21602624179943766 0.047058823529411764 0.019681349578256794
2 0.09294117647058824 0.26288659793814434 0.06823529411764706 0.019681349578256794
2 0.11352941176470588 0.3069353327085286 0.10941176470588235 0.014058106841611996
3 0.24352941176470588 0.31021555763823805 0.11529411764705882 0.020618556701030927
2 0.09294117647058824 0.35660731021555764 0.06823529411764706 0.019681349578256794
3 0.16176470588235295 0.3556701030927835 0.03411764705882353 0.01780693533270853
2 0.45705882352941174 0.3561387066541706 0.04823529411764706 0.01874414245548266
2 0.08294117647058824 0.4029990627928772 0.04823529411764706 0.01874414245548266
2 0.10882352941176471 0.46672914714151825 0.1 0.01499531396438613
5 0.24705882352941178 0.4732895970009372 0.023529411764705882 0.01874414245548266
2 0.29705882352941176 0.4662605435801312 0.052941176470588235 0.014058106841611996
4 0.4235294117647059 0.4732895970009372 0.023529411764705882 0.01874414245548266
2 0.46352941176470586 0.4662605435801312 0.03294117647058824 0.014058106841611996
1 0.2605882352941176 0.5238987816307404 0.40352941176470586 0.016869728209934397
2 0.6670588235294118 0.5721649484536082 0.15764705882352942 0.019681349578256794
1 0.6758823529411765 0.5941893158388004 0.1988235294117647 0.016869728209934397