0 0.5 0.0500848896434635 0.6423529411764706 0.015280135823429542
0 0.5 0.11799660441426146 0.28352941176470586 0.015280135823429542
2 0.10529411764705883 0.19524617996604415 0.09294117647058824 0.01697792869269949
3 0.1935294117647059 0.19567062818336162 0.04823529411764706 0.017826825127334467
2 0.09058823529411765 0.23556876061120544 0.06352941176470588 0.012733446519524618
3 0.1588235294117647 0.23599320882852293 0.03764705882352941 0.013582342954159592
2 0.10058823529411764 0.27843803056027167 0.08352941176470588 0.013582342954159592
3 0.18294117647058825 0.27843803056027167 0.04588235294117647 0.013582342954159592
2 0.10529411764705883 0.3225806451612903 0.09294117647058824 0.01697792869269949
3 0.1888235294117647 0.3225806451612903 0.03882352941176471 0.01697792869269949
2 0.10882352941176471 0.38030560271646857 0.1 0.013582342954159592
4 0.24705882352941178 0.3862478777589134 0.023529411764705882 0.01697792869269949
2 0.29705882352941176 0.3798811544991511 0.052941176470588235 0.012733446519524618
5 0.4235294117647059 0.3862478777589134 0.023529411764705882 0.01697792869269949
2 0.46352941176470586 0.3798811544991511 0.03294117647058824 0.012733446519524618
1 0.2605882352941176 0.43208828522920206 0.40352941176470586 0.015280135823429542
2 0.6670588235294118 0.47580645161290325 0.15764705882352942 0.017826825127334467
1 0.6758823529411765 0.49575551782682514 0.1988235294117647 0.015280135823429542