0 0.5 0.0545790934320074 0.6423529411764706 0.016651248843663275
0 0.5 0.12858464384828863 0.2647058823529412 0.016651248843663275
2 0.11352941176470588 0.21045328399629973 0.10941176470588235 0.013876040703052728
3 0.26941176470588235 0.21369102682701202 0.16705882352941176 0.020351526364477335
2 0.11352941176470588 0.2567067530064755 0.10941176470588235 0.013876040703052728
3 0.30411764705882355 0.26179463459759483 0.23647058823529413 0.024051803885291396
2 0.5158823529411765 0.25716928769657726 0.08352941176470588 0.014801110083256245
3 0.5976470588235294 0.257631822386679 0.04470588235294118 0.01572617946345976
2 0.1411764705882353 0.3057354301572618 0.16470588235294117 0.01942645698427382
3 0.25529411764705884 0.3038852913968548 0.02823529411764706 0.01572617946345976
2 0.11294117647058824 0.3515263644773358 0.10823529411764705 0.018501387604070305
3 0.2164705882352941 0.35106382978723405 0.06352941176470588 0.01757631822386679
2 0.5552941176470588 0.3519888991674376 0.16470588235294117 0.01942645698427382
3 0.69 0.3519888991674376 0.06941176470588235 0.01942645698427382
2 0.1411764705882353 0.3982423681776133 0.16470588235294117 0.01942645698427382
3 0.2611764705882353 0.3982423681776133 0.04 0.01942645698427382
2 0.10529411764705883 0.4440333024976873 0.09294117647058824 0.018501387604070305
3 0.18470588235294116 0.4421831637372803 0.03058823529411765 0.014801110083256245
2 0.10882352941176471 0.5069380203515264 0.1 0.014801110083256245
4 0.24705882352941178 0.513413506012951 0.023529411764705882 0.018501387604070305
2 0.29705882352941176 0.5064754856614246 0.052941176470588235 0.013876040703052728
5 0.4235294117647059 0.513413506012951 0.023529411764705882 0.018501387604070305
2 0.46352941176470586 0.5064754856614246 0.03294117647058824 0.013876040703052728
1 0.2605882352941176 0.5633672525439408 0.40352941176470586 0.016651248843663275
2 0.6670588235294118 0.6110083256244219 0.15764705882352942 0.01942645698427382
1 0.6758823529411765 0.6327474560592045 0.1988235294117647 0.016651248843663275