0 0.5 0.05368516833484986 0.6423529411764706 0.01637852593266606
0 0.5 0.1264786169244768 0.2647058823529412 0.01637852593266606
2 0.11352941176470588 0.2070063694267516 0.10941176470588235 0.01364877161055505
2 0.5288235294117647 0.2070063694267516 0.10941176470588235 0.01364877161055505
3 0.6776470588235294 0.21201091901728844 0.15294117647058825 0.023657870791628753
2 0.08294117647058824 0.25477707006369427 0.04823529411764706 0.018198362147406732
3 0.14529411764705882 0.2534121929026388 0.041176470588235294 0.015468607825295723
2 0.4470588235294118 0.2552320291173794 0.06823529411764706 0.01910828025477707
3 0.5211764705882352 0.2552320291173794 0.04470588235294118 0.01910828025477707
2 0.1411764705882353 0.30072793448589624 0.16470588235294117 0.01910828025477707
2 0.11294117647058824 0.34576888080072793 0.10823529411764705 0.018198362147406732
3 0.19941176470588234 0.34622383985441313 0.029411764705882353 0.01910828025477707
2 0.5276470588235294 0.3434940855323021 0.10941176470588235 0.01364877161055505
3 0.6841176470588235 0.34849863512283896 0.16823529411764707 0.023657870791628753
2 0.10882352941176471 0.40764331210191085 0.1 0.014558689717925387
5 0.24705882352941178 0.4140127388535032 0.023529411764705882 0.018198362147406732
2 0.29705882352941176 0.40718835304822565 0.052941176470588235 0.01364877161055505
4 0.4235294117647059 0.4140127388535032 0.023529411764705882 0.018198362147406732
2 0.46352941176470586 0.40718835304822565 0.03294117647058824 0.01364877161055505
1 0.2605882352941176 0.46314831665150136 0.40352941176470586 0.01637852593266606
2 0.6670588235294118 0.5100090991810737 0.15764705882352942 0.01910828025477707
1 0.6758823529411765 0.5313921747042766 0.1988235294117647 0.01637852593266606