0 0.5 0.05689488910318226 0.6423529411764706 0.017357762777242044
0 0.5 0.13404050144648022 0.28352941176470586 0.017357762777242044
2 0.08294117647058824 0.22179363548698167 0.04823529411764706 0.019286403085824494
3 0.1411764705882353 0.21986499517839922 0.03294117647058824 0.015429122468659595
2 0.11352941176470588 0.26759884281581486 0.10941176470588235 0.01446480231436837
3 0.23647058823529413 0.27049180327868855 0.1011764705882353 0.020250723240115717
2 0.5058823529411764 0.26759884281581486 0.06352941176470588 0.01446480231436837
3 0.5782352941176471 0.26808100289296044 0.04588235294117647 0.015429122468659595
2 0.10529411764705883 0.31822565091610416 0.09294117647058824 0.019286403085824494
3 0.18352941176470589 0.3162970106075217 0.02823529411764706 0.015429122468659595
2 0.4894117647058824 0.3158148505303761 0.06352941176470588 0.01446480231436837
3 0.5605882352941176 0.3167791706846673 0.04352941176470588 0.01639344262295082
2 0.10529411764705883 0.36644165863066536 0.09294117647058824 0.019286403085824494
3 0.19 0.36499517839922857 0.041176470588235294 0.01639344262295082
2 0.49941176470588233 0.36451301832208294 0.08352941176470588 0.015429122468659595
3 0.5788235294117647 0.366923818707811 0.04 0.020250723240115717
2 0.1411764705882353 0.41513982642237224 0.16470588235294117 0.020250723240115717
3 0.2641176470588235 0.4127290260366442 0.04588235294117647 0.015429122468659595
2 0.10882352941176471 0.4802314368370299 0.1 0.015429122468659595
4 0.24705882352941178 0.4869816779170685 0.023529411764705882 0.019286403085824494
2 0.29705882352941176 0.47974927675988427 0.052941176470588235 0.01446480231436837
5 0.4235294117647059 0.4869816779170685 0.023529411764705882 0.019286403085824494
2 0.46352941176470586 0.47974927675988427 0.03294117647058824 0.01446480231436837
1 0.2605882352941176 0.5390549662487946 0.40352941176470586 0.017357762777242044
2 0.6670588235294118 0.5887174541947927 0.15764705882352942 0.020250723240115717
1 0.6758823529411765 0.6113789778206364 0.1988235294117647 0.017357762777242044