0 0.5 0.05090595340811044 0.6423529411764706 0.015530629853321829
0 0.5 0.11949956859361519 0.24941176470588236 0.014667817083692839
2 0.08294117647058824 0.1984469370146678 0.04823529411764706 0.01725625539257981
3 0.14941176470588236 0.19672131147540983 0.04941176470588235 0.013805004314063849
2 0.11352941176470588 0.23943054357204488 0.10941176470588235 0.012942191544434857
3 0.25941176470588234 0.24201898188093185 0.14705882352941177 0.0181190681622088
2 0.508235294117647 0.24201898188093185 0.06823529411764706 0.0181190681622088
3 0.5841176470588235 0.24201898188093185 0.04823529411764706 0.0181190681622088
2 0.1411764705882353 0.28515962036238135 0.16470588235294117 0.0181190681622088
3 0.2576470588235294 0.2830025884383089 0.03294117647058824 0.013805004314063849
2 0.5711764705882353 0.2830025884383089 0.08352941176470588 0.013805004314063849
3 0.6470588235294118 0.28515962036238135 0.03294117647058824 0.0181190681622088
2 0.1411764705882353 0.3283002588438309 0.16470588235294117 0.0181190681622088
3 0.27588235294117647 0.3283002588438309 0.06941176470588235 0.0181190681622088
2 0.10882352941176471 0.38654012079378774 0.1 0.013805004314063849
5 0.24705882352941178 0.3925798101811907 0.023529411764705882 0.01725625539257981
2 0.29705882352941176 0.38610871440897326 0.052941176470588235 0.012942191544434857
4 0.4235294117647059 0.3925798101811907 0.023529411764705882 0.01725625539257981
2 0.46352941176470586 0.38610871440897326 0.03294117647058824 0.012942191544434857
1 0.2605882352941176 0.43917169974115616 0.40352941176470586 0.015530629853321829
2 0.6670588235294118 0.48360655737704916 0.15764705882352942 0.0181190681622088
1 0.6758823529411765 0.5038826574633305 0.1988235294117647 0.015530629853321829