0 0.5 0.05789990186457311 0.6423529411764706 0.017664376840039256
0 0.5 0.1364082433758587 0.30470588235294116 0.017664376840039256
2 0.09294117647058824 0.22620215897939155 0.06823529411764706 0.020608439646712464
2 0.08294117647058824 0.2747791952894995 0.04823529411764706 0.019627085377821395
2 0.10058823529411764 0.32188420019627084 0.08352941176470588 0.015701668302257114
2 0.4823529411764706 0.32433758586849853 0.06823529411764706 0.020608439646712464
2 0.10529411764705883 0.3729146221786065 0.09294117647058824 0.019627085377821395
2 0.11352941176470588 0.41952894995093226 0.10941176470588235 0.014720314033366046
2 0.5564705882352942 0.4224730127576055 0.16470588235294117 0.020608439646712464
2 0.11352941176470588 0.4685966633954858 0.10941176470588235 0.014720314033366046
2 0.5058823529411764 0.4685966633954858 0.06352941176470588 0.014720314033366046
2 0.10882352941176471 0.5377821393523062 0.1 0.015701668302257114
4 0.24705882352941178 0.5446516192345436 0.023529411764705882 0.019627085377821395
2 0.29705882352941176 0.5372914622178606 0.052941176470588235 0.014720314033366046
4 0.4235294117647059 0.5446516192345436 0.023529411764705882 0.019627085377821395
2 0.46352941176470586 0.5372914622178606 0.03294117647058824 0.014720314033366046
1 0.2605882352941176 0.5976447497546614 0.40352941176470586 0.017664376840039256
2 0.6670588235294118 0.6481844946025516 0.15764705882352942 0.020608439646712464
1 0.6758823529411765 0.6712463199214916 0.1988235294117647 0.017664376840039256