0 0.5 0.053297199638663056 0.6423529411764706 0.016260162601626018
0 0.5 0.12511291779584463 0.24941176470588236 0.015356820234869015
2 0.11294117647058824 0.20776874435411022 0.10823529411764705 0.018066847335140017
2 0.08294117647058824 0.2529358626919603 0.04823529411764706 0.018066847335140017
2 0.4447058823529412 0.2506775067750677 0.06352941176470588 0.013550135501355014
3 0.5288235294117647 0.25338753387533874 0.06941176470588235 0.018970189701897018
2 0.1411764705882353 0.2985546522131888 0.16470588235294117 0.018970189701897018
3 0.2676470588235294 0.2962962962962963 0.052941176470588235 0.014453477868112014
2 0.5635294117647058 0.2985546522131888 0.06823529411764706 0.018970189701897018
3 0.6417647058823529 0.2962962962962963 0.052941176470588235 0.014453477868112014
2 0.1411764705882353 0.34372177055103886 0.16470588235294117 0.018970189701897018
2 0.5711764705882353 0.34146341463414637 0.08352941176470588 0.014453477868112014
3 0.6470588235294118 0.34146341463414637 0.03294117647058824 0.014453477868112014
2 0.11294117647058824 0.3884372177055104 0.10823529411764705 0.018066847335140017
2 0.10529411764705883 0.43360433604336046 0.09294117647058824 0.018066847335140017
2 0.5041176470588236 0.43360433604336046 0.09294117647058824 0.018066847335140017
3 0.59 0.43224932249322495 0.04352941176470588 0.015356820234869015
2 0.10882352941176471 0.4950316169828365 0.1 0.014453477868112014
5 0.24705882352941178 0.5013550135501355 0.023529411764705882 0.018066847335140017
2 0.29705882352941176 0.494579945799458 0.052941176470588235 0.013550135501355014
4 0.4235294117647059 0.5013550135501355 0.023529411764705882 0.018066847335140017
2 0.46352941176470586 0.494579945799458 0.03294117647058824 0.013550135501355014
1 0.2605882352941176 0.5501355013550135 0.40352941176470586 0.016260162601626018
2 0.6670588235294118 0.5966576332429991 0.15764705882352942 0.018970189701897018
1 0.6758823529411765 0.6178861788617886 0.1988235294117647 0.016260162601626018