0 0.5 0.053636363636363635 0.6423529411764706 0.016363636363636365
0 0.5 0.12590909090909091 0.24941176470588236 0.015454545454545455
2 0.11294117647058824 0.20909090909090908 0.10823529411764705 0.01818181818181818
3 0.21058823529411766 0.20772727272727273 0.05176470588235294 0.015454545454545455
2 0.09058823529411765 0.25227272727272726 0.06352941176470588 0.013636363636363636
2 0.08294117647058824 0.3 0.04823529411764706 0.01818181818181818
2 0.10058823529411764 0.34363636363636363 0.08352941176470588 0.014545454545454545
3 0.18176470588235294 0.3440909090909091 0.04352941176470588 0.015454545454545455
2 0.5029411764705882 0.3431818181818182 0.10941176470588235 0.013636363636363636
2 0.10529411764705883 0.39090909090909093 0.09294117647058824 0.01818181818181818
3 0.19117647058823528 0.38954545454545453 0.04352941176470588 0.015454545454545455
2 0.09294117647058824 0.4368181818181818 0.06823529411764706 0.019090909090909092
3 0.1588235294117647 0.435 0.02823529411764706 0.015454545454545455
2 0.47941176470588237 0.43636363636363634 0.09294117647058824 0.01818181818181818
2 0.10882352941176471 0.49818181818181817 0.1 0.014545454545454545
4 0.24705882352941178 0.5045454545454545 0.023529411764705882 0.01818181818181818
2 0.29705882352941176 0.49772727272727274 0.052941176470588235 0.013636363636363636
5 0.4235294117647059 0.5045454545454545 0.023529411764705882 0.01818181818181818
2 0.46352941176470586 0.49772727272727274 0.03294117647058824 0.013636363636363636
1 0.2605882352941176 0.5536363636363636 0.40352941176470586 0.016363636363636365
2 0.6670588235294118 0.6004545454545455 0.15764705882352942 0.019090909090909092
1 0.6758823529411765 0.6218181818181818 0.1988235294117647 0.016363636363636365