0 0.5 0.05349048050770626 0.6423529411764706 0.016319129646418858
0 0.5 0.1255666364460562 0.23294117647058823 0.015412511332728921
2 0.11294117647058824 0.2085222121486854 0.10823529411764705 0.01813236627379873
3 0.21529411764705883 0.20897552130553038 0.0611764705882353 0.019038984587488667
2 0.1411764705882353 0.2543064369900272 0.16470588235294117 0.019038984587488667
3 0.26705882352941174 0.25249320036264733 0.05176470588235294 0.015412511332728921
2 0.5711764705882353 0.25203989120580234 0.08352941176470588 0.014505893019038985
3 0.6611764705882353 0.2543064369900272 0.0611764705882353 0.019038984587488667
2 0.09058823529411765 0.2969174977334542 0.06352941176470588 0.013599274705349048
3 0.1564705882352941 0.2973708068902992 0.03294117647058824 0.014505893019038985
2 0.08294117647058824 0.3445149592021759 0.04823529411764706 0.01813236627379873
3 0.1411764705882353 0.34496826835902084 0.03294117647058824 0.019038984587488667
2 0.10882352941176471 0.40616500453309157 0.1 0.014505893019038985
5 0.24705882352941178 0.4125113327289211 0.023529411764705882 0.01813236627379873
2 0.29705882352941176 0.4057116953762466 0.052941176470588235 0.013599274705349048
4 0.4235294117647059 0.4125113327289211 0.023529411764705882 0.01813236627379873
2 0.46352941176470586 0.4057116953762466 0.03294117647058824 0.013599274705349048
1 0.2605882352941176 0.4614687216681777 0.40352941176470586 0.016319129646418858
2 0.6670588235294118 0.5081595648232095 0.15764705882352942 0.019038984587488667
1 0.6758823529411765 0.5294650951949229 0.1988235294117647 0.016319129646418858