0 0.5 0.05847373637264618 0.6423529411764706 0.017839444995044598
0 0.5 0.1377601585728444 0.28352941176470586 0.017839444995044598
2 0.08294117647058824 0.22794846382556988 0.04823529411764706 0.019821605550049554
3 0.15529411764705883 0.2284440039643211 0.0611764705882353 0.02081268582755203
2 0.4470588235294118 0.2284440039643211 0.06823529411764706 0.02081268582755203
3 0.5217647058823529 0.2259663032705649 0.04588235294117647 0.015857284440039643
2 0.08294117647058824 0.27750247770069375 0.04823529411764706 0.019821605550049554
3 0.1476470588235294 0.2755203171456888 0.04588235294117647 0.015857284440039643
2 0.10058823529411764 0.3250743310208127 0.08352941176470588 0.015857284440039643
3 0.18352941176470589 0.32755203171456887 0.047058823529411764 0.02081268582755203
2 0.5029411764705882 0.32457879088206143 0.10941176470588235 0.014866204162537165
3 0.66 0.3280475718533201 0.16941176470588235 0.02180376610505451
2 0.11352941176470588 0.37413280475718536 0.10941176470588235 0.014866204162537165
3 0.2776470588235294 0.37661050545094155 0.18352941176470589 0.019821605550049554
2 0.5158823529411765 0.37462834489593655 0.08352941176470588 0.015857284440039643
3 0.6058823529411764 0.37710604558969274 0.0611764705882353 0.02081268582755203
2 0.10529411764705883 0.4261645193260654 0.09294117647058824 0.019821605550049554
3 0.19176470588235295 0.42666005946481667 0.04470588235294118 0.02081268582755203
2 0.5117647058823529 0.4261645193260654 0.10823529411764705 0.019821605550049554
3 0.6035294117647059 0.42467789890981167 0.04 0.01684836471754212
2 0.10882352941176471 0.49355797819623387 0.1 0.015857284440039643
4 0.24705882352941178 0.5004955401387512 0.023529411764705882 0.019821605550049554
2 0.29705882352941176 0.4930624380574827 0.052941176470588235 0.014866204162537165
5 0.4235294117647059 0.5004955401387512 0.023529411764705882 0.019821605550049554
2 0.46352941176470586 0.4930624380574827 0.03294117647058824 0.014866204162537165
1 0.2605882352941176 0.554013875123885 0.40352941176470586 0.017839444995044598
2 0.6670588235294118 0.6050545094152626 0.15764705882352942 0.02081268582755203
1 0.6758823529411765 0.6283448959365708 0.1988235294117647 0.017839444995044598