0 0.5 0.05560791705937795 0.6423529411764706 0.016965127238454288
0 0.5 0.13100848256361922 0.28352941176470586 0.016965127238454288
2 0.10058823529411764 0.21489161168708765 0.08352941176470588 0.015080113100848256
3 0.19058823529411764 0.2172478793590952 0.0611764705882353 0.019792648444863337
2 0.11294117647058824 0.2639019792648445 0.10823529411764705 0.01885014137606032
3 0.21411764705882352 0.26248821866163996 0.058823529411764705 0.016022620169651274
2 0.09294117647058824 0.3114985862393968 0.06823529411764706 0.019792648444863337
3 0.16941176470588235 0.3091423185673893 0.04941176470588235 0.015080113100848256
2 0.45705882352941174 0.3110273327049953 0.04823529411764706 0.01885014137606032
3 0.5158823529411765 0.3091423185673893 0.03411764705882353 0.015080113100848256
2 0.11352941176470588 0.35579641847313853 0.10941176470588235 0.01413760603204524
3 0.2664705882352941 0.3586239396795476 0.16117647058823528 0.019792648444863337
2 0.5288235294117647 0.35579641847313853 0.10941176470588235 0.01413760603204524
3 0.6952941176470588 0.3590951932139491 0.18823529411764706 0.020735155513666354
2 0.10882352941176471 0.4222431668237512 0.1 0.015080113100848256
4 0.24705882352941178 0.4288407163053723 0.023529411764705882 0.01885014137606032
2 0.29705882352941176 0.42177191328934965 0.052941176470588235 0.01413760603204524
5 0.4235294117647059 0.4288407163053723 0.023529411764705882 0.01885014137606032
2 0.46352941176470586 0.42177191328934965 0.03294117647058824 0.01413760603204524
1 0.2605882352941176 0.47973609802073514 0.40352941176470586 0.016965127238454288
2 0.6670588235294118 0.5282752120640904 0.15764705882352942 0.019792648444863337
1 0.6758823529411765 0.5504241281809613 0.1988235294117647 0.016965127238454288