0 0.5 0.05086206896551724 0.6423529411764706 0.015517241379310345
0 0.5 0.11939655172413793 0.24941176470588236 0.014655172413793103
2 0.08294117647058824 0.19827586206896552 0.04823529411764706 0.017241379310344827
3 0.1476470588235294 0.19655172413793104 0.04588235294117647 0.013793103448275862
2 0.10529411764705883 0.2413793103448276 0.09294117647058824 0.017241379310344827
3 0.18588235294117647 0.2418103448275862 0.03294117647058824 0.01810344827586207
2 0.09294117647058824 0.2849137931034483 0.06823529411764706 0.01810344827586207
3 0.1588235294117647 0.2827586206896552 0.02823529411764706 0.013793103448275862
2 0.09294117647058824 0.3280172413793103 0.06823529411764706 0.01810344827586207
3 0.16823529411764707 0.3262931034482759 0.047058823529411764 0.014655172413793103
2 0.5152941176470588 0.3280172413793103 0.16470588235294117 0.01810344827586207
3 0.6352941176470588 0.3280172413793103 0.04 0.01810344827586207
2 0.09058823529411765 0.36853448275862066 0.06352941176470588 0.01293103448275862
3 0.17058823529411765 0.3711206896551724 0.0611764705882353 0.01810344827586207
2 0.09058823529411765 0.41163793103448276 0.06352941176470588 0.01293103448275862
3 0.17058823529411765 0.4125 0.0611764705882353 0.014655172413793103
2 0.10882352941176471 0.4724137931034483 0.1 0.013793103448275862
4 0.24705882352941178 0.47844827586206895 0.023529411764705882 0.017241379310344827
2 0.29705882352941176 0.47198275862068967 0.052941176470588235 0.01293103448275862
5 0.4235294117647059 0.47844827586206895 0.023529411764705882 0.017241379310344827
2 0.46352941176470586 0.47198275862068967 0.03294117647058824 0.01293103448275862
1 0.2605882352941176 0.525 0.40352941176470586 0.015517241379310345
2 0.6670588235294118 0.569396551724138 0.15764705882352942 0.01810344827586207
1 0.6758823529411765 0.5896551724137931 0.1988235294117647 0.015517241379310345