0 0.5 0.05853174603174603 0.6423529411764706 0.017857142857142856
0 0.5 0.1378968253968254 0.2647058823529412 0.017857142857142856
2 0.09058823529411765 0.22569444444444445 0.06352941176470588 0.01488095238095238
3 0.16411764705882353 0.2286706349206349 0.04823529411764706 0.020833333333333332
2 0.48294117647058826 0.22569444444444445 0.10941176470588235 0.01488095238095238
3 0.5970588235294118 0.2261904761904762 0.08352941176470588 0.015873015873015872
2 0.10529411764705883 0.2777777777777778 0.09294117647058824 0.01984126984126984
3 0.1935294117647059 0.2757936507936508 0.04823529411764706 0.015873015873015872
2 0.5041176470588236 0.2777777777777778 0.09294117647058824 0.01984126984126984
3 0.5852941176470589 0.2757936507936508 0.03411764705882353 0.015873015873015872
2 0.1411764705882353 0.32787698412698413 0.16470588235294117 0.020833333333333332
3 0.26529411764705885 0.3253968253968254 0.04823529411764706 0.015873015873015872
2 0.611764705882353 0.32787698412698413 0.16470588235294117 0.020833333333333332
3 0.7376470588235294 0.32589285714285715 0.05176470588235294 0.016865079365079364
2 0.10058823529411764 0.375 0.08352941176470588 0.015873015873015872
3 0.1952941176470588 0.3774801587301587 0.07058823529411765 0.020833333333333332
2 0.1411764705882353 0.4270833333333333 0.16470588235294117 0.020833333333333332
3 0.2605882352941176 0.42658730158730157 0.03882352941176471 0.01984126984126984
2 0.5841176470588235 0.42410714285714285 0.10941176470588235 0.01488095238095238
3 0.7305882352941176 0.4270833333333333 0.14823529411764705 0.020833333333333332
2 0.10882352941176471 0.49404761904761907 0.1 0.015873015873015872
5 0.24705882352941178 0.5009920634920635 0.023529411764705882 0.01984126984126984
2 0.29705882352941176 0.4935515873015873 0.052941176470588235 0.01488095238095238
4 0.4235294117647059 0.5009920634920635 0.023529411764705882 0.01984126984126984
2 0.46352941176470586 0.4935515873015873 0.03294117647058824 0.01488095238095238
1 0.2605882352941176 0.5545634920634921 0.40352941176470586 0.017857142857142856
2 0.6670588235294118 0.6056547619047619 0.15764705882352942 0.020833333333333332
1 0.6758823529411765 0.628968253968254 0.1988235294117647 0.017857142857142856