0 0.5 0.05073086844368014 0.6423529411764706 0.015477214101461736
0 0.5 0.11908856405846947 0.24941176470588236 0.014617368873602751
2 0.09058823529411765 0.19561478933791918 0.06352941176470588 0.012897678417884782
3 0.16 0.19647463456577816 0.04 0.014617368873602751
2 0.1411764705882353 0.2411865864144454 0.16470588235294117 0.018056749785038694
3 0.27058823529411763 0.2416165090283749 0.058823529411764705 0.018916595012897677
2 0.5711764705882353 0.23903697334479793 0.08352941176470588 0.013757523645743766
3 0.6552941176470588 0.23903697334479793 0.04941176470588235 0.013757523645743766
2 0.11294117647058824 0.2837489251934652 0.10823529411764705 0.017196904557179708
3 0.20470588235294118 0.2824591573516767 0.04 0.014617368873602751
2 0.09058823529411765 0.324591573516767 0.06352941176470588 0.012897678417884782
3 0.1564705882352941 0.3250214961306965 0.03294117647058824 0.013757523645743766
2 0.10882352941176471 0.38521066208082544 0.1 0.013757523645743766
4 0.24705882352941178 0.39122957867583835 0.023529411764705882 0.017196904557179708
2 0.29705882352941176 0.38478073946689595 0.052941176470588235 0.012897678417884782
5 0.4235294117647059 0.39122957867583835 0.023529411764705882 0.017196904557179708
2 0.46352941176470586 0.38478073946689595 0.03294117647058824 0.012897678417884782
1 0.2605882352941176 0.4376612209802236 0.40352941176470586 0.015477214101461736
2 0.6670588235294118 0.4819432502149613 0.15764705882352942 0.018056749785038694
1 0.6758823529411765 0.5021496130696474 0.1988235294117647 0.015477214101461736