0 0.5 0.053881278538812784 0.6423529411764706 0.01643835616438356
0 0.5 0.12648401826484018 0.23294117647058823 0.015525114155251141
2 0.09294117647058824 0.21050228310502284 0.06823529411764706 0.019178082191780823
3 0.1723529411764706 0.21050228310502284 0.05529411764705883 0.019178082191780823
2 0.4647058823529412 0.20776255707762556 0.06352941176470588 0.0136986301369863
3 0.538235294117647 0.20821917808219179 0.04823529411764706 0.014611872146118721
2 0.10058823529411764 0.25388127853881276 0.08352941176470588 0.014611872146118721
3 0.18235294117647058 0.25388127853881276 0.04470588235294118 0.014611872146118721
2 0.5029411764705882 0.2534246575342466 0.10941176470588235 0.0136986301369863
3 0.6464705882352941 0.254337899543379 0.1423529411764706 0.015525114155251141
2 0.11294117647058824 0.3013698630136986 0.10823529411764705 0.0182648401826484
3 0.21058823529411766 0.3 0.05176470588235294 0.015525114155251141
2 0.08294117647058824 0.3470319634703196 0.04823529411764706 0.0182648401826484
3 0.14470588235294118 0.345662100456621 0.04 0.015525114155251141
2 0.11294117647058824 0.3926940639269406 0.10823529411764705 0.0182648401826484
3 0.21941176470588236 0.39315068493150684 0.06941176470588235 0.019178082191780823
2 0.10058823529411764 0.4365296803652968 0.08352941176470588 0.014611872146118721
3 0.19705882352941176 0.4392694063926941 0.07411764705882352 0.02009132420091324
2 0.10882352941176471 0.5004566210045662 0.1 0.014611872146118721
4 0.24705882352941178 0.5068493150684932 0.023529411764705882 0.0182648401826484
2 0.29705882352941176 0.5 0.052941176470588235 0.0136986301369863
5 0.4235294117647059 0.5068493150684932 0.023529411764705882 0.0182648401826484
2 0.46352941176470586 0.5 0.03294117647058824 0.0136986301369863
1 0.2605882352941176 0.5561643835616439 0.40352941176470586 0.01643835616438356
2 0.6670588235294118 0.6031963470319635 0.15764705882352942 0.019178082191780823
1 0.6758823529411765 0.6246575342465753 0.1988235294117647 0.01643835616438356