0 0.5 0.05728155339805825 0.6423529411764706 0.017475728155339806
0 0.5 0.13495145631067962 0.2647058823529412 0.017475728155339806
2 0.10529411764705883 0.22330097087378642 0.09294117647058824 0.019417475728155338
3 0.1864705882352941 0.22135922330097088 0.03411764705882353 0.015533980582524271
2 0.10529411764705883 0.27184466019417475 0.09294117647058824 0.019417475728155338
3 0.1864705882352941 0.2713592233009709 0.03411764705882353 0.018446601941747572
2 0.09058823529411765 0.3179611650485437 0.06352941176470588 0.014563106796116505
3 0.1588235294117647 0.31844660194174756 0.03764705882352941 0.015533980582524271
2 0.5105882352941177 0.320873786407767 0.16470588235294117 0.020388349514563107
3 0.6247058823529412 0.31844660194174756 0.02823529411764706 0.015533980582524271
2 0.11352941176470588 0.36650485436893204 0.10941176470588235 0.014563106796116505
3 0.28058823529411764 0.3699029126213592 0.18941176470588236 0.021359223300970873
2 0.10882352941176471 0.4349514563106796 0.1 0.015533980582524271
5 0.24705882352941178 0.441747572815534 0.023529411764705882 0.019417475728155338
2 0.29705882352941176 0.4344660194174757 0.052941176470588235 0.014563106796116505
4 0.4235294117647059 0.441747572815534 0.023529411764705882 0.019417475728155338
2 0.46352941176470586 0.4344660194174757 0.03294117647058824 0.014563106796116505
1 0.2605882352941176 0.4941747572815534 0.40352941176470586 0.017475728155339806
2 0.6670588235294118 0.5441747572815534 0.15764705882352942 0.020388349514563107
1 0.6758823529411765 0.566990291262136 0.1988235294117647 0.017475728155339806