0 0.5 0.05789990186457311 0.6423529411764706 0.017664376840039256
0 0.5 0.1364082433758587 0.30470588235294116 0.017664376840039256
2 0.1411764705882353 0.22620215897939155 0.16470588235294117 0.020608439646712464
2 0.10529411764705883 0.2747791952894995 0.09294117647058824 0.019627085377821395
2 0.49941176470588233 0.2728164867517174 0.08352941176470588 0.015701668302257114
3 0.5752941176470588 0.275269872423945 0.03294117647058824 0.020608439646712464
2 0.11352941176470588 0.32139352306182534 0.10941176470588235 0.014720314033366046
3 0.23941176470588235 0.32433758586849853 0.10705882352941176 0.020608439646712464
2 0.11294117647058824 0.3729146221786065 0.10823529411764705 0.019627085377821395
3 0.2011764705882353 0.373405299313052 0.03294117647058824 0.020608439646712464
2 0.09294117647058824 0.4224730127576055 0.06823529411764706 0.020608439646712464
2 0.10882352941176471 0.4887144259077527 0.1 0.015701668302257114
5 0.24705882352941178 0.4955839057899902 0.023529411764705882 0.019627085377821395
2 0.29705882352941176 0.48822374877330715 0.052941176470588235 0.014720314033366046
4 0.4235294117647059 0.4955839057899902 0.023529411764705882 0.019627085377821395
2 0.46352941176470586 0.48822374877330715 0.03294117647058824 0.014720314033366046
1 0.2605882352941176 0.5485770363101079 0.40352941176470586 0.017664376840039256
2 0.6670588235294118 0.599116781157998 0.15764705882352942 0.020608439646712464
1 0.6758823529411765 0.6221786064769381 0.1988235294117647 0.017664376840039256