0 0.5 0.052772808586762074 0.6423529411764706 0.016100178890876567
0 0.5 0.12388193202146691 0.24941176470588236 0.01520572450805009
2 0.11352941176470588 0.20348837209302326 0.10941176470588235 0.013416815742397137
2 0.11352941176470588 0.24821109123434704 0.10941176470588235 0.013416815742397137
3 0.22705882352941176 0.24910554561717352 0.08235294117647059 0.01520572450805009
2 0.10058823529411764 0.29338103756708406 0.08352941176470588 0.014311270125223614
2 0.1411764705882353 0.34033989266547404 0.16470588235294117 0.018783542039355994
2 0.5535294117647059 0.33989266547406083 0.04823529411764706 0.017889087656529516
3 0.6258823529411764 0.34033989266547404 0.0611764705882353 0.018783542039355994
2 0.10882352941176471 0.4007155635062612 0.1 0.014311270125223614
5 0.24705882352941178 0.4069767441860465 0.023529411764705882 0.017889087656529516
2 0.29705882352941176 0.40026833631484793 0.052941176470588235 0.013416815742397137
4 0.4235294117647059 0.4069767441860465 0.023529411764705882 0.017889087656529516
2 0.46352941176470586 0.40026833631484793 0.03294117647058824 0.013416815742397137
1 0.2605882352941176 0.4552772808586762 0.40352941176470586 0.016100178890876567
2 0.6670588235294118 0.5013416815742398 0.15764705882352942 0.018783542039355994
1 0.6758823529411765 0.5223613595706619 0.1988235294117647 0.016100178890876567