0 0.5 0.052120141342756186 0.6423529411764706 0.015901060070671377
0 0.5 0.12279151943462897 0.28352941176470586 0.015901060070671377
2 0.10058823529411764 0.20141342756183744 0.08352941176470588 0.014134275618374558
3 0.17411764705882352 0.20141342756183744 0.02823529411764706 0.014134275618374558
2 0.5023529411764706 0.20318021201413428 0.10823529411764705 0.0176678445229682
3 0.6088235294117647 0.20362190812720848 0.06941176470588235 0.018551236749116608
2 0.10529411764705883 0.24734982332155478 0.09294117647058824 0.0176678445229682
3 0.18588235294117647 0.24558303886925795 0.03294117647058824 0.014134275618374558
2 0.1411764705882353 0.2919611307420495 0.16470588235294117 0.018551236749116608
3 0.2688235294117647 0.2919611307420495 0.05529411764705883 0.018551236749116608
2 0.08294117647058824 0.33568904593639576 0.04823529411764706 0.0176678445229682
3 0.16411764705882353 0.3365724381625442 0.07882352941176471 0.019434628975265017
2 0.08294117647058824 0.37985865724381623 0.04823529411764706 0.0176678445229682
3 0.1388235294117647 0.37809187279151946 0.02823529411764706 0.014134275618374558
2 0.10058823529411764 0.42226148409893993 0.08352941176470588 0.014134275618374558
3 0.19823529411764707 0.4249116607773852 0.07647058823529412 0.019434628975265017
2 0.4723529411764706 0.42402826855123676 0.04823529411764706 0.0176678445229682
3 0.5370588235294118 0.42226148409893993 0.04588235294117647 0.014134275618374558
2 0.10882352941176471 0.4840989399293286 0.1 0.014134275618374558
4 0.24705882352941178 0.4902826855123675 0.023529411764705882 0.0176678445229682
2 0.29705882352941176 0.4836572438162544 0.052941176470588235 0.013250883392226149
5 0.4235294117647059 0.4902826855123675 0.023529411764705882 0.0176678445229682
2 0.46352941176470586 0.4836572438162544 0.03294117647058824 0.013250883392226149
1 0.2605882352941176 0.5379858657243817 0.40352941176470586 0.015901060070671377
2 0.6670588235294118 0.5834805653710248 0.15764705882352942 0.018551236749116608
1 0.6758823529411765 0.6042402826855123 0.1988235294117647 0.015901060070671377