0 0.5 0.05462962962962963 0.6423529411764706 0.016666666666666666
0 0.5 0.12824074074074074 0.24941176470588236 0.01574074074074074
2 0.1411764705882353 0.21342592592592594 0.16470588235294117 0.019444444444444445
3 0.2676470588235294 0.2111111111111111 0.052941176470588235 0.014814814814814815
2 0.5711764705882353 0.2111111111111111 0.08352941176470588 0.014814814814814815
3 0.6658823529411765 0.21342592592592594 0.07058823529411765 0.019444444444444445
2 0.09058823529411765 0.2569444444444444 0.06352941176470588 0.013888888888888888
3 0.15705882352941178 0.2574074074074074 0.03411764705882353 0.014814814814814815
2 0.11352941176470588 0.30324074074074076 0.10941176470588235 0.013888888888888888
3 0.2752941176470588 0.3055555555555556 0.17882352941176471 0.018518518518518517
2 0.09058823529411765 0.34953703703703703 0.06352941176470588 0.013888888888888888
3 0.1564705882352941 0.3523148148148148 0.03294117647058824 0.019444444444444445
2 0.09294117647058824 0.39861111111111114 0.06823529411764706 0.019444444444444445
3 0.17058823529411765 0.39675925925925926 0.05176470588235294 0.01574074074074074
2 0.48764705882352943 0.3958333333333333 0.10941176470588235 0.013888888888888888
3 0.6388235294117647 0.3990740740740741 0.15764705882352942 0.020370370370370372
2 0.11352941176470588 0.44212962962962965 0.10941176470588235 0.013888888888888888
3 0.24294117647058824 0.44305555555555554 0.11411764705882353 0.01574074074074074
2 0.10882352941176471 0.5074074074074074 0.1 0.014814814814814815
5 0.24705882352941178 0.5138888888888888 0.023529411764705882 0.018518518518518517
2 0.29705882352941176 0.5069444444444444 0.052941176470588235 0.013888888888888888
4 0.4235294117647059 0.5138888888888888 0.023529411764705882 0.018518518518518517
2 0.46352941176470586 0.5069444444444444 0.03294117647058824 0.013888888888888888
1 0.2605882352941176 0.5638888888888889 0.40352941176470586 0.016666666666666666
2 0.6670588235294118 0.611574074074074 0.15764705882352942 0.019444444444444445
1 0.6758823529411765 0.6333333333333333 0.1988235294117647 0.016666666666666666