0 0.5 0.04928989139515455 0.6423529411764706 0.015037593984962405
0 0.5 0.1161236424394319 0.28352941176470586 0.015037593984962405
2 0.09058823529411765 0.19005847953216373 0.06352941176470588 0.012531328320802004
3 0.17058823529411765 0.19256474519632413 0.0611764705882353 0.017543859649122806
2 0.09058823529411765 0.23182957393483708 0.06352941176470588 0.012531328320802004
3 0.16117647058823528 0.2322472848788638 0.042352941176470586 0.013366750208855471
2 0.09058823529411765 0.27360066833751046 0.06352941176470588 0.012531328320802004
3 0.1564705882352941 0.27610693400167086 0.03294117647058824 0.017543859649122806
2 0.4747058823529412 0.2756892230576441 0.09294117647058824 0.01670843776106934
3 0.5782352941176471 0.27652464494569756 0.07882352941176471 0.018379281537176273
2 0.09294117647058824 0.3178780284043442 0.06823529411764706 0.017543859649122806
3 0.1676470588235294 0.3157894736842105 0.04588235294117647 0.013366750208855471
2 0.11352941176470588 0.35714285714285715 0.10941176470588235 0.012531328320802004
3 0.23941176470588235 0.35964912280701755 0.10705882352941176 0.017543859649122806
2 0.10529411764705883 0.40100250626566414 0.09294117647058824 0.01670843776106934
3 0.1935294117647059 0.4014202172096909 0.04823529411764706 0.017543859649122806
2 0.10882352941176471 0.4578111946532999 0.1 0.013366750208855471
5 0.24705882352941178 0.46365914786967416 0.023529411764705882 0.01670843776106934
2 0.29705882352941176 0.4573934837092732 0.052941176470588235 0.012531328320802004
4 0.4235294117647059 0.46365914786967416 0.023529411764705882 0.01670843776106934
2 0.46352941176470586 0.4573934837092732 0.03294117647058824 0.012531328320802004
1 0.2605882352941176 0.5087719298245614 0.40352941176470586 0.015037593984962405
2 0.6670588235294118 0.551796157059315 0.15764705882352942 0.017543859649122806
1 0.6758823529411765 0.5714285714285714 0.1988235294117647 0.015037593984962405