0 0.5 0.05422794117647059 0.6423529411764706 0.016544117647058824
0 0.5 0.12729779411764705 0.23294117647058823 0.015625
2 0.10529411764705883 0.2113970588235294 0.09294117647058824 0.01838235294117647
3 0.2 0.21185661764705882 0.0611764705882353 0.019301470588235295
2 0.10529411764705883 0.25735294117647056 0.09294117647058824 0.01838235294117647
3 0.18470588235294116 0.2555147058823529 0.03058823529411765 0.014705882352941176
2 0.10529411764705883 0.30330882352941174 0.09294117647058824 0.01838235294117647
3 0.1988235294117647 0.30193014705882354 0.058823529411764705 0.015625
2 0.09058823529411765 0.3469669117647059 0.06352941176470588 0.013786764705882353
3 0.16176470588235295 0.3478860294117647 0.04352941176470588 0.015625
2 0.48294117647058826 0.3469669117647059 0.10941176470588235 0.013786764705882353
3 0.6205882352941177 0.35202205882352944 0.13058823529411764 0.02389705882352941
2 0.09294117647058824 0.39568014705882354 0.06823529411764706 0.019301470588235295
3 0.17647058823529413 0.3947610294117647 0.06352941176470588 0.017463235294117647
2 0.10882352941176471 0.4577205882352941 0.1 0.014705882352941176
4 0.24705882352941178 0.4641544117647059 0.023529411764705882 0.01838235294117647
2 0.29705882352941176 0.4572610294117647 0.052941176470588235 0.013786764705882353
5 0.4235294117647059 0.4641544117647059 0.023529411764705882 0.01838235294117647
2 0.46352941176470586 0.4572610294117647 0.03294117647058824 0.013786764705882353
1 0.2605882352941176 0.5137867647058824 0.40352941176470586 0.016544117647058824
2 0.6670588235294118 0.5611213235294118 0.15764705882352942 0.019301470588235295
1 0.6758823529411765 0.5827205882352942 0.1988235294117647 0.016544117647058824