0 0.5 0.05225863596102746 0.6423529411764706 0.015943312666076175
0 0.5 0.12311780336581045 0.30470588235294116 0.015943312666076175
2 0.11294117647058824 0.20372010628875112 0.10823529411764705 0.01771479185119575
3 0.22 0.204162976085031 0.07058823529411765 0.018600531443755536
2 0.11352941176470588 0.245792736935341 0.10941176470588235 0.013286093888396812
3 0.2852941176470588 0.24889282550930025 0.1988235294117647 0.01948627103631532
2 0.11294117647058824 0.29229406554472986 0.10823529411764705 0.01771479185119575
3 0.2011764705882353 0.29273693534100975 0.03294117647058824 0.018600531443755536
2 0.11294117647058824 0.3365810451727192 0.10823529411764705 0.01771479185119575
3 0.20588235294117646 0.33525243578387953 0.042352941176470586 0.015057573073516387
2 0.5276470588235294 0.33436669619131976 0.10941176470588235 0.013286093888396812
3 0.6794117647058824 0.3365810451727192 0.1588235294117647 0.01771479185119575
2 0.11352941176470588 0.37865367581930914 0.10941176470588235 0.013286093888396812
3 0.22823529411764706 0.38131089459698847 0.08470588235294117 0.018600531443755536
2 0.5288235294117647 0.37865367581930914 0.10941176470588235 0.013286093888396812
3 0.6576470588235294 0.38131089459698847 0.11294117647058824 0.018600531443755536
2 0.09294117647058824 0.42559787422497786 0.06823529411764706 0.018600531443755536
3 0.1676470588235294 0.4247121346324181 0.04588235294117647 0.01682905225863596
2 0.10882352941176471 0.4853852967227635 0.1 0.0141718334809566
4 0.24705882352941178 0.491585473870682 0.023529411764705882 0.01771479185119575
2 0.29705882352941176 0.4849424269264836 0.052941176470588235 0.013286093888396812
5 0.4235294117647059 0.491585473870682 0.023529411764705882 0.01771479185119575
2 0.46352941176470586 0.4849424269264836 0.03294117647058824 0.013286093888396812
1 0.2605882352941176 0.5394154118689105 0.40352941176470586 0.015943312666076175
2 0.6670588235294118 0.5850310008857396 0.15764705882352942 0.018600531443755536
1 0.6758823529411765 0.6058458813108946 0.1988235294117647 0.015943312666076175