0 0.5 0.05488372093023256 0.6423529411764706 0.01674418604651163
0 0.5 0.12930232558139534 0.30470588235294116 0.01674418604651163
2 0.09058823529411765 0.2116279069767442 0.06352941176470588 0.013953488372093023
2 0.47 0.21209302325581394 0.08352941176470588 0.014883720930232559
2 0.10529411764705883 0.26046511627906976 0.09294117647058824 0.018604651162790697
2 0.11352941176470588 0.30465116279069765 0.10941176470588235 0.013953488372093023
2 0.10058823529411764 0.3516279069767442 0.08352941176470588 0.014883720930232559
2 0.1411764705882353 0.4004651162790698 0.16470588235294117 0.01953488372093023
2 0.10882352941176471 0.46325581395348836 0.1 0.014883720930232559
4 0.24705882352941178 0.4697674418604651 0.023529411764705882 0.018604651162790697
2 0.29705882352941176 0.4627906976744186 0.052941176470588235 0.013953488372093023
4 0.4235294117647059 0.4697674418604651 0.023529411764705882 0.018604651162790697
2 0.46352941176470586 0.4627906976744186 0.03294117647058824 0.013953488372093023
1 0.2605882352941176 0.52 0.40352941176470586 0.01674418604651163
2 0.6670588235294118 0.567906976744186 0.15764705882352942 0.01953488372093023
1 0.6758823529411765 0.5897674418604651 0.1988235294117647 0.01674418604651163