0 0.5 0.05432780847145488 0.6423529411764706 0.016574585635359115
0 0.5 0.1279926335174954 0.28352941176470586 0.016574585635359115
2 0.08294117647058824 0.21178637200736647 0.04823529411764706 0.01841620626151013
3 0.16 0.214548802946593 0.07058823529411765 0.02394106813996317
2 0.10529411764705883 0.2578268876611418 0.09294117647058824 0.01841620626151013
3 0.1864705882352941 0.2559852670349908 0.03411764705882353 0.014732965009208104
2 0.48176470588235293 0.2578268876611418 0.04823529411764706 0.01841620626151013
3 0.5476470588235294 0.25828729281767954 0.04823529411764706 0.019337016574585635
2 0.11294117647058824 0.30386740331491713 0.10823529411764705 0.01841620626151013
3 0.1988235294117647 0.3020257826887661 0.02823529411764706 0.014732965009208104
2 0.09058823529411765 0.34760589318600366 0.06352941176470588 0.013812154696132596
3 0.1564705882352941 0.3503683241252302 0.03294117647058824 0.019337016574585635
2 0.10882352941176471 0.4125230202578269 0.1 0.014732965009208104
4 0.24705882352941178 0.4189686924493554 0.023529411764705882 0.01841620626151013
2 0.29705882352941176 0.4120626151012891 0.052941176470588235 0.013812154696132596
5 0.4235294117647059 0.4189686924493554 0.023529411764705882 0.01841620626151013
2 0.46352941176470586 0.4120626151012891 0.03294117647058824 0.013812154696132596
1 0.2605882352941176 0.4686924493554328 0.40352941176470586 0.016574585635359115
2 0.6670588235294118 0.5161141804788214 0.15764705882352942 0.019337016574585635
1 0.6758823529411765 0.5377532228360957 0.1988235294117647 0.016574585635359115