0 0.5 0.049372384937238493 0.6423529411764706 0.01506276150627615
0 0.5 0.11631799163179916 0.28352941176470586 0.01506276150627615
2 0.11352941176470588 0.1903765690376569 0.10941176470588235 0.012552301255230125
2 0.11352941176470588 0.23221757322175732 0.10941176470588235 0.012552301255230125
3 0.24705882352941178 0.23472803347280335 0.1223529411764706 0.017573221757322177
2 0.1411764705882353 0.27656903765690377 0.16470588235294117 0.017573221757322177
3 0.2641176470588235 0.2744769874476987 0.04588235294117647 0.013389121338912133
2 0.5758823529411765 0.27615062761506276 0.09294117647058824 0.016736401673640166
3 0.6617647058823529 0.27489539748953973 0.04352941176470588 0.014225941422594143
2 0.11294117647058824 0.3179916317991632 0.10823529411764705 0.016736401673640166
3 0.1988235294117647 0.3163179916317992 0.02823529411764706 0.013389121338912133
2 0.10058823529411764 0.3581589958158996 0.08352941176470588 0.013389121338912133
3 0.18 0.3602510460251046 0.04 0.017573221757322177
2 0.10058823529411764 0.4 0.08352941176470588 0.013389121338912133
2 0.10882352941176471 0.4585774058577406 0.1 0.013389121338912133
4 0.24705882352941178 0.46443514644351463 0.023529411764705882 0.016736401673640166
2 0.29705882352941176 0.4581589958158996 0.052941176470588235 0.012552301255230125
5 0.4235294117647059 0.46443514644351463 0.023529411764705882 0.016736401673640166
2 0.46352941176470586 0.4581589958158996 0.03294117647058824 0.012552301255230125
1 0.2605882352941176 0.5096234309623431 0.40352941176470586 0.01506276150627615
2 0.6670588235294118 0.5527196652719665 0.15764705882352942 0.017573221757322177
1 0.6758823529411765 0.5723849372384937 0.1988235294117647 0.01506276150627615