0 0.5 0.05086206896551724 0.6423529411764706 0.015517241379310345
0 0.5 0.11982758620689656 0.28352941176470586 0.015517241379310345
2 0.09058823529411765 0.1961206896551724 0.06352941176470588 0.01293103448275862
2 0.10529411764705883 0.2413793103448276 0.09294117647058824 0.017241379310344827
2 0.11294117647058824 0.28448275862068967 0.10823529411764705 0.017241379310344827
2 0.5552941176470588 0.2849137931034483 0.16470588235294117 0.01810344827586207
2 0.10058823529411764 0.3258620689655172 0.08352941176470588 0.013793103448275862
2 0.10882352941176471 0.38620689655172413 0.1 0.013793103448275862
4 0.24705882352941178 0.3922413793103448 0.023529411764705882 0.017241379310344827
2 0.29705882352941176 0.3857758620689655 0.052941176470588235 0.01293103448275862
4 0.4235294117647059 0.3922413793103448 0.023529411764705882 0.017241379310344827
2 0.46352941176470586 0.3857758620689655 0.03294117647058824 0.01293103448275862
1 0.2605882352941176 0.4387931034482759 0.40352941176470586 0.015517241379310345
2 0.6670588235294118 0.4831896551724138 0.15764705882352942 0.01810344827586207
1 0.6758823529411765 0.503448275862069 0.1988235294117647 0.015517241379310345