0 0.5 0.05662188099808062 0.6423529411764706 0.01727447216890595
0 0.5 0.13339731285988485 0.28352941176470586 0.01727447216890595
2 0.1411764705882353 0.22120921305182342 0.16470588235294117 0.02015355086372361
2 0.10529411764705883 0.2687140115163148 0.09294117647058824 0.019193857965451054
3 0.19294117647058823 0.26727447216890593 0.047058823529411764 0.016314779270633396
2 0.09294117647058824 0.31717850287907867 0.06823529411764706 0.02015355086372361
2 0.09058823529411765 0.3622840690978887 0.06352941176470588 0.014395393474088292
2 0.11294117647058824 0.4126679462571977 0.10823529411764705 0.019193857965451054
3 0.21529411764705883 0.41314779270633395 0.0611764705882353 0.02015355086372361
2 0.11294117647058824 0.46065259117082535 0.10823529411764705 0.019193857965451054
2 0.10882352941176471 0.525911708253359 0.1 0.015355086372360844
5 0.24705882352941178 0.5326295585412668 0.023529411764705882 0.019193857965451054
2 0.29705882352941176 0.5254318618042226 0.052941176470588235 0.014395393474088292
4 0.4235294117647059 0.5326295585412668 0.023529411764705882 0.019193857965451054
2 0.46352941176470586 0.5254318618042226 0.03294117647058824 0.014395393474088292
1 0.2605882352941176 0.5844529750479847 0.40352941176470586 0.01727447216890595
2 0.6670588235294118 0.6338771593090211 0.15764705882352942 0.02015355086372361
1 0.6758823529411765 0.6564299424184261 0.1988235294117647 0.01727447216890595