0 0.5 0.049789029535864976 0.6423529411764706 0.015189873417721518
0 0.5 0.11729957805907174 0.30470588235294116 0.015189873417721518
2 0.11294117647058824 0.1940928270042194 0.10823529411764705 0.016877637130801686
3 0.20823529411764705 0.19451476793248945 0.047058823529411764 0.017721518987341773
2 0.08294117647058824 0.23628691983122363 0.04823529411764706 0.016877637130801686
3 0.1411764705882353 0.23459915611814347 0.03294117647058824 0.01350210970464135
2 0.11352941176470588 0.27637130801687765 0.10941176470588235 0.012658227848101266
3 0.3058823529411765 0.27932489451476794 0.24 0.018565400843881856
2 0.1411764705882353 0.3210970464135021 0.16470588235294117 0.017721518987341773
3 0.2576470588235294 0.3210970464135021 0.03294117647058824 0.017721518987341773
2 0.5635294117647058 0.3210970464135021 0.06823529411764706 0.017721518987341773
3 0.6417647058823529 0.3189873417721519 0.052941176470588235 0.01350210970464135
2 0.10882352941176471 0.3780590717299578 0.1 0.01350210970464135
4 0.24705882352941178 0.38396624472573837 0.023529411764705882 0.016877637130801686
2 0.29705882352941176 0.37763713080168776 0.052941176470588235 0.012658227848101266
5 0.4235294117647059 0.38396624472573837 0.023529411764705882 0.016877637130801686
2 0.46352941176470586 0.37763713080168776 0.03294117647058824 0.012658227848101266
1 0.2605882352941176 0.42953586497890295 0.40352941176470586 0.015189873417721518
2 0.6670588235294118 0.4729957805907173 0.15764705882352942 0.017721518987341773
1 0.6758823529411765 0.4928270042194093 0.1988235294117647 0.015189873417721518