0 0.5 0.05841584158415842 0.6423529411764706 0.01782178217821782
0 0.5 0.13712871287128714 0.23294117647058823 0.016831683168316833
2 0.10058823529411764 0.22574257425742575 0.08352941176470588 0.015841584158415842
3 0.1811764705882353 0.22574257425742575 0.042352941176470586 0.015841584158415842
2 0.11352941176470588 0.2747524752475248 0.10941176470588235 0.01485148514851485
3 0.2952941176470588 0.2801980198019802 0.2188235294117647 0.02574257425742574
2 0.10058823529411764 0.32475247524752476 0.08352941176470588 0.015841584158415842
2 0.5029411764705882 0.32425742574257427 0.10941176470588235 0.01485148514851485
2 0.09058823529411765 0.37376237623762376 0.06352941176470588 0.01485148514851485
3 0.17529411764705882 0.3792079207920792 0.07058823529411765 0.02574257425742574
2 0.10058823529411764 0.42376237623762375 0.08352941176470588 0.015841584158415842
3 0.18352941176470589 0.4262376237623762 0.047058823529411764 0.020792079207920793
2 0.4823529411764706 0.4262376237623762 0.06823529411764706 0.020792079207920793
2 0.09294117647058824 0.4757425742574257 0.06823529411764706 0.020792079207920793
3 0.18294117647058825 0.4762376237623762 0.07647058823529412 0.02178217821782178
2 0.10882352941176471 0.5425742574257426 0.1 0.015841584158415842
5 0.24705882352941178 0.5495049504950495 0.023529411764705882 0.019801980198019802
2 0.29705882352941176 0.5420792079207921 0.052941176470588235 0.01485148514851485
4 0.4235294117647059 0.5495049504950495 0.023529411764705882 0.019801980198019802
2 0.46352941176470586 0.5420792079207921 0.03294117647058824 0.01485148514851485
1 0.2605882352941176 0.602970297029703 0.40352941176470586 0.01782178217821782
2 0.6670588235294118 0.653960396039604 0.15764705882352942 0.020792079207920793
1 0.6758823529411765 0.6772277227722773 0.1988235294117647 0.01782178217821782