0 0.5 0.0496215306980656 0.6423529411764706 0.015138772077375946
0 0.5 0.11690496215306981 0.28352941176470586 0.015138772077375946
2 0.10058823529411764 0.191757779646762 0.08352941176470588 0.01345668629100084
3 0.17647058823529413 0.19386038687973087 0.03294117647058824 0.017661900756938603
2 0.5029411764705882 0.1913372582001682 0.10941176470588235 0.012615643397813289
2 0.11294117647058824 0.23549201009251472 0.10823529411764705 0.01682085786375105
2 0.5270588235294118 0.23549201009251472 0.10823529411764705 0.01682085786375105
2 0.1411764705882353 0.27796467619848614 0.16470588235294117 0.017661900756938603
3 0.27647058823529413 0.27796467619848614 0.07058823529411765 0.017661900756938603
2 0.10529411764705883 0.31959629941127 0.09294117647058824 0.01682085786375105
3 0.1923529411764706 0.3191757779646762 0.04588235294117647 0.0159798149705635
2 0.1411764705882353 0.3620689655172414 0.16470588235294117 0.017661900756938603
2 0.10882352941176471 0.4188393608074012 0.1 0.01345668629100084
5 0.24705882352941178 0.4247266610597141 0.023529411764705882 0.01682085786375105
2 0.29705882352941176 0.4184188393608074 0.052941176470588235 0.012615643397813289
4 0.4235294117647059 0.4247266610597141 0.023529411764705882 0.01682085786375105
2 0.46352941176470586 0.4184188393608074 0.03294117647058824 0.012615643397813289
1 0.2605882352941176 0.4701429772918419 0.40352941176470586 0.015138772077375946
2 0.6670588235294118 0.5134566862910008 0.15764705882352942 0.017661900756938603
1 0.6758823529411765 0.5332211942809083 0.1988235294117647 0.015138772077375946