0 0.5 0.04983108108108108 0.6423529411764706 0.015202702702702704
0 0.5 0.11739864864864864 0.28352941176470586 0.015202702702702704
2 0.11352941176470588 0.19214527027027026 0.10941176470588235 0.01266891891891892
2 0.10058823529411764 0.23479729729729729 0.08352941176470588 0.013513513513513514
2 0.49 0.23479729729729729 0.08352941176470588 0.013513513513513514
2 0.1411764705882353 0.2791385135135135 0.16470588235294117 0.017736486486486486
2 0.5835294117647059 0.27871621621621623 0.10823529411764705 0.016891891891891893
2 0.08294117647058824 0.32094594594594594 0.04823529411764706 0.016891891891891893
2 0.4547058823529412 0.31925675675675674 0.08352941176470588 0.013513513513513514
2 0.10529411764705883 0.36317567567567566 0.09294117647058824 0.016891891891891893
2 0.10882352941176471 0.4206081081081081 0.1 0.013513513513513514
4 0.24705882352941178 0.4265202702702703 0.023529411764705882 0.016891891891891893
2 0.29705882352941176 0.4201858108108108 0.052941176470588235 0.01266891891891892
4 0.4235294117647059 0.4265202702702703 0.023529411764705882 0.016891891891891893
2 0.46352941176470586 0.4201858108108108 0.03294117647058824 0.01266891891891892
1 0.2605882352941176 0.4721283783783784 0.40352941176470586 0.015202702702702704
2 0.6670588235294118 0.515625 0.15764705882352942 0.017736486486486486
1 0.6758823529411765 0.535472972972973 0.1988235294117647 0.015202702702702704