0 0.5 0.05689488910318226 0.6423529411764706 0.017357762777242044
0 0.5 0.13404050144648022 0.2647058823529412 0.017357762777242044
2 0.11352941176470588 0.21938283510125361 0.10941176470588235 0.01446480231436837
3 0.28294117647058825 0.2227579556412729 0.19411764705882353 0.021215043394406944
2 0.09294117647058824 0.27049180327868855 0.06823529411764706 0.020250723240115717
3 0.1711764705882353 0.26808100289296044 0.052941176470588235 0.015429122468659595
2 0.10058823529411764 0.3162970106075217 0.08352941176470588 0.015429122468659595
3 0.19117647058823528 0.31870781099324974 0.06235294117647059 0.020250723240115717
2 0.09058823529411765 0.3640308582449373 0.06352941176470588 0.01446480231436837
3 0.1564705882352941 0.366923818707811 0.03294117647058824 0.020250723240115717
2 0.4623529411764706 0.366923818707811 0.06823529411764706 0.020250723240115717
3 0.5447058823529412 0.366923818707811 0.0611764705882353 0.020250723240115717
2 0.10882352941176471 0.43201542912246865 0.1 0.015429122468659595
5 0.24705882352941178 0.43876567020250723 0.023529411764705882 0.019286403085824494
2 0.29705882352941176 0.431533269045323 0.052941176470588235 0.01446480231436837
4 0.4235294117647059 0.43876567020250723 0.023529411764705882 0.019286403085824494
2 0.46352941176470586 0.431533269045323 0.03294117647058824 0.01446480231436837
1 0.2605882352941176 0.49083895853423337 0.40352941176470586 0.017357762777242044
2 0.6670588235294118 0.5405014464802315 0.15764705882352942 0.020250723240115717
1 0.6758823529411765 0.5631629701060752 0.1988235294117647 0.017357762777242044