0 0.5 0.05099394987035436 0.6423529411764706 0.015557476231633534
0 0.5 0.12013828867761452 0.28352941176470586 0.015557476231633534
2 0.09058823529411765 0.19662921348314608 0.06352941176470588 0.01296456352636128
3 0.17058823529411765 0.19922212618841834 0.0611764705882353 0.018150388936905792
2 0.4623529411764706 0.19922212618841834 0.06823529411764706 0.018150388936905792
3 0.5488235294117647 0.19922212618841834 0.06941176470588235 0.018150388936905792
2 0.08294117647058824 0.24200518582541056 0.04823529411764706 0.01728608470181504
2 0.4676470588235294 0.23984442523768368 0.10941176470588235 0.01296456352636128
2 0.09058823529411765 0.28305963699222125 0.06352941176470588 0.01296456352636128
3 0.16588235294117648 0.283923941227312 0.05176470588235294 0.014693171996542784
2 0.45235294117647057 0.28522039757994816 0.04823529411764706 0.01728608470181504
2 0.1411764705882353 0.3288677614520311 0.16470588235294117 0.018150388936905792
2 0.5835294117647059 0.32843560933448573 0.10823529411764705 0.01728608470181504
3 0.6717647058823529 0.3288677614520311 0.03294117647058824 0.018150388936905792
2 0.1411764705882353 0.3720829732065687 0.16470588235294117 0.018150388936905792
2 0.10882352941176471 0.43042350907519444 0.1 0.013828867761452032
4 0.24705882352941178 0.4364736387208297 0.023529411764705882 0.01728608470181504
2 0.29705882352941176 0.4299913569576491 0.052941176470588235 0.01296456352636128
5 0.4235294117647059 0.4364736387208297 0.023529411764705882 0.01728608470181504
2 0.46352941176470586 0.4299913569576491 0.03294117647058824 0.01296456352636128
1 0.2605882352941176 0.48314606741573035 0.40352941176470586 0.015557476231633534
2 0.6670588235294118 0.5276577355229041 0.15764705882352942 0.018150388936905792
1 0.6758823529411765 0.5479688850475367 0.1988235294117647 0.015557476231633534