0 0.5 0.05353901996370236 0.6423529411764706 0.016333938294010888
0 0.5 0.12613430127041741 0.28352941176470586 0.016333938294010888
2 0.11294117647058824 0.20871143375680581 0.10823529411764705 0.018148820326678767
3 0.20529411764705882 0.2073502722323049 0.041176470588235294 0.015426497277676952
2 0.09058823529411765 0.2518148820326679 0.06352941176470588 0.013611615245009074
3 0.1635294117647059 0.2545372050816697 0.047058823529411764 0.019056261343012703
2 0.1411764705882353 0.2999092558983666 0.16470588235294117 0.019056261343012703
3 0.2611764705882353 0.2980943738656987 0.04 0.015426497277676952
2 0.5635294117647058 0.2999092558983666 0.06823529411764706 0.019056261343012703
3 0.6317647058823529 0.2999092558983666 0.03294117647058824 0.019056261343012703
2 0.08294117647058824 0.3448275862068966 0.04823529411764706 0.018148820326678767
3 0.14823529411764705 0.3452813067150635 0.047058823529411764 0.019056261343012703
2 0.1411764705882353 0.39065335753176045 0.16470588235294117 0.019056261343012703
3 0.26529411764705885 0.38838475499092556 0.04823529411764706 0.014519056261343012
2 0.10882352941176471 0.4519056261343013 0.1 0.014519056261343012
4 0.24705882352941178 0.45825771324863884 0.023529411764705882 0.018148820326678767
2 0.29705882352941176 0.4514519056261343 0.052941176470588235 0.013611615245009074
5 0.4235294117647059 0.45825771324863884 0.023529411764705882 0.018148820326678767
2 0.46352941176470586 0.4514519056261343 0.03294117647058824 0.013611615245009074
1 0.2605882352941176 0.5072595281306715 0.40352941176470586 0.016333938294010888
2 0.6670588235294118 0.5539927404718693 0.15764705882352942 0.019056261343012703
1 0.6758823529411765 0.5753176043557169 0.1988235294117647 0.016333938294010888