0 0.5 0.05253784505788068 0.6423529411764706 0.016028495102404273
0 0.5 0.12377560106856635 0.2647058823529412 0.016028495102404273
2 0.10529411764705883 0.20480854853072128 0.09294117647058824 0.017809439002671415
3 0.1864705882352941 0.20302760463045413 0.03411764705882353 0.014247551202137132
2 0.08294117647058824 0.2493321460373998 0.04823529411764706 0.017809439002671415
3 0.15235294117647058 0.2497773820124666 0.05529411764705883 0.018699910952804988
2 0.09294117647058824 0.29430097951914513 0.06823529411764706 0.018699910952804988
3 0.17647058823529413 0.2934105075690116 0.06352941176470588 0.016918967052537846
2 0.09294117647058824 0.3388245770258237 0.06823529411764706 0.018699910952804988
3 0.18176470588235294 0.3392698130008905 0.07411764705882352 0.019590382902938557
2 0.11294117647058824 0.38290293855743546 0.10823529411764705 0.017809439002671415
3 0.20823529411764705 0.3811219946571683 0.047058823529411764 0.014247551202137132
2 0.10882352941176471 0.44345503116651824 0.1 0.014247551202137132
4 0.24705882352941178 0.44968833481745324 0.023529411764705882 0.017809439002671415
2 0.29705882352941176 0.44300979519145145 0.052941176470588235 0.013357079252003561
5 0.4235294117647059 0.44968833481745324 0.023529411764705882 0.017809439002671415
2 0.46352941176470586 0.44300979519145145 0.03294117647058824 0.013357079252003561
1 0.2605882352941176 0.4977738201246661 0.40352941176470586 0.016028495102404273
2 0.6670588235294118 0.543633125556545 0.15764705882352942 0.018699910952804988
1 0.6758823529411765 0.5645592163846839 0.1988235294117647 0.016028495102404273