0 0.5 0.05117085862966175 0.6423529411764706 0.015611448395490026
0 0.5 0.12055507372072853 0.28352941176470586 0.015611448395490026
2 0.10058823529411764 0.19774501300954034 0.08352941176470588 0.013876843018213356
2 0.49 0.19774501300954034 0.08352941176470588 0.013876843018213356
2 0.09294117647058824 0.2432784041630529 0.06823529411764706 0.01821335646140503
2 0.48705882352941177 0.24284475281873374 0.10823529411764705 0.017346053772766695
2 0.11352941176470588 0.2840416305290546 0.10941176470588235 0.013009540329575022
2 0.11352941176470588 0.3274067649609714 0.10941176470588235 0.013009540329575022
2 0.10882352941176471 0.388551604509974 0.1 0.013876843018213356
4 0.24705882352941178 0.39462272333044235 0.023529411764705882 0.017346053772766695
2 0.29705882352941176 0.38811795316565484 0.052941176470588235 0.013009540329575022
4 0.4235294117647059 0.39462272333044235 0.023529411764705882 0.017346053772766695
2 0.46352941176470586 0.38811795316565484 0.03294117647058824 0.013009540329575022
1 0.2605882352941176 0.4414570685169124 0.40352941176470586 0.015611448395490026
2 0.6670588235294118 0.48612315698178665 0.15764705882352942 0.01821335646140503
1 0.6758823529411765 0.5065047701647876 0.1988235294117647 0.015611448395490026