0 0.5 0.05651340996168582 0.6423529411764706 0.017241379310344827
0 0.5 0.13266283524904215 0.23294117647058823 0.016283524904214558
2 0.10529411764705883 0.22030651340996169 0.09294117647058824 0.019157088122605363
3 0.18941176470588236 0.22078544061302682 0.04 0.020114942528735632
2 0.11294117647058824 0.2681992337164751 0.10823529411764705 0.019157088122605363
2 0.09058823529411765 0.3136973180076628 0.06352941176470588 0.014367816091954023
3 0.16 0.3146551724137931 0.04 0.016283524904214558
2 0.47 0.31417624521072796 0.08352941176470588 0.01532567049808429
2 0.09058823529411765 0.36159003831417624 0.06352941176470588 0.014367816091954023
3 0.17058823529411765 0.36446360153256707 0.0611764705882353 0.020114942528735632
2 0.11352941176470588 0.40948275862068967 0.10941176470588235 0.014367816091954023
2 0.5158823529411765 0.4099616858237548 0.08352941176470588 0.01532567049808429
2 0.10882352941176471 0.47701149425287354 0.1 0.01532567049808429
5 0.24705882352941178 0.4837164750957854 0.023529411764705882 0.019157088122605363
2 0.29705882352941176 0.47653256704980845 0.052941176470588235 0.014367816091954023
4 0.4235294117647059 0.4837164750957854 0.023529411764705882 0.019157088122605363
2 0.46352941176470586 0.47653256704980845 0.03294117647058824 0.014367816091954023
1 0.2605882352941176 0.5354406130268199 0.40352941176470586 0.017241379310344827
2 0.6670588235294118 0.5847701149425287 0.15764705882352942 0.020114942528735632
1 0.6758823529411765 0.60727969348659 0.1988235294117647 0.017241379310344827