0 0.5 0.05468025949953661 0.6423529411764706 0.016682113067655237
0 0.5 0.1283595922150139 0.23294117647058823 0.015755329008341055
2 0.11352941176470588 0.21084337349397592 0.10941176470588235 0.013901760889712697
2 0.49823529411764705 0.21316033364226136 0.04823529411764706 0.018535681186283594
2 0.11294117647058824 0.2594995366079703 0.10823529411764705 0.018535681186283594
2 0.08294117647058824 0.30583873957367935 0.04823529411764706 0.018535681186283594
2 0.10058823529411764 0.35032437442076 0.08352941176470588 0.014828544949026877
2 0.11294117647058824 0.3985171455050973 0.10823529411764705 0.018535681186283594
2 0.10882352941176471 0.46153846153846156 0.1 0.014828544949026877
4 0.24705882352941178 0.4680259499536608 0.023529411764705882 0.018535681186283594
2 0.29705882352941176 0.46107506950880445 0.052941176470588235 0.013901760889712697
4 0.4235294117647059 0.4680259499536608 0.023529411764705882 0.018535681186283594
2 0.46352941176470586 0.46107506950880445 0.03294117647058824 0.013901760889712697
1 0.2605882352941176 0.5180722891566265 0.40352941176470586 0.016682113067655237
2 0.6670588235294118 0.5658016682113067 0.15764705882352942 0.019462465245597776
1 0.6758823529411765 0.58758109360519 0.1988235294117647 0.016682113067655237