0 0.5 0.052444444444444446 0.6423529411764706 0.016
0 0.5 0.12311111111111112 0.23294117647058823 0.015111111111111112
2 0.1411764705882353 0.2048888888888889 0.16470588235294117 0.018666666666666668
3 0.25823529411764706 0.20266666666666666 0.03411764705882353 0.014222222222222223
2 0.10058823529411764 0.24711111111111111 0.08352941176470588 0.014222222222222223
2 0.10529411764705883 0.29333333333333333 0.09294117647058824 0.017777777777777778
3 0.18352941176470589 0.29155555555555557 0.02823529411764706 0.014222222222222223
2 0.1411764705882353 0.3382222222222222 0.16470588235294117 0.018666666666666668
3 0.26705882352941174 0.33644444444444443 0.05176470588235294 0.015111111111111112
2 0.10882352941176471 0.3982222222222222 0.1 0.014222222222222223
5 0.24705882352941178 0.40444444444444444 0.023529411764705882 0.017777777777777778
2 0.29705882352941176 0.3977777777777778 0.052941176470588235 0.013333333333333334
4 0.4235294117647059 0.40444444444444444 0.023529411764705882 0.017777777777777778
2 0.46352941176470586 0.3977777777777778 0.03294117647058824 0.013333333333333334
1 0.2605882352941176 0.4524444444444444 0.40352941176470586 0.016
2 0.6670588235294118 0.49822222222222223 0.15764705882352942 0.018666666666666668
1 0.6758823529411765 0.5191111111111111 0.1988235294117647 0.016