0 0.5 0.050341296928327645 0.6423529411764706 0.015358361774744027
0 0.5 0.11860068259385666 0.2647058823529412 0.015358361774744027
2 0.1411764705882353 0.19667235494880547 0.16470588235294117 0.017918088737201365
3 0.2641176470588235 0.1945392491467577 0.04588235294117647 0.013651877133105802
2 0.11294117647058824 0.23890784982935154 0.10823529411764705 0.017064846416382253
3 0.21588235294117647 0.2393344709897611 0.06235294117647059 0.017918088737201365
2 0.11352941176470588 0.2794368600682594 0.10941176470588235 0.012798634812286689
3 0.26705882352941174 0.2819965870307167 0.1623529411764706 0.017918088737201365
2 0.10529411764705883 0.3242320819112628 0.09294117647058824 0.017064846416382253
3 0.19705882352941176 0.3246587030716723 0.05529411764705883 0.017918088737201365
2 0.08294117647058824 0.36689419795221845 0.04823529411764706 0.017064846416382253
3 0.1411764705882353 0.367320819112628 0.03294117647058824 0.017918088737201365
2 0.4676470588235294 0.36476109215017066 0.10941176470588235 0.012798634812286689
3 0.5964705882352941 0.3651877133105802 0.11294117647058824 0.013651877133105802
2 0.10529411764705883 0.40955631399317405 0.09294117647058824 0.017064846416382253
3 0.18588235294117647 0.40998293515358364 0.03294117647058824 0.017918088737201365
2 0.10882352941176471 0.46757679180887374 0.1 0.013651877133105802
5 0.24705882352941178 0.4735494880546075 0.023529411764705882 0.017064846416382253
2 0.29705882352941176 0.46715017064846415 0.052941176470588235 0.012798634812286689
4 0.4235294117647059 0.4735494880546075 0.023529411764705882 0.017064846416382253
2 0.46352941176470586 0.46715017064846415 0.03294117647058824 0.012798634812286689
1 0.2605882352941176 0.5196245733788396 0.40352941176470586 0.015358361774744027
2 0.6670588235294118 0.5635665529010239 0.15764705882352942 0.017918088737201365
1 0.6758823529411765 0.5836177474402731 0.1988235294117647 0.015358361774744027