0 0.5 0.05728155339805825 0.6423529411764706 0.017475728155339806
0 0.5 0.13495145631067962 0.30470588235294116 0.017475728155339806
2 0.10058823529411764 0.22135922330097088 0.08352941176470588 0.015533980582524271
3 0.18352941176470589 0.2237864077669903 0.047058823529411764 0.020388349514563107
2 0.09058823529411765 0.26941747572815533 0.06352941176470588 0.014563106796116505
3 0.16941176470588235 0.2728155339805825 0.058823529411764705 0.021359223300970873
2 0.4823529411764706 0.27184466019417475 0.10823529411764705 0.019417475728155338
3 0.5764705882352941 0.26990291262135924 0.04470588235294118 0.015533980582524271
2 0.1411764705882353 0.320873786407767 0.16470588235294117 0.020388349514563107
3 0.26235294117647057 0.31893203883495147 0.042352941176470586 0.01650485436893204
2 0.611764705882353 0.320873786407767 0.16470588235294117 0.020388349514563107
3 0.7352941176470589 0.320873786407767 0.047058823529411764 0.020388349514563107
2 0.09058823529411765 0.36650485436893204 0.06352941176470588 0.014563106796116505
3 0.16058823529411764 0.3674757281553398 0.041176470588235294 0.01650485436893204
2 0.10882352941176471 0.4349514563106796 0.1 0.015533980582524271
4 0.24705882352941178 0.441747572815534 0.023529411764705882 0.019417475728155338
2 0.29705882352941176 0.4344660194174757 0.052941176470588235 0.014563106796116505
5 0.4235294117647059 0.441747572815534 0.023529411764705882 0.019417475728155338
2 0.46352941176470586 0.4344660194174757 0.03294117647058824 0.014563106796116505
1 0.2605882352941176 0.4941747572815534 0.40352941176470586 0.017475728155339806
2 0.6670588235294118 0.5441747572815534 0.15764705882352942 0.020388349514563107
1 0.6758823529411765 0.566990291262136 0.1988235294117647 0.017475728155339806