0 0.5 0.056676272814601344 0.6423529411764706 0.01729106628242075
0 0.5 0.13304514889529298 0.23294117647058823 0.01633045148895293
2 0.09294117647058824 0.22142170989433238 0.06823529411764706 0.020172910662824207
2 0.4647058823529412 0.21853986551392893 0.06352941176470588 0.01440922190201729
3 0.5435294117647059 0.2219020172910663 0.058823529411764705 0.021133525456292025
2 0.11294117647058824 0.2689721421709894 0.10823529411764705 0.01921229586935639
2 0.10529411764705883 0.3170028818443804 0.09294117647058824 0.01921229586935639
3 0.1923529411764706 0.3150816522574448 0.04588235294117647 0.01536983669548511
2 0.5041176470588236 0.3170028818443804 0.09294117647058824 0.01921229586935639
3 0.6035294117647059 0.3174831892411143 0.07058823529411765 0.020172910662824207
2 0.08294117647058824 0.36503362151777136 0.04823529411764706 0.01921229586935639
3 0.15411764705882353 0.36359269932756966 0.058823529411764705 0.01633045148895293
2 0.4676470588235294 0.36263208453410184 0.10941176470588235 0.01440922190201729
2 0.11294117647058824 0.41306436119116235 0.10823529411764705 0.01921229586935639
3 0.20823529411764705 0.4116234390009606 0.047058823529411764 0.01633045148895293
2 0.5047058823529412 0.4106628242074928 0.06352941176470588 0.01440922190201729
3 0.5788235294117647 0.4111431316042267 0.04941176470588235 0.01536983669548511
2 0.08294117647058824 0.4610951008645533 0.04823529411764706 0.01921229586935639
2 0.10882352941176471 0.526416906820365 0.1 0.01536983669548511
5 0.24705882352941178 0.5331412103746398 0.023529411764705882 0.01921229586935639
2 0.29705882352941176 0.5259365994236311 0.052941176470588235 0.01440922190201729
4 0.4235294117647059 0.5331412103746398 0.023529411764705882 0.01921229586935639
2 0.46352941176470586 0.5259365994236311 0.03294117647058824 0.01440922190201729
1 0.2605882352941176 0.5850144092219021 0.40352941176470586 0.01729106628242075
2 0.6670588235294118 0.6344860710854947 0.15764705882352942 0.020172910662824207
1 0.6758823529411765 0.6570605187319885 0.1988235294117647 0.01729106628242075