0 0.5 0.05373406193078324 0.6423529411764706 0.01639344262295082
0 0.5 0.12659380692167577 0.2647058823529412 0.01639344262295082
2 0.09058823529411765 0.20719489981785064 0.06352941176470588 0.01366120218579235
3 0.15529411764705883 0.20765027322404372 0.03058823529411765 0.014571948998178506
2 0.09058823529411765 0.2527322404371585 0.06352941176470588 0.01366120218579235
3 0.16588235294117648 0.25364298724954465 0.05176470588235294 0.015482695810564663
2 0.08294117647058824 0.3005464480874317 0.04823529411764706 0.018214936247723135
3 0.14647058823529413 0.29918032786885246 0.04352941176470588 0.015482695810564663
2 0.4547058823529412 0.2987249544626594 0.08352941176470588 0.014571948998178506
3 0.5305882352941177 0.2987249544626594 0.03294117647058824 0.014571948998178506
2 0.09058823529411765 0.34380692167577415 0.06352941176470588 0.01366120218579235
3 0.1564705882352941 0.3442622950819672 0.03294117647058824 0.014571948998178506
2 0.47 0.3442622950819672 0.08352941176470588 0.014571948998178506
3 0.5494117647058824 0.3465391621129326 0.04 0.01912568306010929
2 0.09058823529411765 0.38934426229508196 0.06352941176470588 0.01366120218579235
3 0.1588235294117647 0.38979963570127507 0.03764705882352941 0.014571948998178506
2 0.10882352941176471 0.453551912568306 0.1 0.014571948998178506
5 0.24705882352941178 0.4599271402550091 0.023529411764705882 0.018214936247723135
2 0.29705882352941176 0.45309653916211295 0.052941176470588235 0.01366120218579235
4 0.4235294117647059 0.4599271402550091 0.023529411764705882 0.018214936247723135
2 0.46352941176470586 0.45309653916211295 0.03294117647058824 0.01366120218579235
1 0.2605882352941176 0.5091074681238615 0.40352941176470586 0.01639344262295082
2 0.6670588235294118 0.5560109289617486 0.15764705882352942 0.01912568306010929
1 0.6758823529411765 0.5774134790528234 0.1988235294117647 0.01639344262295082