0 0.5 0.05353901996370236 0.6423529411764706 0.016333938294010888
0 0.5 0.12613430127041741 0.28352941176470586 0.016333938294010888
2 0.10529411764705883 0.20871143375680581 0.09294117647058824 0.018148820326678767
3 0.18352941176470589 0.20689655172413793 0.02823529411764706 0.014519056261343012
2 0.10058823529411764 0.25226860254083483 0.08352941176470588 0.014519056261343012
3 0.18411764705882352 0.2545372050816697 0.04823529411764706 0.019056261343012703
2 0.10058823529411764 0.29764065335753176 0.08352941176470588 0.014519056261343012
3 0.18352941176470589 0.2999092558983666 0.047058823529411764 0.019056261343012703
2 0.10058823529411764 0.3430127041742287 0.08352941176470588 0.014519056261343012
3 0.18 0.34346642468239563 0.04 0.015426497277676952
2 0.10529411764705883 0.39019963702359345 0.09294117647058824 0.018148820326678767
3 0.1923529411764706 0.3897459165154265 0.04588235294117647 0.017241379310344827
2 0.10882352941176471 0.4519056261343013 0.1 0.014519056261343012
4 0.24705882352941178 0.45825771324863884 0.023529411764705882 0.018148820326678767
2 0.29705882352941176 0.4514519056261343 0.052941176470588235 0.013611615245009074
5 0.4235294117647059 0.45825771324863884 0.023529411764705882 0.018148820326678767
2 0.46352941176470586 0.4514519056261343 0.03294117647058824 0.013611615245009074
1 0.2605882352941176 0.5072595281306715 0.40352941176470586 0.016333938294010888
2 0.6670588235294118 0.5539927404718693 0.15764705882352942 0.019056261343012703
1 0.6758823529411765 0.5753176043557169 0.1988235294117647 0.016333938294010888