0 0.5 0.05004240882103478 0.6423529411764706 0.015267175572519083
0 0.5 0.11747243426632739 0.23294117647058823 0.01441899915182358
2 0.11352941176470588 0.19296013570822731 0.10941176470588235 0.01272264631043257
3 0.27705882352941175 0.19508057675996607 0.18235294117647058 0.016963528413910092
2 0.10529411764705883 0.23748939779474132 0.09294117647058824 0.016963528413910092
3 0.1988235294117647 0.23621713316369805 0.058823529411764705 0.01441899915182358
2 0.09058823529411765 0.2777777777777778 0.06352941176470588 0.01272264631043257
3 0.16411764705882353 0.2782018659881255 0.04823529411764706 0.013570822731128074
2 0.5105882352941177 0.28032230703986427 0.16470588235294117 0.017811704834605598
3 0.6305882352941177 0.2786259541984733 0.04 0.01441899915182358
2 0.10058823529411764 0.32061068702290074 0.08352941176470588 0.013570822731128074
3 0.18823529411764706 0.3210347752332485 0.05647058823529412 0.01441899915182358
2 0.4723529411764706 0.32230703986429177 0.04823529411764706 0.016963528413910092
3 0.5305882352941177 0.32273112807463955 0.03294117647058824 0.017811704834605598
2 0.10882352941176471 0.3799830364715861 0.1 0.013570822731128074
5 0.24705882352941178 0.38592027141645463 0.023529411764705882 0.016963528413910092
2 0.29705882352941176 0.3795589482612383 0.052941176470588235 0.01272264631043257
4 0.4235294117647059 0.38592027141645463 0.023529411764705882 0.016963528413910092
2 0.46352941176470586 0.3795589482612383 0.03294117647058824 0.01272264631043257
1 0.2605882352941176 0.43172179813401185 0.40352941176470586 0.015267175572519083
2 0.6670588235294118 0.47540288379983037 0.15764705882352942 0.017811704834605598
1 0.6758823529411765 0.4953350296861747 0.1988235294117647 0.015267175572519083