0 0.5 0.053057553956834536 0.6423529411764706 0.01618705035971223
0 0.5 0.12455035971223022 0.24941176470588236 0.015287769784172662
2 0.11352941176470588 0.2045863309352518 0.10941176470588235 0.013489208633093525
3 0.29352941176470587 0.2068345323741007 0.21529411764705883 0.017985611510791366
2 0.5158823529411765 0.20503597122302158 0.08352941176470588 0.014388489208633094
3 0.591764705882353 0.20503597122302158 0.03294117647058824 0.014388489208633094
2 0.09294117647058824 0.2522482014388489 0.06823529411764706 0.018884892086330936
3 0.1588235294117647 0.25 0.02823529411764706 0.014388489208633094
2 0.4747058823529412 0.25 0.08352941176470588 0.014388489208633094
2 0.11352941176470588 0.29451438848920863 0.10941176470588235 0.013489208633093525
3 0.2723529411764706 0.29676258992805754 0.17294117647058824 0.017985611510791366
2 0.11294117647058824 0.34172661870503596 0.10823529411764705 0.017985611510791366
3 0.2076470588235294 0.33992805755395683 0.04588235294117647 0.014388489208633094
2 0.5147058823529411 0.33992805755395683 0.08352941176470588 0.014388489208633094
2 0.09058823529411765 0.38444244604316546 0.06352941176470588 0.013489208633093525
3 0.16941176470588235 0.385341726618705 0.058823529411764705 0.015287769784172662
2 0.09058823529411765 0.4294064748201439 0.06352941176470588 0.013489208633093525
3 0.15411764705882353 0.43030575539568344 0.02823529411764706 0.015287769784172662
2 0.10882352941176471 0.49280575539568344 0.1 0.014388489208633094
5 0.24705882352941178 0.49910071942446044 0.023529411764705882 0.017985611510791366
2 0.29705882352941176 0.49235611510791366 0.052941176470588235 0.013489208633093525
4 0.4235294117647059 0.49910071942446044 0.023529411764705882 0.017985611510791366
2 0.46352941176470586 0.49235611510791366 0.03294117647058824 0.013489208633093525
1 0.2605882352941176 0.5476618705035972 0.40352941176470586 0.01618705035971223
2 0.6670588235294118 0.5939748201438849 0.15764705882352942 0.018884892086330936
1 0.6758823529411765 0.6151079136690647 0.1988235294117647 0.01618705035971223