0 0.5 0.050170068027210885 0.6423529411764706 0.015306122448979591
0 0.5 0.11819727891156463 0.28352941176470586 0.015306122448979591
2 0.1411764705882353 0.19600340136054423 0.16470588235294117 0.017857142857142856
2 0.10058823529411764 0.23639455782312926 0.08352941176470588 0.013605442176870748
2 0.10058823529411764 0.2789115646258503 0.08352941176470588 0.013605442176870748
2 0.10058823529411764 0.32142857142857145 0.08352941176470588 0.013605442176870748
2 0.09058823529411765 0.3635204081632653 0.06352941176470588 0.012755102040816327
2 0.4623529411764706 0.36607142857142855 0.06823529411764706 0.017857142857142856
2 0.1411764705882353 0.4085884353741497 0.16470588235294117 0.017857142857142856
2 0.5635294117647058 0.4085884353741497 0.06823529411764706 0.017857142857142856
2 0.10882352941176471 0.46598639455782315 0.1 0.013605442176870748
4 0.24705882352941178 0.4719387755102041 0.023529411764705882 0.017006802721088437
2 0.29705882352941176 0.4655612244897959 0.052941176470588235 0.012755102040816327
4 0.4235294117647059 0.4719387755102041 0.023529411764705882 0.017006802721088437
2 0.46352941176470586 0.4655612244897959 0.03294117647058824 0.012755102040816327
1 0.2605882352941176 0.5178571428571429 0.40352941176470586 0.015306122448979591
2 0.6670588235294118 0.5616496598639455 0.15764705882352942 0.017857142857142856
1 0.6758823529411765 0.5816326530612245 0.1988235294117647 0.015306122448979591