0 0.5 0.05117085862966175 0.6423529411764706 0.015611448395490026
0 0.5 0.12012142237640937 0.24941176470588236 0.014744145706851692
2 0.09294117647058824 0.19991326973113616 0.06823529411764706 0.01821335646140503
2 0.09058823529411765 0.2406764960971379 0.06352941176470588 0.013009540329575022
2 0.10529411764705883 0.2862098872506505 0.09294117647058824 0.017346053772766695
2 0.08294117647058824 0.3295750216825672 0.04823529411764706 0.017346053772766695
2 0.11294117647058824 0.37294015611448394 0.10823529411764705 0.017346053772766695
2 0.11352941176470588 0.4141370338248049 0.10941176470588235 0.013009540329575022
2 0.10882352941176471 0.47528187337380745 0.1 0.013876843018213356
4 0.24705882352941178 0.4813529921942758 0.023529411764705882 0.017346053772766695
2 0.29705882352941176 0.4748482220294883 0.052941176470588235 0.013009540329575022
4 0.4235294117647059 0.4813529921942758 0.023529411764705882 0.017346053772766695
2 0.46352941176470586 0.4748482220294883 0.03294117647058824 0.013009540329575022
1 0.2605882352941176 0.5281873373807459 0.40352941176470586 0.015611448395490026
2 0.6670588235294118 0.5728534258456202 0.15764705882352942 0.01821335646140503
1 0.6758823529411765 0.593235039028621 0.1988235294117647 0.015611448395490026