0 0.5 0.05249110320284697 0.6423529411764706 0.01601423487544484
0 0.5 0.12322064056939502 0.24941176470588236 0.015124555160142349
2 0.10529411764705883 0.20462633451957296 0.09294117647058824 0.017793594306049824
3 0.18470588235294116 0.20284697508896798 0.03058823529411765 0.014234875444839857
2 0.49941176470588233 0.20284697508896798 0.08352941176470588 0.014234875444839857
3 0.5870588235294117 0.20329181494661921 0.05647058823529412 0.015124555160142349
2 0.08294117647058824 0.2491103202846975 0.04823529411764706 0.017793594306049824
3 0.16 0.251779359430605 0.07058823529411765 0.023131672597864767
2 0.1411764705882353 0.2940391459074733 0.16470588235294117 0.018683274021352312
3 0.2635294117647059 0.2940391459074733 0.04470588235294118 0.018683274021352312
2 0.09294117647058824 0.33852313167259784 0.06823529411764706 0.018683274021352312
3 0.16411764705882353 0.33807829181494664 0.03882352941176471 0.017793594306049824
2 0.11294117647058824 0.38256227758007116 0.10823529411764705 0.017793594306049824
3 0.2011764705882353 0.3830071174377224 0.03294117647058824 0.018683274021352312
2 0.09058823529411765 0.4248220640569395 0.06352941176470588 0.013345195729537367
3 0.15411764705882353 0.42571174377224197 0.02823529411764706 0.015124555160142349
2 0.10882352941176471 0.4875444839857651 0.1 0.014234875444839857
4 0.24705882352941178 0.49377224199288255 0.023529411764705882 0.017793594306049824
2 0.29705882352941176 0.4870996441281139 0.052941176470588235 0.013345195729537367
5 0.4235294117647059 0.49377224199288255 0.023529411764705882 0.017793594306049824
2 0.46352941176470586 0.4870996441281139 0.03294117647058824 0.013345195729537367
1 0.2605882352941176 0.541814946619217 0.40352941176470586 0.01601423487544484
2 0.6670588235294118 0.5876334519572953 0.15764705882352942 0.018683274021352312
1 0.6758823529411765 0.608540925266904 0.1988235294117647 0.01601423487544484