0 0.5 0.05263157894736842 0.6423529411764706 0.016057091882247992
0 0.5 0.1239964317573595 0.28352941176470586 0.016057091882247992
2 0.09294117647058824 0.2056199821587868 0.06823529411764706 0.01873327386262266
2 0.46705882352941175 0.2056199821587868 0.06823529411764706 0.01873327386262266
2 0.09294117647058824 0.2502230151650312 0.06823529411764706 0.01873327386262266
2 0.48705882352941177 0.24977698483496877 0.10823529411764705 0.01784121320249777
2 0.11352941176470588 0.292149866190901 0.10941176470588235 0.013380909901873328
2 0.5158823529411765 0.2925958965209634 0.08352941176470588 0.014272970561998216
2 0.08294117647058824 0.3389830508474576 0.04823529411764706 0.01784121320249777
2 0.10529411764705883 0.3835860838537021 0.09294117647058824 0.01784121320249777
2 0.09294117647058824 0.42863514719000895 0.06823529411764706 0.01873327386262266
2 0.4747058823529412 0.4264049955396967 0.08352941176470588 0.014272970561998216
2 0.10882352941176471 0.4888492417484389 0.1 0.014272970561998216
4 0.24705882352941178 0.4950936663693131 0.023529411764705882 0.01784121320249777
2 0.29705882352941176 0.48840321141837645 0.052941176470588235 0.013380909901873328
4 0.4235294117647059 0.4950936663693131 0.023529411764705882 0.01784121320249777
2 0.46352941176470586 0.48840321141837645 0.03294117647058824 0.013380909901873328
1 0.2605882352941176 0.5432649420160571 0.40352941176470586 0.016057091882247992
2 0.6670588235294118 0.5892060660124888 0.15764705882352942 0.01873327386262266
1 0.6758823529411765 0.6101694915254238 0.1988235294117647 0.016057091882247992