0 0.5 0.053009883198562445 0.6423529411764706 0.016172506738544475
0 0.5 0.12488769092542677 0.2647058823529412 0.016172506738544475
2 0.11294117647058824 0.20664869721473494 0.10823529411764705 0.017969451931716084
3 0.20647058823529413 0.20530098831985624 0.04352941176470588 0.015274034141958671
2 0.11294117647058824 0.25157232704402516 0.10823529411764705 0.017969451931716084
3 0.21470588235294116 0.25112309074573225 0.06 0.017070979335130278
2 0.11352941176470588 0.2942497753818509 0.10941176470588235 0.013477088948787063
3 0.24764705882352941 0.2973944294699012 0.12352941176470589 0.019766397124887692
2 0.5205882352941177 0.29649595687331537 0.09294117647058824 0.017969451931716084
3 0.6141176470588235 0.2973944294699012 0.058823529411764705 0.019766397124887692
2 0.11352941176470588 0.33917340521114103 0.10941176470588235 0.013477088948787063
3 0.25823529411764706 0.34007187780772685 0.14470588235294118 0.015274034141958671
2 0.10882352941176471 0.4025157232704403 0.1 0.014375561545372867
5 0.24705882352941178 0.4088050314465409 0.023529411764705882 0.017969451931716084
2 0.29705882352941176 0.40206648697214736 0.052941176470588235 0.013477088948787063
4 0.4235294117647059 0.4088050314465409 0.023529411764705882 0.017969451931716084
2 0.46352941176470586 0.40206648697214736 0.03294117647058824 0.013477088948787063
1 0.2605882352941176 0.4573225516621743 0.40352941176470586 0.016172506738544475
2 0.6670588235294118 0.5035938903863432 0.15764705882352942 0.018867924528301886
1 0.6758823529411765 0.5247079964061097 0.1988235294117647 0.016172506738544475