0 0.5 0.0575609756097561 0.6423529411764706 0.0175609756097561
0 0.5 0.1351219512195122 0.23294117647058823 0.016585365853658537
2 0.09058823529411765 0.22195121951219512 0.06352941176470588 0.014634146341463415
3 0.1635294117647059 0.2248780487804878 0.047058823529411764 0.02048780487804878
2 0.4623529411764706 0.2248780487804878 0.06823529411764706 0.02048780487804878
3 0.5347058823529411 0.2229268292682927 0.041176470588235294 0.016585365853658537
2 0.10529411764705883 0.2731707317073171 0.09294117647058824 0.01951219512195122
3 0.19176470588235295 0.2736585365853659 0.04470588235294118 0.02048780487804878
2 0.5123529411764706 0.2707317073170732 0.10941176470588235 0.014634146341463415
3 0.658235294117647 0.27414634146341466 0.14705882352941177 0.021463414634146343
2 0.09294117647058824 0.3224390243902439 0.06823529411764706 0.02048780487804878
3 0.1711764705882353 0.32 0.052941176470588235 0.015609756097560976
2 0.1411764705882353 0.37121951219512195 0.16470588235294117 0.02048780487804878
3 0.2782352941176471 0.37170731707317073 0.07411764705882352 0.021463414634146343
2 0.11352941176470588 0.4170731707317073 0.10941176470588235 0.014634146341463415
3 0.27058823529411763 0.4224390243902439 0.16941176470588235 0.025365853658536587
2 0.10882352941176471 0.48585365853658535 0.1 0.015609756097560976
4 0.24705882352941178 0.4926829268292683 0.023529411764705882 0.01951219512195122
2 0.29705882352941176 0.4853658536585366 0.052941176470588235 0.014634146341463415
5 0.4235294117647059 0.4926829268292683 0.023529411764705882 0.01951219512195122
2 0.46352941176470586 0.4853658536585366 0.03294117647058824 0.014634146341463415
1 0.2605882352941176 0.5453658536585366 0.40352941176470586 0.0175609756097561
2 0.6670588235294118 0.595609756097561 0.15764705882352942 0.02048780487804878
1 0.6758823529411765 0.6185365853658537 0.1988235294117647 0.0175609756097561