0 0.5 0.04970513900589722 0.6423529411764706 0.015164279696714406
0 0.5 0.11710193765796124 0.30470588235294116 0.015164279696714406
2 0.1411764705882353 0.1941870261162595 0.16470588235294117 0.017691659646166806
3 0.2576470588235294 0.1941870261162595 0.03294117647058824 0.017691659646166806
2 0.5835294117647059 0.1937657961246841 0.10823529411764705 0.016849199663016005
3 0.6811764705882353 0.19250210614995789 0.05176470588235294 0.014321819713563605
2 0.11294117647058824 0.2358887952822241 0.10823529411764705 0.016849199663016005
3 0.2011764705882353 0.2363100252737995 0.03294117647058824 0.017691659646166806
2 0.10529411764705883 0.2780117944397641 0.09294117647058824 0.016849199663016005
3 0.18588235294117647 0.2784330244313395 0.03294117647058824 0.017691659646166806
2 0.1411764705882353 0.3205560235888795 0.16470588235294117 0.017691659646166806
3 0.2576470588235294 0.3205560235888795 0.03294117647058824 0.017691659646166806
2 0.10058823529411764 0.36057287278854255 0.08352941176470588 0.013479359730412805
3 0.17647058823529413 0.36057287278854255 0.03294117647058824 0.013479359730412805
2 0.4823529411764706 0.36267902274641955 0.06823529411764706 0.017691659646166806
3 0.5505882352941176 0.36057287278854255 0.03294117647058824 0.013479359730412805
2 0.09058823529411765 0.4022746419545072 0.06352941176470588 0.012636899747262006
3 0.1676470588235294 0.4048020219039596 0.05529411764705883 0.017691659646166806
2 0.10882352941176471 0.46166807076663857 0.1 0.013479359730412805
5 0.24705882352941178 0.4675652906486942 0.023529411764705882 0.016849199663016005
2 0.29705882352941176 0.46124684077506317 0.052941176470588235 0.012636899747262006
4 0.4235294117647059 0.4675652906486942 0.023529411764705882 0.016849199663016005
2 0.46352941176470586 0.46124684077506317 0.03294117647058824 0.012636899747262006
1 0.2605882352941176 0.5130581297388374 0.40352941176470586 0.015164279696714406
2 0.6670588235294118 0.5564448188711036 0.15764705882352942 0.017691659646166806
1 0.6758823529411765 0.5762426284751474 0.1988235294117647 0.015164279696714406