0 0.5 0.05478180129990715 0.6423529411764706 0.016713091922005572
0 0.5 0.12906220984215414 0.30470588235294116 0.016713091922005572
2 0.08294117647058824 0.2135561745589601 0.04823529411764706 0.018570102135561744
2 0.11294117647058824 0.25998142989786444 0.10823529411764705 0.018570102135561744
2 0.10529411764705883 0.3064066852367688 0.09294117647058824 0.018570102135561744
2 0.54 0.30687093779015784 0.16470588235294117 0.019498607242339833
2 0.11294117647058824 0.3528319405756732 0.10823529411764705 0.018570102135561744
2 0.10058823529411764 0.39740018570102137 0.08352941176470588 0.014856081708449397
2 0.5029411764705882 0.3969359331476323 0.10941176470588235 0.013927576601671309
2 0.10882352941176471 0.4623955431754875 0.1 0.014856081708449397
4 0.24705882352941178 0.4688950789229341 0.023529411764705882 0.018570102135561744
2 0.29705882352941176 0.4619312906220984 0.052941176470588235 0.013927576601671309
4 0.4235294117647059 0.4688950789229341 0.023529411764705882 0.018570102135561744
2 0.46352941176470586 0.4619312906220984 0.03294117647058824 0.013927576601671309
1 0.2605882352941176 0.5190343546889508 0.40352941176470586 0.016713091922005572
2 0.6670588235294118 0.5668523676880223 0.15764705882352942 0.019498607242339833
1 0.6758823529411765 0.5886722376973074 0.1988235294117647 0.016713091922005572