0 0.5 0.052772808586762074 0.6423529411764706 0.016100178890876567
0 0.5 0.12432915921288014 0.30470588235294116 0.016100178890876567
2 0.10529411764705883 0.20572450805008943 0.09294117647058824 0.017889087656529516
3 0.1935294117647059 0.20617173524150267 0.04823529411764706 0.018783542039355994
2 0.5041176470588236 0.20572450805008943 0.09294117647058824 0.017889087656529516
3 0.5847058823529412 0.20617173524150267 0.03294117647058824 0.018783542039355994
2 0.09058823529411765 0.24821109123434704 0.06352941176470588 0.013416815742397137
3 0.16470588235294117 0.24865831842576028 0.04941176470588235 0.014311270125223614
2 0.08294117647058824 0.295169946332737 0.04823529411764706 0.017889087656529516
2 0.11352941176470588 0.33765652951699465 0.10941176470588235 0.013416815742397137
2 0.09058823529411765 0.3823792486583184 0.06352941176470588 0.013416815742397137
3 0.16 0.3832737030411449 0.04 0.01520572450805009
2 0.10882352941176471 0.44543828264758495 0.1 0.014311270125223614
5 0.24705882352941178 0.4516994633273703 0.023529411764705882 0.017889087656529516
2 0.29705882352941176 0.44499105545617174 0.052941176470588235 0.013416815742397137
4 0.4235294117647059 0.4516994633273703 0.023529411764705882 0.017889087656529516
2 0.46352941176470586 0.44499105545617174 0.03294117647058824 0.013416815742397137
1 0.2605882352941176 0.5 0.40352941176470586 0.016100178890876567
2 0.6670588235294118 0.5460644007155635 0.15764705882352942 0.018783542039355994
1 0.6758823529411765 0.5670840787119857 0.1988235294117647 0.016100178890876567