0 0.5 0.0552434456928839 0.6423529411764706 0.016853932584269662
0 0.5 0.1301498127340824 0.2647058823529412 0.016853932584269662
2 0.09058823529411765 0.21301498127340823 0.06352941176470588 0.014044943820224719
3 0.15411764705882353 0.21348314606741572 0.02823529411764706 0.0149812734082397
2 0.09294117647058824 0.26264044943820225 0.06823529411764706 0.019662921348314606
3 0.16176470588235295 0.2602996254681648 0.03411764705882353 0.0149812734082397
2 0.1411764705882353 0.3094569288389513 0.16470588235294117 0.019662921348314606
3 0.27647058823529413 0.31179775280898875 0.07058823529411765 0.024344569288389514
2 0.10058823529411764 0.3539325842696629 0.08352941176470588 0.0149812734082397
3 0.18 0.3544007490636704 0.04 0.015917602996254682
2 0.5023529411764706 0.35580524344569286 0.10823529411764705 0.018726591760299626
3 0.5905882352941176 0.3562734082397004 0.03294117647058824 0.019662921348314606
2 0.09294117647058824 0.40308988764044945 0.06823529411764706 0.019662921348314606
3 0.17529411764705882 0.40308988764044945 0.0611764705882353 0.019662921348314606
2 0.5152941176470588 0.40308988764044945 0.16470588235294117 0.019662921348314606
3 0.6317647058823529 0.40074906367041196 0.03294117647058824 0.0149812734082397
2 0.10882352941176471 0.46629213483146065 0.1 0.0149812734082397
5 0.24705882352941178 0.47284644194756553 0.023529411764705882 0.018726591760299626
2 0.29705882352941176 0.4658239700374532 0.052941176470588235 0.014044943820224719
4 0.4235294117647059 0.47284644194756553 0.023529411764705882 0.018726591760299626
2 0.46352941176470586 0.4658239700374532 0.03294117647058824 0.014044943820224719
1 0.2605882352941176 0.5234082397003745 0.40352941176470586 0.016853932584269662
2 0.6670588235294118 0.5716292134831461 0.15764705882352942 0.019662921348314606
1 0.6758823529411765 0.5936329588014981 0.1988235294117647 0.016853932584269662