0 0.5 0.04991539763113367 0.6423529411764706 0.015228426395939087
0 0.5 0.11759729272419628 0.2647058823529412 0.015228426395939087
2 0.11352941176470588 0.1924703891708968 0.10941176470588235 0.012690355329949238
3 0.2888235294117647 0.19712351945854484 0.20588235294117646 0.021996615905245348
2 0.1411764705882353 0.23730964467005075 0.16470588235294117 0.017766497461928935
3 0.2647058823529412 0.23730964467005075 0.047058823529411764 0.017766497461928935
2 0.5841176470588235 0.23477157360406092 0.10941176470588235 0.012690355329949238
3 0.7329411764705882 0.2356175972927242 0.15294117647058825 0.014382402707275803
2 0.09058823529411765 0.27707275803722503 0.06352941176470588 0.012690355329949238
3 0.16 0.2796108291032149 0.04 0.017766497461928935
2 0.45235294117647057 0.27918781725888325 0.04823529411764706 0.01692047377326565
3 0.5235294117647059 0.2800338409475465 0.058823529411764705 0.018612521150592216
2 0.11294117647058824 0.32148900169204736 0.10823529411764705 0.01692047377326565
3 0.20823529411764705 0.321912013536379 0.047058823529411764 0.017766497461928935
2 0.11352941176470588 0.3616751269035533 0.10941176470588235 0.012690355329949238
3 0.26294117647058823 0.36252115059221657 0.15411764705882353 0.014382402707275803
2 0.5158823529411765 0.36209813874788493 0.08352941176470588 0.01353637901861252
3 0.6011764705882353 0.36252115059221657 0.05176470588235294 0.014382402707275803
2 0.11352941176470588 0.4039763113367174 0.10941176470588235 0.012690355329949238
3 0.2464705882352941 0.40482233502538073 0.12117647058823529 0.014382402707275803
2 0.5205882352941177 0.40609137055837563 0.09294117647058824 0.01692047377326565
3 0.6164705882352941 0.405668358714044 0.06352941176470588 0.016074450084602367
2 0.10882352941176471 0.46362098138747887 0.1 0.01353637901861252
4 0.24705882352941178 0.46954314720812185 0.023529411764705882 0.01692047377326565
2 0.29705882352941176 0.4631979695431472 0.052941176470588235 0.012690355329949238
5 0.4235294117647059 0.46954314720812185 0.023529411764705882 0.01692047377326565
2 0.46352941176470586 0.4631979695431472 0.03294117647058824 0.012690355329949238
1 0.2605882352941176 0.5152284263959391 0.40352941176470586 0.015228426395939087
2 0.6670588235294118 0.5587986463620981 0.15764705882352942 0.017766497461928935
1 0.6758823529411765 0.5786802030456852 0.1988235294117647 0.015228426395939087