0 0.5 0.05051369863013699 0.6423529411764706 0.015410958904109588
0 0.5 0.11857876712328767 0.24941176470588236 0.014554794520547944
2 0.10058823529411764 0.1952054794520548 0.08352941176470588 0.0136986301369863
3 0.18294117647058825 0.19648972602739725 0.04588235294117647 0.016267123287671232
2 0.49470588235294116 0.1969178082191781 0.09294117647058824 0.017123287671232876
3 0.5935294117647059 0.1973458904109589 0.06941176470588235 0.01797945205479452
2 0.10529411764705883 0.23972602739726026 0.09294117647058824 0.017123287671232876
3 0.2 0.2401541095890411 0.0611764705882353 0.01797945205479452
2 0.11294117647058824 0.2825342465753425 0.10823529411764705 0.017123287671232876
3 0.20470588235294118 0.2829623287671233 0.04 0.01797945205479452
2 0.5276470588235294 0.2803938356164384 0.10941176470588235 0.012842465753424657
3 0.7105882352941176 0.2851027397260274 0.2211764705882353 0.02226027397260274
2 0.11294117647058824 0.3253424657534247 0.10823529411764705 0.017123287671232876
3 0.20823529411764705 0.3236301369863014 0.047058823529411764 0.0136986301369863
2 0.09058823529411765 0.3660102739726027 0.06352941176470588 0.012842465753424657
3 0.16588235294117648 0.3668664383561644 0.05176470588235294 0.014554794520547944
2 0.08294117647058824 0.410958904109589 0.04823529411764706 0.017123287671232876
3 0.14 0.4092465753424658 0.03058823529411765 0.0136986301369863
2 0.4676470588235294 0.4088184931506849 0.10941176470588235 0.012842465753424657
3 0.6223529411764706 0.4113869863013699 0.16470588235294117 0.01797945205479452
2 0.10882352941176471 0.4691780821917808 0.1 0.0136986301369863
5 0.24705882352941178 0.4751712328767123 0.023529411764705882 0.017123287671232876
2 0.29705882352941176 0.46875 0.052941176470588235 0.012842465753424657
4 0.4235294117647059 0.4751712328767123 0.023529411764705882 0.017123287671232876
2 0.46352941176470586 0.46875 0.03294117647058824 0.012842465753424657
1 0.2605882352941176 0.521404109589041 0.40352941176470586 0.015410958904109588
2 0.6670588235294118 0.5654965753424658 0.15764705882352942 0.01797945205479452
1 0.6758823529411765 0.5856164383561644 0.1988235294117647 0.015410958904109588