0 0.5 0.05645933014354067 0.6423529411764706 0.01722488038277512
0 0.5 0.13253588516746412 0.24941176470588236 0.016267942583732056
2 0.09294117647058824 0.22057416267942584 0.06823529411764706 0.020095693779904306
2 0.1411764705882353 0.26842105263157895 0.16470588235294117 0.020095693779904306
3 0.25823529411764706 0.2674641148325359 0.03411764705882353 0.01818181818181818
2 0.5841176470588235 0.26555023923444976 0.10941176470588235 0.014354066985645933
2 0.09294117647058824 0.31626794258373203 0.06823529411764706 0.020095693779904306
3 0.17411764705882352 0.3167464114832536 0.058823529411764705 0.021052631578947368
2 0.1411764705882353 0.36411483253588517 0.16470588235294117 0.020095693779904306
3 0.2611764705882353 0.362200956937799 0.04 0.016267942583732056
2 0.10882352941176471 0.42870813397129187 0.1 0.015311004784688996
4 0.24705882352941178 0.4354066985645933 0.023529411764705882 0.019138755980861243
2 0.29705882352941176 0.42822966507177035 0.052941176470588235 0.014354066985645933
5 0.4235294117647059 0.4354066985645933 0.023529411764705882 0.019138755980861243
2 0.46352941176470586 0.42822966507177035 0.03294117647058824 0.014354066985645933
1 0.2605882352941176 0.48708133971291867 0.40352941176470586 0.01722488038277512
2 0.6670588235294118 0.5363636363636364 0.15764705882352942 0.020095693779904306
1 0.6758823529411765 0.5588516746411484 0.1988235294117647 0.01722488038277512