0 0.5 0.05778648383937316 0.6423529411764706 0.01762977473065622
0 0.5 0.13614103819784526 0.30470588235294116 0.01762977473065622
2 0.10529411764705883 0.22526934378060726 0.09294117647058824 0.019588638589618023
2 0.1411764705882353 0.27473065621939274 0.16470588235294117 0.02056807051909892
3 0.2605882352941176 0.2742409402546523 0.03882352941176471 0.019588638589618023
2 0.5711764705882353 0.2722820763956905 0.08352941176470588 0.015670910871694418
3 0.6523529411764706 0.272771792360431 0.04352941176470588 0.01665034280117532
2 0.09058823529411765 0.3207639569049951 0.06352941176470588 0.014691478942213516
3 0.17823529411764705 0.32419196865817823 0.07647058823529412 0.021547502448579822
2 0.11294117647058824 0.3721841332027424 0.10823529411764705 0.019588638589618023
3 0.21235294117647058 0.37267384916748286 0.05529411764705883 0.02056807051909892
2 0.5047058823529412 0.3697355533790402 0.06352941176470588 0.014691478942213516
3 0.58 0.37071498530852104 0.05176470588235294 0.01665034280117532
2 0.10882352941176471 0.4387855044074437 0.1 0.015670910871694418
5 0.24705882352941178 0.44564152791381 0.023529411764705882 0.019588638589618023
2 0.29705882352941176 0.4382957884427032 0.052941176470588235 0.014691478942213516
4 0.4235294117647059 0.44564152791381 0.023529411764705882 0.019588638589618023
2 0.46352941176470586 0.4382957884427032 0.03294117647058824 0.014691478942213516
1 0.2605882352941176 0.49853085210577863 0.40352941176470586 0.01762977473065622
2 0.6670588235294118 0.548971596474045 0.15764705882352942 0.02056807051909892
1 0.6758823529411765 0.5719882468168462 0.1988235294117647 0.01762977473065622