0 0.5 0.058941058941058944 0.6423529411764706 0.017982017982017984
0 0.5 0.13836163836163837 0.23294117647058823 0.016983016983016984
2 0.10529411764705883 0.22977022977022976 0.09294117647058824 0.01998001998001998
2 0.08294117647058824 0.27972027972027974 0.04823529411764706 0.01998001998001998
2 0.49529411764705883 0.2802197802197802 0.16470588235294117 0.02097902097902098
2 0.08294117647058824 0.32967032967032966 0.04823529411764706 0.01998001998001998
2 0.09294117647058824 0.3801198801198801 0.06823529411764706 0.02097902097902098
2 0.45705882352941174 0.37962037962037964 0.04823529411764706 0.01998001998001998
2 0.09058823529411765 0.4270729270729271 0.06352941176470588 0.014985014985014986
2 0.10882352941176471 0.4975024975024975 0.1 0.015984015984015984
4 0.24705882352941178 0.5044955044955045 0.023529411764705882 0.01998001998001998
2 0.29705882352941176 0.497002997002997 0.052941176470588235 0.014985014985014986
4 0.4235294117647059 0.5044955044955045 0.023529411764705882 0.01998001998001998
2 0.46352941176470586 0.497002997002997 0.03294117647058824 0.014985014985014986
1 0.2605882352941176 0.5584415584415584 0.40352941176470586 0.017982017982017984
2 0.6670588235294118 0.6098901098901099 0.15764705882352942 0.02097902097902098
1 0.6758823529411765 0.6333666333666333 0.1988235294117647 0.017982017982017984