0 0.5 0.051573426573426576 0.6423529411764706 0.015734265734265736
0 0.5 0.12106643356643357 0.23294117647058823 0.01486013986013986
2 0.1411764705882353 0.20148601398601398 0.16470588235294117 0.018356643356643356
3 0.2576470588235294 0.20148601398601398 0.03294117647058824 0.018356643356643356
2 0.11294117647058824 0.24475524475524477 0.10823529411764705 0.017482517482517484
3 0.20470588235294118 0.24519230769230768 0.04 0.018356643356643356
2 0.10529411764705883 0.28846153846153844 0.09294117647058824 0.017482517482517484
3 0.1988235294117647 0.2893356643356643 0.058823529411764705 0.019230769230769232
2 0.11294117647058824 0.3321678321678322 0.10823529411764705 0.017482517482517484
3 0.21411764705882352 0.33085664335664333 0.058823529411764705 0.01486013986013986
2 0.5552941176470588 0.3326048951048951 0.16470588235294117 0.018356643356643356
3 0.6847058823529412 0.33085664335664333 0.058823529411764705 0.01486013986013986
2 0.11294117647058824 0.3758741258741259 0.10823529411764705 0.017482517482517484
3 0.21941176470588236 0.3763111888111888 0.06941176470588235 0.018356643356643356
2 0.5194117647058824 0.3758741258741259 0.09294117647058824 0.017482517482517484
3 0.6041176470588235 0.3745629370629371 0.041176470588235294 0.01486013986013986
2 0.09058823529411765 0.4173951048951049 0.06352941176470588 0.013111888111888112
3 0.15705882352941178 0.4178321678321678 0.03411764705882353 0.013986013986013986
2 0.10882352941176471 0.479020979020979 0.1 0.013986013986013986
4 0.24705882352941178 0.48513986013986016 0.023529411764705882 0.017482517482517484
2 0.29705882352941176 0.4785839160839161 0.052941176470588235 0.013111888111888112
5 0.4235294117647059 0.48513986013986016 0.023529411764705882 0.017482517482517484
2 0.46352941176470586 0.4785839160839161 0.03294117647058824 0.013111888111888112
1 0.2605882352941176 0.5323426573426573 0.40352941176470586 0.015734265734265736
2 0.6670588235294118 0.5773601398601399 0.15764705882352942 0.018356643356643356
1 0.6758823529411765 0.5979020979020979 0.1988235294117647 0.015734265734265736