0 0.5 0.05545112781954887 0.6423529411764706 0.016917293233082706
0 0.5 0.13063909774436092 0.30470588235294116 0.016917293233082706
2 0.11294117647058824 0.2161654135338346 0.10823529411764705 0.018796992481203006
3 0.20647058823529413 0.21475563909774437 0.04352941176470588 0.015977443609022556
2 0.11294117647058824 0.2631578947368421 0.10823529411764705 0.018796992481203006
3 0.20411764705882354 0.2631578947368421 0.03882352941176471 0.018796992481203006
2 0.5147058823529411 0.26127819548872183 0.08352941176470588 0.015037593984962405
3 0.5952941176470589 0.26127819548872183 0.042352941176470586 0.015037593984962405
2 0.09058823529411765 0.30780075187969924 0.06352941176470588 0.014097744360902255
3 0.16294117647058823 0.3082706766917293 0.04588235294117647 0.015037593984962405
2 0.10058823529411764 0.35526315789473684 0.08352941176470588 0.015037593984962405
3 0.17529411764705882 0.35526315789473684 0.03058823529411765 0.015037593984962405
2 0.48 0.35479323308270677 0.06352941176470588 0.014097744360902255
3 0.5664705882352942 0.3580827067669173 0.07411764705882352 0.020676691729323307
2 0.11294117647058824 0.4041353383458647 0.10823529411764705 0.018796992481203006
3 0.20470588235294118 0.40272556390977443 0.04 0.015977443609022556
2 0.10882352941176471 0.4680451127819549 0.1 0.015037593984962405
5 0.24705882352941178 0.47462406015037595 0.023529411764705882 0.018796992481203006
2 0.29705882352941176 0.4675751879699248 0.052941176470588235 0.014097744360902255
4 0.4235294117647059 0.47462406015037595 0.023529411764705882 0.018796992481203006
2 0.46352941176470586 0.4675751879699248 0.03294117647058824 0.014097744360902255
1 0.2605882352941176 0.525375939849624 0.40352941176470586 0.016917293233082706
2 0.6670588235294118 0.5737781954887218 0.15764705882352942 0.019736842105263157
1 0.6758823529411765 0.5958646616541353 0.1988235294117647 0.016917293233082706