0 0.5 0.05566037735849057 0.6423529411764706 0.016981132075471698
0 0.5 0.1311320754716981 0.30470588235294116 0.016981132075471698
2 0.08294117647058824 0.2169811320754717 0.04823529411764706 0.018867924528301886
3 0.14647058823529413 0.21556603773584906 0.04352941176470588 0.016037735849056604
2 0.10529411764705883 0.2641509433962264 0.09294117647058824 0.018867924528301886
3 0.1952941176470588 0.2627358490566038 0.05176470588235294 0.016037735849056604
2 0.08294117647058824 0.3113207547169811 0.04823529411764706 0.018867924528301886
3 0.14705882352941177 0.30943396226415093 0.04470588235294118 0.01509433962264151
2 0.10529411764705883 0.3584905660377358 0.09294117647058824 0.018867924528301886
3 0.18588235294117647 0.35660377358490564 0.03294117647058824 0.01509433962264151
2 0.11352941176470588 0.4033018867924528 0.10941176470588235 0.014150943396226415
2 0.5058823529411764 0.4033018867924528 0.06352941176470588 0.014150943396226415
2 0.11352941176470588 0.45047169811320753 0.10941176470588235 0.014150943396226415
3 0.2447058823529412 0.4547169811320755 0.11764705882352941 0.022641509433962263
2 0.10882352941176471 0.5169811320754717 0.1 0.01509433962264151
4 0.24705882352941178 0.5235849056603774 0.023529411764705882 0.018867924528301886
2 0.29705882352941176 0.5165094339622641 0.052941176470588235 0.014150943396226415
5 0.4235294117647059 0.5235849056603774 0.023529411764705882 0.018867924528301886
2 0.46352941176470586 0.5165094339622641 0.03294117647058824 0.014150943396226415
1 0.2605882352941176 0.5745283018867925 0.40352941176470586 0.016981132075471698
2 0.6670588235294118 0.6231132075471698 0.15764705882352942 0.01981132075471698
1 0.6758823529411765 0.6452830188679245 0.1988235294117647 0.016981132075471698