0 0.5 0.057392996108949414 0.6423529411764706 0.017509727626459144
0 0.5 0.13472762645914396 0.23294117647058823 0.016536964980544747
2 0.11352941176470588 0.22130350194552528 0.10941176470588235 0.014591439688715954
2 0.5288235294117647 0.22130350194552528 0.10941176470588235 0.014591439688715954
2 0.10529411764705883 0.2723735408560311 0.09294117647058824 0.019455252918287938
2 0.5041176470588236 0.2723735408560311 0.09294117647058824 0.019455252918287938
2 0.09294117647058824 0.3214980544747082 0.06823529411764706 0.020428015564202335
2 0.09058823529411765 0.36721789883268485 0.06352941176470588 0.014591439688715954
2 0.4823529411764706 0.36964980544747084 0.10823529411764705 0.019455252918287938
2 0.1411764705882353 0.41877431906614787 0.16470588235294117 0.020428015564202335
2 0.10882352941176471 0.48443579766536965 0.1 0.01556420233463035
4 0.24705882352941178 0.4912451361867704 0.023529411764705882 0.019455252918287938
2 0.29705882352941176 0.48394941634241245 0.052941176470588235 0.014591439688715954
4 0.4235294117647059 0.4912451361867704 0.023529411764705882 0.019455252918287938
2 0.46352941176470586 0.48394941634241245 0.03294117647058824 0.014591439688715954
1 0.2605882352941176 0.5437743190661478 0.40352941176470586 0.017509727626459144
2 0.6670588235294118 0.5938715953307393 0.15764705882352942 0.020428015564202335
1 0.6758823529411765 0.6167315175097277 0.1988235294117647 0.017509727626459144