0 0.5 0.058070866141732284 0.6423529411764706 0.017716535433070866
0 0.5 0.13631889763779528 0.23294117647058823 0.01673228346456693
2 0.09058823529411765 0.22391732283464566 0.06352941176470588 0.014763779527559055
3 0.17176470588235293 0.22588582677165353 0.06352941176470588 0.018700787401574805
2 0.10529411764705883 0.2755905511811024 0.09294117647058824 0.01968503937007874
3 0.20411764705882354 0.27608267716535434 0.06941176470588235 0.02066929133858268
2 0.1411764705882353 0.32529527559055116 0.16470588235294117 0.02066929133858268
3 0.26294117647058823 0.3233267716535433 0.04352941176470588 0.01673228346456693
2 0.11352941176470588 0.3715551181102362 0.10941176470588235 0.014763779527559055
3 0.26176470588235295 0.37401574803149606 0.15176470588235294 0.01968503937007874
2 0.10882352941176471 0.4409448818897638 0.1 0.015748031496062992
5 0.24705882352941178 0.4478346456692913 0.023529411764705882 0.01968503937007874
2 0.29705882352941176 0.4404527559055118 0.052941176470588235 0.014763779527559055
4 0.4235294117647059 0.4478346456692913 0.023529411764705882 0.01968503937007874
2 0.46352941176470586 0.4404527559055118 0.03294117647058824 0.014763779527559055
1 0.2605882352941176 0.5009842519685039 0.40352941176470586 0.017716535433070866
2 0.6670588235294118 0.5516732283464567 0.15764705882352942 0.02066929133858268
1 0.6758823529411765 0.5748031496062992 0.1988235294117647 0.017716535433070866