0 0.5 0.055765595463137994 0.6423529411764706 0.017013232514177693
0 0.5 0.13090737240075614 0.24941176470588236 0.01606805293005671
2 0.08294117647058824 0.21739130434782608 0.04823529411764706 0.01890359168241966
3 0.1476470588235294 0.21550094517958412 0.04588235294117647 0.015122873345935728
2 0.09294117647058824 0.2651228733459357 0.06823529411764706 0.01984877126654064
3 0.17411764705882352 0.2632325141776938 0.058823529411764705 0.01606805293005671
2 0.10058823529411764 0.31001890359168244 0.08352941176470588 0.015122873345935728
3 0.19470588235294117 0.31238185255198486 0.06941176470588235 0.01984877126654064
2 0.11352941176470588 0.3568052930056711 0.10941176470588235 0.014177693761814745
3 0.2511764705882353 0.3601134215500945 0.13058823529411764 0.020793950850661626
2 0.5158823529411765 0.3572778827977316 0.08352941176470588 0.015122873345935728
3 0.6058823529411764 0.359640831758034 0.0611764705882353 0.01984877126654064
2 0.09294117647058824 0.4068998109640832 0.06823529411764706 0.01984877126654064
3 0.17058823529411765 0.4050094517958412 0.05176470588235294 0.01606805293005671
2 0.48764705882352943 0.40406427221172025 0.10941176470588235 0.014177693761814745
3 0.6694117647058824 0.40737240075614367 0.2188235294117647 0.020793950850661626
2 0.10882352941176471 0.4706994328922495 0.1 0.015122873345935728
4 0.24705882352941178 0.4773156899810964 0.023529411764705882 0.01890359168241966
2 0.29705882352941176 0.47022684310018903 0.052941176470588235 0.014177693761814745
5 0.4235294117647059 0.4773156899810964 0.023529411764705882 0.01890359168241966
2 0.46352941176470586 0.47022684310018903 0.03294117647058824 0.014177693761814745
1 0.2605882352941176 0.5283553875236295 0.40352941176470586 0.017013232514177693
2 0.6670588235294118 0.5770321361058601 0.15764705882352942 0.01984877126654064
1 0.6758823529411765 0.5992438563327032 0.1988235294117647 0.017013232514177693