0 0.5 0.04970513900589722 0.6423529411764706 0.015164279696714406
0 0.5 0.11710193765796124 0.2647058823529412 0.015164279696714406
2 0.1411764705882353 0.1941870261162595 0.16470588235294117 0.017691659646166806
3 0.2641176470588235 0.1933445661331087 0.04588235294117647 0.016006739679865205
2 0.09294117647058824 0.2363100252737995 0.06823529411764706 0.017691659646166806
3 0.18 0.2384161752316765 0.07058823529411765 0.02190395956192081
2 0.45705882352941174 0.2358887952822241 0.04823529411764706 0.016849199663016005
3 0.5288235294117647 0.2354675652906487 0.06 0.016006739679865205
2 0.1411764705882353 0.2784330244313395 0.16470588235294117 0.017691659646166806
3 0.26529411764705885 0.2763268744734625 0.04823529411764706 0.013479359730412805
2 0.10529411764705883 0.3201347935973041 0.09294117647058824 0.016849199663016005
3 0.20058823529411765 0.3205560235888795 0.06235294117647059 0.017691659646166806
2 0.5123529411764706 0.3180286436394271 0.10941176470588235 0.012636899747262006
3 0.6829411764705883 0.3205560235888795 0.19647058823529412 0.017691659646166806
2 0.10529411764705883 0.36225779275484415 0.09294117647058824 0.016849199663016005
3 0.20411764705882354 0.36267902274641955 0.06941176470588235 0.017691659646166806
2 0.10882352941176471 0.41954507160909854 0.1 0.013479359730412805
5 0.24705882352941178 0.42544229149115415 0.023529411764705882 0.016849199663016005
2 0.29705882352941176 0.41912384161752314 0.052941176470588235 0.012636899747262006
4 0.4235294117647059 0.42544229149115415 0.023529411764705882 0.016849199663016005
2 0.46352941176470586 0.41912384161752314 0.03294117647058824 0.012636899747262006
1 0.2605882352941176 0.4709351305812974 0.40352941176470586 0.015164279696714406
2 0.6670588235294118 0.5143218197135636 0.15764705882352942 0.017691659646166806
1 0.6758823529411765 0.5341196293176074 0.1988235294117647 0.015164279696714406