0 0.5 0.05555555555555555 0.6423529411764706 0.01694915254237288
0 0.5 0.13088512241054615 0.2647058823529412 0.01694915254237288
2 0.10058823529411764 0.21468926553672316 0.08352941176470588 0.015065913370998116
3 0.18588235294117647 0.21516007532956685 0.05176470588235294 0.0160075329566855
2 0.49 0.21468926553672316 0.08352941176470588 0.015065913370998116
2 0.10058823529411764 0.2617702448210923 0.08352941176470588 0.015065913370998116
2 0.09058823529411765 0.3083804143126177 0.06352941176470588 0.014124293785310734
3 0.1635294117647059 0.3093220338983051 0.047058823529411764 0.0160075329566855
2 0.47 0.3088512241054614 0.08352941176470588 0.015065913370998116
2 0.11352941176470588 0.3554613935969868 0.10941176470588235 0.014124293785310734
3 0.2747058823529412 0.3587570621468927 0.1776470588235294 0.02071563088512241
2 0.5058823529411764 0.3554613935969868 0.06352941176470588 0.014124293785310734
2 0.10882352941176471 0.4218455743879473 0.1 0.015065913370998116
5 0.24705882352941178 0.4284369114877589 0.023529411764705882 0.018832391713747645
2 0.29705882352941176 0.4213747645951036 0.052941176470588235 0.014124293785310734
4 0.4235294117647059 0.4284369114877589 0.023529411764705882 0.018832391713747645
2 0.46352941176470586 0.4213747645951036 0.03294117647058824 0.014124293785310734
1 0.2605882352941176 0.4792843691148776 0.40352941176470586 0.01694915254237288
2 0.6670588235294118 0.5277777777777778 0.15764705882352942 0.01977401129943503
1 0.6758823529411765 0.5499058380414312 0.1988235294117647 0.01694915254237288