0 0.5 0.05812807881773399 0.6423529411764706 0.017733990147783252
0 0.5 0.13694581280788176 0.28352941176470586 0.017733990147783252
2 0.09058823529411765 0.22413793103448276 0.06352941176470588 0.014778325123152709
3 0.16941176470588235 0.22512315270935962 0.058823529411764705 0.016748768472906402
2 0.08294117647058824 0.27586206896551724 0.04823529411764706 0.019704433497536946
3 0.14705882352941177 0.274384236453202 0.04470588235294118 0.016748768472906402
2 0.08294117647058824 0.3251231527093596 0.04823529411764706 0.019704433497536946
3 0.14529411764705882 0.32364532019704434 0.041176470588235294 0.016748768472906402
2 0.10058823529411764 0.3724137931034483 0.08352941176470588 0.015763546798029555
3 0.19058823529411764 0.3748768472906404 0.0611764705882353 0.020689655172413793
2 0.5305882352941177 0.3748768472906404 0.16470588235294117 0.020689655172413793
3 0.6623529411764706 0.37389162561576356 0.06352941176470588 0.0187192118226601
2 0.11294117647058824 0.4236453201970443 0.10823529411764705 0.019704433497536946
3 0.20411764705882354 0.4236453201970443 0.03882352941176471 0.019704433497536946
2 0.09058823529411765 0.47044334975369456 0.06352941176470588 0.014778325123152709
3 0.1564705882352941 0.47339901477832513 0.03294117647058824 0.020689655172413793
2 0.48294117647058826 0.47044334975369456 0.10941176470588235 0.014778325123152709
3 0.6411764705882353 0.47389162561576353 0.17176470588235293 0.02167487684729064
2 0.10882352941176471 0.5399014778325123 0.1 0.015763546798029555
4 0.24705882352941178 0.5467980295566502 0.023529411764705882 0.019704433497536946
2 0.29705882352941176 0.5394088669950738 0.052941176470588235 0.014778325123152709
5 0.4235294117647059 0.5467980295566502 0.023529411764705882 0.019704433497536946
2 0.46352941176470586 0.5394088669950738 0.03294117647058824 0.014778325123152709
1 0.2605882352941176 0.6 0.40352941176470586 0.017733990147783252
2 0.6670588235294118 0.6507389162561577 0.15764705882352942 0.020689655172413793
1 0.6758823529411765 0.6738916256157635 0.1988235294117647 0.017733990147783252