0 0.5 0.05412844036697248 0.6423529411764706 0.01651376146788991
0 0.5 0.12706422018348623 0.23294117647058823 0.015596330275229359
2 0.10529411764705883 0.21100917431192662 0.09294117647058824 0.01834862385321101
3 0.2 0.20963302752293578 0.0611764705882353 0.015596330275229359
2 0.5117647058823529 0.21100917431192662 0.10823529411764705 0.01834862385321101
3 0.6070588235294118 0.21146788990825688 0.047058823529411764 0.01926605504587156
2 0.1411764705882353 0.2573394495412844 0.16470588235294117 0.01926605504587156
3 0.2611764705882353 0.2555045871559633 0.04 0.015596330275229359
2 0.08294117647058824 0.30275229357798167 0.04823529411764706 0.01834862385321101
3 0.14823529411764705 0.30321100917431193 0.047058823529411764 0.01926605504587156
2 0.46705882352941175 0.30275229357798167 0.10823529411764705 0.01834862385321101
3 0.5694117647058824 0.30137614678899083 0.0611764705882353 0.015596330275229359
2 0.08294117647058824 0.3486238532110092 0.04823529411764706 0.01834862385321101
3 0.13941176470588235 0.34908256880733946 0.029411764705882353 0.01926605504587156
2 0.4470588235294118 0.34908256880733946 0.06823529411764706 0.01926605504587156
3 0.528235294117647 0.34724770642201835 0.058823529411764705 0.015596330275229359
2 0.08294117647058824 0.3944954128440367 0.04823529411764706 0.01834862385321101
3 0.1411764705882353 0.394954128440367 0.03294117647058824 0.01926605504587156
2 0.10882352941176471 0.45688073394495415 0.1 0.014678899082568808
5 0.24705882352941178 0.463302752293578 0.023529411764705882 0.01834862385321101
2 0.29705882352941176 0.45642201834862384 0.052941176470588235 0.013761467889908258
4 0.4235294117647059 0.463302752293578 0.023529411764705882 0.01834862385321101
2 0.46352941176470586 0.45642201834862384 0.03294117647058824 0.013761467889908258
1 0.2605882352941176 0.5128440366972477 0.40352941176470586 0.01651376146788991
2 0.6670588235294118 0.560091743119266 0.15764705882352942 0.01926605504587156
1 0.6758823529411765 0.581651376146789 0.1988235294117647 0.01651376146788991