0 0.5 0.0504704875962361 0.6423529411764706 0.015397775876817793
0 0.5 0.11890504704875962 0.2647058823529412 0.015397775876817793
2 0.09058823529411765 0.19461077844311378 0.06352941176470588 0.01283147989734816
3 0.1635294117647059 0.1971770744225834 0.047058823529411764 0.017964071856287425
2 0.10058823529411764 0.23781009409751924 0.08352941176470588 0.013686911890504704
3 0.18235294117647058 0.2399486740804106 0.04470588235294118 0.017964071856287425
2 0.09294117647058824 0.2827202737382378 0.06823529411764706 0.017964071856287425
3 0.1688235294117647 0.2805816937553465 0.04823529411764706 0.013686911890504704
2 0.45705882352941174 0.2822925577416595 0.04823529411764706 0.01710863986313088
3 0.5294117647058824 0.2827202737382378 0.0611764705882353 0.017964071856287425
2 0.10058823529411764 0.32335329341317365 0.08352941176470588 0.013686911890504704
3 0.18176470588235294 0.3237810094097519 0.04352941176470588 0.01454234388366125
2 0.10882352941176471 0.38323353293413176 0.1 0.013686911890504704
4 0.24705882352941178 0.38922155688622756 0.023529411764705882 0.01710863986313088
2 0.29705882352941176 0.38280581693755344 0.052941176470588235 0.01283147989734816
5 0.4235294117647059 0.38922155688622756 0.023529411764705882 0.01710863986313088
2 0.46352941176470586 0.38280581693755344 0.03294117647058824 0.01283147989734816
1 0.2605882352941176 0.4354148845166809 0.40352941176470586 0.015397775876817793
2 0.6670588235294118 0.47946963216424293 0.15764705882352942 0.017964071856287425
1 0.6758823529411765 0.49957228400342174 0.1988235294117647 0.015397775876817793