0 0.5 0.053979871912168347 0.6423529411764706 0.01646843549862763
0 0.5 0.12671546203110703 0.24941176470588236 0.01555352241537054
2 0.09058823529411765 0.2081427264409881 0.06352941176470588 0.013723696248856358
3 0.17529411764705882 0.2131747483989021 0.07058823529411765 0.023787740164684355
2 0.47 0.20860018298261665 0.08352941176470588 0.01463860933211345
3 0.5605882352941176 0.2108874656907594 0.06235294117647059 0.0192131747483989
2 0.09294117647058824 0.2566331198536139 0.06823529411764706 0.0192131747483989
3 0.16470588235294117 0.25480329368709975 0.04 0.01555352241537054
2 0.10058823529411764 0.3000914913083257 0.08352941176470588 0.01463860933211345
3 0.18058823529411766 0.30054894784995423 0.041176470588235294 0.01555352241537054
2 0.10529411764705883 0.34766697163769444 0.09294117647058824 0.018298261665141813
3 0.1935294117647059 0.348124428179323 0.04823529411764706 0.0192131747483989
2 0.11352941176470588 0.3911253430924062 0.10941176470588235 0.013723696248856358
3 0.23294117647058823 0.39158279963403475 0.09411764705882353 0.01463860933211345
2 0.08294117647058824 0.43915827996340345 0.04823529411764706 0.018298261665141813
3 0.14176470588235293 0.4373284537968893 0.03411764705882353 0.01463860933211345
2 0.10882352941176471 0.5013723696248856 0.1 0.01463860933211345
4 0.24705882352941178 0.5077767612076852 0.023529411764705882 0.018298261665141813
2 0.29705882352941176 0.5009149130832571 0.052941176470588235 0.013723696248856358
5 0.4235294117647059 0.5077767612076852 0.023529411764705882 0.018298261665141813
2 0.46352941176470586 0.5009149130832571 0.03294117647058824 0.013723696248856358
1 0.2605882352941176 0.5571820677035682 0.40352941176470586 0.01646843549862763
2 0.6670588235294118 0.6043000914913084 0.15764705882352942 0.0192131747483989
1 0.6758823529411765 0.62580054894785 0.1988235294117647 0.01646843549862763