0 0.5 0.05656759348034516 0.6423529411764706 0.01725790987535954
0 0.5 0.1332694151486098 0.30470588235294116 0.01725790987535954
2 0.09294117647058824 0.22099712368168745 0.06823529411764706 0.020134228187919462
3 0.16823529411764707 0.22099712368168745 0.047058823529411764 0.020134228187919462
2 0.48705882352941177 0.22051773729626079 0.10823529411764705 0.019175455417066157
3 0.5823529411764706 0.21907957813998083 0.047058823529411764 0.016299137104506232
2 0.09294117647058824 0.26893576222435284 0.06823529411764706 0.020134228187919462
3 0.16411764705882353 0.2684563758389262 0.03882352941176471 0.019175455417066157
2 0.4647058823529412 0.2660594439117929 0.06352941176470588 0.014381591562799617
3 0.5305882352941177 0.2665388302972196 0.03294117647058824 0.015340364333652923
2 0.11352941176470588 0.3139980824544583 0.10941176470588235 0.014381591562799617
3 0.24058823529411766 0.3168744007670182 0.10941176470588235 0.020134228187919462
2 0.10058823529411764 0.3624161073825503 0.08352941176470588 0.015340364333652923
3 0.18823529411764706 0.362895493767977 0.05647058823529412 0.016299137104506232
2 0.10882352941176471 0.42953020134228187 0.1 0.015340364333652923
4 0.24705882352941178 0.436241610738255 0.023529411764705882 0.019175455417066157
2 0.29705882352941176 0.4290508149568552 0.052941176470588235 0.014381591562799617
5 0.4235294117647059 0.436241610738255 0.023529411764705882 0.019175455417066157
2 0.46352941176470586 0.4290508149568552 0.03294117647058824 0.014381591562799617
1 0.2605882352941176 0.48801534036433364 0.40352941176470586 0.01725790987535954
2 0.6670588235294118 0.537392138063279 0.15764705882352942 0.020134228187919462
1 0.6758823529411765 0.5599232981783318 0.1988235294117647 0.01725790987535954