0 0.5 0.05694980694980695 0.6423529411764706 0.017374517374517374
0 0.5 0.13416988416988418 0.2647058823529412 0.017374517374517374
2 0.09058823529411765 0.2195945945945946 0.06352941176470588 0.01447876447876448
3 0.1588235294117647 0.22007722007722008 0.03764705882352941 0.015444015444015444
2 0.47 0.22007722007722008 0.08352941176470588 0.015444015444015444
3 0.5464705882352942 0.22007722007722008 0.03411764705882353 0.015444015444015444
2 0.11352941176470588 0.26785714285714285 0.10941176470588235 0.01447876447876448
2 0.5205882352941177 0.2702702702702703 0.09294117647058824 0.019305019305019305
2 0.11352941176470588 0.3161196911196911 0.10941176470588235 0.01447876447876448
3 0.25823529411764706 0.319015444015444 0.14470588235294118 0.02027027027027027
2 0.09294117647058824 0.3672779922779923 0.06823529411764706 0.02027027027027027
2 0.48705882352941177 0.3667953667953668 0.10823529411764705 0.019305019305019305
2 0.11352941176470588 0.4126447876447876 0.10941176470588235 0.01447876447876448
3 0.26823529411764707 0.41505791505791506 0.16470588235294117 0.019305019305019305
2 0.10058823529411764 0.4613899613899614 0.08352941176470588 0.015444015444015444
3 0.17941176470588235 0.46332046332046334 0.03882352941176471 0.019305019305019305
2 0.10882352941176471 0.528957528957529 0.1 0.015444015444015444
5 0.24705882352941178 0.5357142857142857 0.023529411764705882 0.019305019305019305
2 0.29705882352941176 0.5284749034749034 0.052941176470588235 0.01447876447876448
4 0.4235294117647059 0.5357142857142857 0.023529411764705882 0.019305019305019305
2 0.46352941176470586 0.5284749034749034 0.03294117647058824 0.01447876447876448
1 0.2605882352941176 0.5878378378378378 0.40352941176470586 0.017374517374517374
2 0.6670588235294118 0.6375482625482626 0.15764705882352942 0.02027027027027027
1 0.6758823529411765 0.6602316602316602 0.1988235294117647 0.017374517374517374