0 0.5 0.04991539763113367 0.6423529411764706 0.015228426395939087
0 0.5 0.11759729272419628 0.28352941176470586 0.015228426395939087
2 0.11294117647058824 0.19458544839255498 0.10823529411764705 0.01692047377326565
2 0.1411764705882353 0.23730964467005075 0.16470588235294117 0.017766497461928935
2 0.10058823529411764 0.27749576988155666 0.08352941176470588 0.01353637901861252
2 0.4823529411764706 0.2796108291032149 0.06823529411764706 0.017766497461928935
2 0.09294117647058824 0.321912013536379 0.06823529411764706 0.017766497461928935
3 0.16470588235294117 0.32021996615905246 0.04 0.014382402707275803
2 0.09058823529411765 0.3616751269035533 0.06352941176470588 0.012690355329949238
3 0.1635294117647059 0.3633671742808799 0.047058823529411764 0.016074450084602367
2 0.4747058823529412 0.3637901861252115 0.09294117647058824 0.01692047377326565
3 0.5647058823529412 0.36252115059221657 0.05176470588235294 0.014382402707275803
2 0.10058823529411764 0.40439932318104904 0.08352941176470588 0.01353637901861252
3 0.18470588235294116 0.40439932318104904 0.04941176470588235 0.01353637901861252
2 0.10882352941176471 0.46362098138747887 0.1 0.01353637901861252
4 0.24705882352941178 0.46954314720812185 0.023529411764705882 0.01692047377326565
2 0.29705882352941176 0.4631979695431472 0.052941176470588235 0.012690355329949238
5 0.4235294117647059 0.46954314720812185 0.023529411764705882 0.01692047377326565
2 0.46352941176470586 0.4631979695431472 0.03294117647058824 0.012690355329949238
1 0.2605882352941176 0.5152284263959391 0.40352941176470586 0.015228426395939087
2 0.6670588235294118 0.5587986463620981 0.15764705882352942 0.017766497461928935
1 0.6758823529411765 0.5786802030456852 0.1988235294117647 0.015228426395939087