0 0.5 0.05673076923076923 0.6423529411764706 0.01730769230769231
0 0.5 0.13365384615384615 0.28352941176470586 0.01730769230769231
2 0.08294117647058824 0.22115384615384615 0.04823529411764706 0.019230769230769232
3 0.16 0.22163461538461537 0.07058823529411765 0.020192307692307693
2 0.11294117647058824 0.2692307692307692 0.10823529411764705 0.019230769230769232
3 0.20823529411764705 0.26778846153846153 0.047058823529411764 0.016346153846153847
2 0.09294117647058824 0.3177884615384615 0.06823529411764706 0.020192307692307693
3 0.1652941176470588 0.3158653846153846 0.041176470588235294 0.016346153846153847
2 0.08294117647058824 0.36538461538461536 0.04823529411764706 0.019230769230769232
3 0.14705882352941177 0.36346153846153845 0.04470588235294118 0.015384615384615385
2 0.4447058823529412 0.3629807692307692 0.06352941176470588 0.014423076923076924
3 0.5247058823529411 0.3658653846153846 0.0611764705882353 0.020192307692307693
2 0.10058823529411764 0.4115384615384615 0.08352941176470588 0.015384615384615385
3 0.18352941176470589 0.4129807692307692 0.047058823529411764 0.01826923076923077
2 0.10882352941176471 0.47884615384615387 0.1 0.015384615384615385
4 0.24705882352941178 0.4855769230769231 0.023529411764705882 0.019230769230769232
2 0.29705882352941176 0.47836538461538464 0.052941176470588235 0.014423076923076924
5 0.4235294117647059 0.4855769230769231 0.023529411764705882 0.019230769230769232
2 0.46352941176470586 0.47836538461538464 0.03294117647058824 0.014423076923076924
1 0.2605882352941176 0.5375 0.40352941176470586 0.01730769230769231
2 0.6670588235294118 0.5870192307692308 0.15764705882352942 0.020192307692307693
1 0.6758823529411765 0.6096153846153847 0.1988235294117647 0.01730769230769231