0 0.5 0.05349048050770626 0.6423529411764706 0.016319129646418858
0 0.5 0.12601994560290117 0.2647058823529412 0.016319129646418858
2 0.10529411764705883 0.2085222121486854 0.09294117647058824 0.01813236627379873
3 0.19411764705882353 0.20670897552130554 0.04941176470588235 0.014505893019038985
2 0.11294117647058824 0.25385312783318226 0.10823529411764705 0.01813236627379873
3 0.2076470588235294 0.25203989120580234 0.04588235294117647 0.014505893019038985
2 0.5070588235294118 0.2543064369900272 0.06823529411764706 0.019038984587488667
3 0.5894117647058823 0.2543064369900272 0.0611764705882353 0.019038984587488667
2 0.11294117647058824 0.2991840435176791 0.10823529411764705 0.01813236627379873
3 0.2076470588235294 0.2973708068902992 0.04588235294117647 0.014505893019038985
2 0.5047058823529412 0.2969174977334542 0.06352941176470588 0.013599274705349048
3 0.5776470588235294 0.2973708068902992 0.047058823529411764 0.014505893019038985
2 0.10058823529411764 0.34270172257479603 0.08352941176470588 0.014505893019038985
3 0.18176470588235294 0.34315503173164097 0.04352941176470588 0.015412511332728921
2 0.09058823529411765 0.38757932910244786 0.06352941176470588 0.013599274705349048
3 0.1635294117647059 0.39029918404351766 0.047058823529411764 0.019038984587488667
2 0.10529411764705883 0.43517679057116954 0.09294117647058824 0.01813236627379873
3 0.1923529411764706 0.43336355394378967 0.04588235294117647 0.014505893019038985
2 0.49176470588235294 0.43563009972801453 0.06823529411764706 0.019038984587488667
3 0.5629411764705883 0.43517679057116954 0.03882352941176471 0.01813236627379873
2 0.10882352941176471 0.4968268359020852 0.1 0.014505893019038985
4 0.24705882352941178 0.5031731640979148 0.023529411764705882 0.01813236627379873
2 0.29705882352941176 0.49637352674524027 0.052941176470588235 0.013599274705349048
5 0.4235294117647059 0.5031731640979148 0.023529411764705882 0.01813236627379873
2 0.46352941176470586 0.49637352674524027 0.03294117647058824 0.013599274705349048
1 0.2605882352941176 0.5521305530371714 0.40352941176470586 0.016319129646418858
2 0.6670588235294118 0.5988213961922031 0.15764705882352942 0.019038984587488667
1 0.6758823529411765 0.6201269265639165 0.1988235294117647 0.016319129646418858