0 0.5 0.053057553956834536 0.6423529411764706 0.01618705035971223
0 0.5 0.125 0.28352941176470586 0.01618705035971223
2 0.1411764705882353 0.2072841726618705 0.16470588235294117 0.018884892086330936
2 0.11352941176470588 0.24955035971223022 0.10941176470588235 0.013489208633093525
2 0.11352941176470588 0.29451438848920863 0.10941176470588235 0.013489208633093525
2 0.49823529411764705 0.29676258992805754 0.04823529411764706 0.017985611510791366
2 0.1411764705882353 0.34217625899280574 0.16470588235294117 0.018884892086330936
2 0.11352941176470588 0.38444244604316546 0.10941176470588235 0.013489208633093525
2 0.5158823529411765 0.38489208633093525 0.08352941176470588 0.014388489208633094
2 0.10529411764705883 0.4316546762589928 0.09294117647058824 0.017985611510791366
2 0.10882352941176471 0.49280575539568344 0.1 0.014388489208633094
4 0.24705882352941178 0.49910071942446044 0.023529411764705882 0.017985611510791366
2 0.29705882352941176 0.49235611510791366 0.052941176470588235 0.013489208633093525
4 0.4235294117647059 0.49910071942446044 0.023529411764705882 0.017985611510791366
2 0.46352941176470586 0.49235611510791366 0.03294117647058824 0.013489208633093525
1 0.2605882352941176 0.5476618705035972 0.40352941176470586 0.01618705035971223
2 0.6670588235294118 0.5939748201438849 0.15764705882352942 0.018884892086330936
1 0.6758823529411765 0.6151079136690647 0.1988235294117647 0.01618705035971223