0 0.5 0.05042735042735043 0.6423529411764706 0.015384615384615385
0 0.5 0.11837606837606837 0.24941176470588236 0.01452991452991453
2 0.10058823529411764 0.19487179487179487 0.08352941176470588 0.013675213675213675
3 0.17470588235294118 0.197008547008547 0.029411764705882353 0.017948717948717947
2 0.08294117647058824 0.23931623931623933 0.04823529411764706 0.017094017094017096
3 0.15294117647058825 0.23803418803418802 0.05647058823529412 0.01452991452991453
2 0.1411764705882353 0.2824786324786325 0.16470588235294117 0.017948717948717947
3 0.26705882352941174 0.28076923076923077 0.05176470588235294 0.01452991452991453
2 0.08294117647058824 0.3247863247863248 0.04823529411764706 0.017094017094017096
3 0.1476470588235294 0.3230769230769231 0.04588235294117647 0.013675213675213675
2 0.10058823529411764 0.3658119658119658 0.08352941176470588 0.013675213675213675
3 0.18411764705882352 0.3658119658119658 0.04823529411764706 0.013675213675213675
2 0.5029411764705882 0.36538461538461536 0.10941176470588235 0.01282051282051282
3 0.62 0.3662393162393162 0.08941176470588236 0.01452991452991453
2 0.1411764705882353 0.41068376068376067 0.16470588235294117 0.017948717948717947
3 0.27058823529411763 0.40897435897435896 0.058823529411764705 0.01452991452991453
2 0.10882352941176471 0.4683760683760684 0.1 0.013675213675213675
5 0.24705882352941178 0.47435897435897434 0.023529411764705882 0.017094017094017096
2 0.29705882352941176 0.46794871794871795 0.052941176470588235 0.01282051282051282
4 0.4235294117647059 0.47435897435897434 0.023529411764705882 0.017094017094017096
2 0.46352941176470586 0.46794871794871795 0.03294117647058824 0.01282051282051282
1 0.2605882352941176 0.5205128205128206 0.40352941176470586 0.015384615384615385
2 0.6670588235294118 0.5645299145299145 0.15764705882352942 0.017948717948717947
1 0.6758823529411765 0.5846153846153846 0.1988235294117647 0.015384615384615385