0 0.5 0.05179982440737489 0.6423529411764706 0.015803336259877086
0 0.5 0.12203687445127305 0.28352941176470586 0.015803336259877086
2 0.09294117647058824 0.20237050043898155 0.06823529411764706 0.018437225636523266
3 0.1711764705882353 0.20017559262510976 0.052941176470588235 0.014047410008779631
2 0.09294117647058824 0.2462686567164179 0.06823529411764706 0.018437225636523266
3 0.17529411764705882 0.2462686567164179 0.0611764705882353 0.018437225636523266
2 0.11352941176470588 0.28753292361720806 0.10941176470588235 0.013169446883230905
3 0.24941176470588236 0.2901668129938543 0.12705882352941175 0.018437225636523266
2 0.49823529411764705 0.2897278314310799 0.04823529411764706 0.01755926251097454
3 0.5694117647058824 0.2884108867427568 0.058823529411764705 0.014925373134328358
2 0.10058823529411764 0.33187006145741876 0.08352941176470588 0.014047410008779631
3 0.19058823529411764 0.3340649692712906 0.0611764705882353 0.018437225636523266
2 0.48 0.33143107989464443 0.06352941176470588 0.013169446883230905
3 0.5688235294117647 0.334503950834065 0.07882352941176471 0.019315188762071993
2 0.09294117647058824 0.37796312554872696 0.06823529411764706 0.018437225636523266
3 0.16 0.37576821773485514 0.03058823529411765 0.014047410008779631
2 0.46705882352941175 0.37796312554872696 0.06823529411764706 0.018437225636523266
3 0.5358823529411765 0.37576821773485514 0.03411764705882353 0.014047410008779631
2 0.10882352941176471 0.437225636523266 0.1 0.014047410008779631
4 0.24705882352941178 0.4433713784021071 0.023529411764705882 0.01755926251097454
2 0.29705882352941176 0.4367866549604917 0.052941176470588235 0.013169446883230905
5 0.4235294117647059 0.4433713784021071 0.023529411764705882 0.01755926251097454
2 0.46352941176470586 0.4367866549604917 0.03294117647058824 0.013169446883230905
1 0.2605882352941176 0.49078138718173836 0.40352941176470586 0.015803336259877086
2 0.6670588235294118 0.5359964881474978 0.15764705882352942 0.018437225636523266
1 0.6758823529411765 0.5566286215978928 0.1988235294117647 0.015803336259877086