0 0.5 0.05038428693424424 0.6423529411764706 0.015371477369769428
0 0.5 0.11827497865072588 0.24941176470588236 0.014517506404782237
2 0.10529411764705883 0.1964133219470538 0.09294117647058824 0.017079419299743808
3 0.1988235294117647 0.19513236549957302 0.058823529411764705 0.014517506404782237
2 0.09058823529411765 0.23697694278394535 0.06352941176470588 0.012809564474807857
3 0.1635294117647059 0.23740392826643894 0.047058823529411764 0.013663535439795047
2 0.46 0.23697694278394535 0.06352941176470588 0.012809564474807857
3 0.5235294117647059 0.23740392826643894 0.02823529411764706 0.013663535439795047
2 0.08294117647058824 0.28181041844577287 0.04823529411764706 0.017079419299743808
3 0.14 0.28010247651579845 0.03058823529411765 0.013663535439795047
2 0.45941176470588235 0.28181041844577287 0.09294117647058824 0.017079419299743808
3 0.5541176470588235 0.28052946199829204 0.0611764705882353 0.014517506404782237
2 0.11352941176470588 0.3223740392826644 0.10941176470588235 0.012809564474807857
3 0.2858823529411765 0.32707087959009395 0.2 0.02220324508966695
2 0.09058823529411765 0.36507258753202393 0.06352941176470588 0.012809564474807857
3 0.16588235294117648 0.3659265584970111 0.05176470588235294 0.014517506404782237
2 0.11352941176470588 0.4077711357813834 0.10941176470588235 0.012809564474807857
3 0.2541176470588235 0.40862510674637065 0.13647058823529412 0.014517506404782237
2 0.10882352941176471 0.46797608881298036 0.1 0.013663535439795047
4 0.24705882352941178 0.4739538855678907 0.023529411764705882 0.017079419299743808
2 0.29705882352941176 0.46754910333048677 0.052941176470588235 0.012809564474807857
5 0.4235294117647059 0.4739538855678907 0.023529411764705882 0.017079419299743808
2 0.46352941176470586 0.46754910333048677 0.03294117647058824 0.012809564474807857
1 0.2605882352941176 0.520068317677199 0.40352941176470586 0.015371477369769428
2 0.6670588235294118 0.5640478223740393 0.15764705882352942 0.017933390264730998
1 0.6758823529411765 0.5841161400512382 0.1988235294117647 0.015371477369769428