0 0.5 0.05344202898550725 0.6423529411764706 0.016304347826086956
0 0.5 0.12590579710144928 0.2647058823529412 0.016304347826086956
2 0.10058823529411764 0.20652173913043478 0.08352941176470588 0.014492753623188406
2 0.48 0.20606884057971014 0.06352941176470588 0.01358695652173913
2 0.10058823529411764 0.25181159420289856 0.08352941176470588 0.014492753623188406
2 0.11352941176470588 0.2966485507246377 0.10941176470588235 0.01358695652173913
2 0.08294117647058824 0.3442028985507246 0.04823529411764706 0.018115942028985508
2 0.11294117647058824 0.3894927536231884 0.10823529411764705 0.018115942028985508
2 0.5194117647058824 0.3894927536231884 0.09294117647058824 0.018115942028985508
2 0.10882352941176471 0.45108695652173914 0.1 0.014492753623188406
4 0.24705882352941178 0.45742753623188404 0.023529411764705882 0.018115942028985508
2 0.29705882352941176 0.45063405797101447 0.052941176470588235 0.01358695652173913
4 0.4235294117647059 0.45742753623188404 0.023529411764705882 0.018115942028985508
2 0.46352941176470586 0.45063405797101447 0.03294117647058824 0.01358695652173913
1 0.2605882352941176 0.5063405797101449 0.40352941176470586 0.016304347826086956
2 0.6670588235294118 0.5529891304347826 0.15764705882352942 0.019021739130434784
1 0.6758823529411765 0.5742753623188406 0.1988235294117647 0.016304347826086956