0 0.5 0.055765595463137994 0.6423529411764706 0.017013232514177693
0 0.5 0.13137996219281664 0.28352941176470586 0.017013232514177693
2 0.1411764705882353 0.21786389413988658 0.16470588235294117 0.01984877126654064
2 0.10529411764705883 0.2646502835538752 0.09294117647058824 0.01890359168241966
2 0.09058823529411765 0.30954631379962194 0.06352941176470588 0.014177693761814745
2 0.10529411764705883 0.3591682419659735 0.09294117647058824 0.01890359168241966
2 0.10882352941176471 0.42344045368620037 0.1 0.015122873345935728
4 0.24705882352941178 0.43005671077504726 0.023529411764705882 0.01890359168241966
2 0.29705882352941176 0.4229678638941399 0.052941176470588235 0.014177693761814745
4 0.4235294117647059 0.43005671077504726 0.023529411764705882 0.01890359168241966
2 0.46352941176470586 0.4229678638941399 0.03294117647058824 0.014177693761814745
1 0.2605882352941176 0.4810964083175803 0.40352941176470586 0.017013232514177693
2 0.6670588235294118 0.529773156899811 0.15764705882352942 0.01984877126654064
1 0.6758823529411765 0.5519848771266541 0.1988235294117647 0.017013232514177693