0 0.5 0.05468025949953661 0.6423529411764706 0.016682113067655237
0 0.5 0.1283595922150139 0.23294117647058823 0.015755329008341055
2 0.09058823529411765 0.21084337349397592 0.06352941176470588 0.013901760889712697
3 0.16 0.2117701575532901 0.04 0.015755329008341055
2 0.46 0.21084337349397592 0.06352941176470588 0.013901760889712697
3 0.5288235294117647 0.21316033364226136 0.03882352941176471 0.018535681186283594
2 0.10058823529411764 0.25764596848934196 0.08352941176470588 0.014828544949026877
3 0.1811764705882353 0.2581093605189991 0.042352941176470586 0.015755329008341055
2 0.09058823529411765 0.3035217794253939 0.06352941176470588 0.013901760889712697
3 0.16 0.3063021316033364 0.04 0.019462465245597776
2 0.47 0.303985171455051 0.08352941176470588 0.014828544949026877
3 0.5458823529411765 0.303985171455051 0.03294117647058824 0.014828544949026877
2 0.09294117647058824 0.3526413345690454 0.06823529411764706 0.019462465245597776
3 0.17529411764705882 0.35078776645041704 0.0611764705882353 0.015755329008341055
2 0.4747058823529412 0.35032437442076 0.08352941176470588 0.014828544949026877
3 0.5547058823529412 0.35078776645041704 0.041176470588235294 0.015755329008341055
2 0.10882352941176471 0.4151992585727525 0.1 0.014828544949026877
4 0.24705882352941178 0.42168674698795183 0.023529411764705882 0.018535681186283594
2 0.29705882352941176 0.41473586654309547 0.052941176470588235 0.013901760889712697
5 0.4235294117647059 0.42168674698795183 0.023529411764705882 0.018535681186283594
2 0.46352941176470586 0.41473586654309547 0.03294117647058824 0.013901760889712697
1 0.2605882352941176 0.4717330861909175 0.40352941176470586 0.016682113067655237
2 0.6670588235294118 0.5194624652455978 0.15764705882352942 0.019462465245597776
1 0.6758823529411765 0.541241890639481 0.1988235294117647 0.016682113067655237