0 0.5 0.050556983718937444 0.6423529411764706 0.015424164524421594
0 0.5 0.11910882604970009 0.28352941176470586 0.015424164524421594
2 0.09058823529411765 0.19494430162810625 0.06352941176470588 0.012853470437017995
2 0.09294117647058824 0.2403598971722365 0.06823529411764706 0.017994858611825194
2 0.08294117647058824 0.2827763496143959 0.04823529411764706 0.01713796058269066
2 0.49529411764705883 0.28320479862896314 0.16470588235294117 0.017994858611825194
2 0.10058823529411764 0.32390745501285345 0.08352941176470588 0.013710368466152529
2 0.5305882352941177 0.3260497000856898 0.16470588235294117 0.017994858611825194
2 0.10882352941176471 0.3838903170522708 0.1 0.013710368466152529
5 0.24705882352941178 0.3898886032562125 0.023529411764705882 0.01713796058269066
2 0.29705882352941176 0.3834618680377035 0.052941176470588235 0.012853470437017995
4 0.4235294117647059 0.3898886032562125 0.023529411764705882 0.01713796058269066
2 0.46352941176470586 0.3834618680377035 0.03294117647058824 0.012853470437017995
1 0.2605882352941176 0.4361610968294773 0.40352941176470586 0.015424164524421594
2 0.6670588235294118 0.48029134532990575 0.15764705882352942 0.017994858611825194
1 0.6758823529411765 0.5004284490145673 0.1988235294117647 0.015424164524421594