0 0.5 0.05094991364421416 0.6423529411764706 0.015544041450777202
0 0.5 0.12003454231433507 0.30470588235294116 0.015544041450777202
2 0.1411764705882353 0.19905008635578583 0.16470588235294117 0.018134715025906734
3 0.27058823529411763 0.1973229706390328 0.058823529411764705 0.01468048359240069
2 0.5711764705882353 0.19689119170984457 0.08352941176470588 0.013816925734024179
3 0.66 0.1973229706390328 0.058823529411764705 0.01468048359240069
2 0.1411764705882353 0.2422279792746114 0.16470588235294117 0.018134715025906734
3 0.27941176470588236 0.24265975820379965 0.07647058823529412 0.018998272884283247
2 0.5611764705882353 0.23963730569948186 0.06352941176470588 0.012953367875647668
3 0.6364705882352941 0.24050086355785838 0.05176470588235294 0.01468048359240069
2 0.10529411764705883 0.2849740932642487 0.09294117647058824 0.017271157167530225
3 0.1923529411764706 0.28324697754749567 0.04588235294117647 0.013816925734024179
2 0.11352941176470588 0.32599309153713296 0.10941176470588235 0.012953367875647668
3 0.26294117647058823 0.3281519861830743 0.15411764705882353 0.017271157167530225
2 0.10882352941176471 0.38687392055267705 0.1 0.013816925734024179
4 0.24705882352941178 0.39291882556131263 0.023529411764705882 0.017271157167530225
2 0.29705882352941176 0.3864421416234888 0.052941176470588235 0.012953367875647668
5 0.4235294117647059 0.39291882556131263 0.023529411764705882 0.017271157167530225
2 0.46352941176470586 0.3864421416234888 0.03294117647058824 0.012953367875647668
1 0.2605882352941176 0.43955094991364424 0.40352941176470586 0.015544041450777202
2 0.6670588235294118 0.4840241796200345 0.15764705882352942 0.018134715025906734
1 0.6758823529411765 0.5043177892918825 0.1988235294117647 0.015544041450777202