0 0.5 0.05334538878842676 0.6423529411764706 0.0162748643761302
0 0.5 0.1256781193490054 0.28352941176470586 0.0162748643761302
2 0.10058823529411764 0.20614828209764918 0.08352941176470588 0.014466546112115732
2 0.10529411764705883 0.25316455696202533 0.09294117647058824 0.018083182640144666
2 0.10529411764705883 0.298372513562387 0.09294117647058824 0.018083182640144666
2 0.10058823529411764 0.34177215189873417 0.08352941176470588 0.014466546112115732
2 0.11352941176470588 0.38652802893309224 0.10941176470588235 0.013562386980108499
2 0.10882352941176471 0.45027124773960214 0.1 0.014466546112115732
4 0.24705882352941178 0.4566003616636528 0.023529411764705882 0.018083182640144666
2 0.29705882352941176 0.44981916817359857 0.052941176470588235 0.013562386980108499
4 0.4235294117647059 0.4566003616636528 0.023529411764705882 0.018083182640144666
2 0.46352941176470586 0.44981916817359857 0.03294117647058824 0.013562386980108499
1 0.2605882352941176 0.5054249547920434 0.40352941176470586 0.0162748643761302
2 0.6670588235294118 0.5519891500904159 0.15764705882352942 0.0189873417721519
1 0.6758823529411765 0.5732368896925859 0.1988235294117647 0.0162748643761302