0 0.5 0.050643776824034335 0.6423529411764706 0.015450643776824034
0 0.5 0.11931330472103004 0.30470588235294116 0.015450643776824034
2 0.11294117647058824 0.19742489270386265 0.10823529411764705 0.017167381974248927
3 0.21058823529411766 0.196137339055794 0.05176470588235294 0.014592274678111588
2 0.11352941176470588 0.23819742489270387 0.10941176470588235 0.012875536480686695
3 0.2488235294117647 0.23862660944206007 0.12588235294117647 0.013733905579399141
2 0.10529411764705883 0.2832618025751073 0.09294117647058824 0.017167381974248927
3 0.2 0.2836909871244635 0.0611764705882353 0.018025751072961373
2 0.09294117647058824 0.32660944206008585 0.06823529411764706 0.018025751072961373
3 0.17941176470588235 0.32660944206008585 0.06941176470588235 0.018025751072961373
2 0.4747058823529412 0.3244635193133047 0.08352941176470588 0.013733905579399141
3 0.5576470588235294 0.32660944206008585 0.047058823529411764 0.018025751072961373
2 0.08294117647058824 0.36909871244635195 0.04823529411764706 0.017167381974248927
3 0.16411764705882353 0.3699570815450644 0.07882352941176471 0.01888412017167382
2 0.10882352941176471 0.4274678111587983 0.1 0.013733905579399141
5 0.24705882352941178 0.4334763948497854 0.023529411764705882 0.017167381974248927
2 0.29705882352941176 0.4270386266094421 0.052941176470588235 0.012875536480686695
4 0.4235294117647059 0.4334763948497854 0.023529411764705882 0.017167381974248927
2 0.46352941176470586 0.4270386266094421 0.03294117647058824 0.012875536480686695
1 0.2605882352941176 0.4798283261802575 0.40352941176470586 0.015450643776824034
2 0.6670588235294118 0.5240343347639485 0.15764705882352942 0.018025751072961373
1 0.6758823529411765 0.544206008583691 0.1988235294117647 0.015450643776824034