0 0.5 0.05468025949953661 0.6423529411764706 0.016682113067655237
0 0.5 0.12882298424467098 0.2647058823529412 0.016682113067655237
2 0.10529411764705883 0.21316033364226136 0.09294117647058824 0.018535681186283594
3 0.1935294117647059 0.21362372567191845 0.04823529411764706 0.019462465245597776
2 0.48176470588235293 0.21316033364226136 0.04823529411764706 0.018535681186283594
3 0.5452941176470588 0.2117701575532901 0.04352941176470588 0.015755329008341055
2 0.09058823529411765 0.2571825764596849 0.06352941176470588 0.013901760889712697
3 0.15470588235294117 0.25996292863762743 0.029411764705882353 0.019462465245597776
2 0.11294117647058824 0.30583873957367935 0.10823529411764705 0.018535681186283594
3 0.20705882352941177 0.30444856348470806 0.04470588235294118 0.015755329008341055
2 0.09294117647058824 0.3526413345690454 0.06823529411764706 0.019462465245597776
3 0.17058823529411765 0.35078776645041704 0.05176470588235294 0.015755329008341055
2 0.10882352941176471 0.4151992585727525 0.1 0.014828544949026877
4 0.24705882352941178 0.42168674698795183 0.023529411764705882 0.018535681186283594
2 0.29705882352941176 0.41473586654309547 0.052941176470588235 0.013901760889712697
5 0.4235294117647059 0.42168674698795183 0.023529411764705882 0.018535681186283594
2 0.46352941176470586 0.41473586654309547 0.03294117647058824 0.013901760889712697
1 0.2605882352941176 0.4717330861909175 0.40352941176470586 0.016682113067655237
2 0.6670588235294118 0.5194624652455978 0.15764705882352942 0.019462465245597776
1 0.6758823529411765 0.541241890639481 0.1988235294117647 0.016682113067655237