0 0.5 0.05249110320284697 0.6423529411764706 0.01601423487544484
0 0.5 0.12322064056939502 0.23294117647058823 0.015124555160142349
2 0.1411764705882353 0.2050711743772242 0.16470588235294117 0.018683274021352312
2 0.611764705882353 0.2050711743772242 0.16470588235294117 0.018683274021352312
2 0.09058823529411765 0.24688612099644128 0.06352941176470588 0.013345195729537367
2 0.47 0.24733096085409254 0.08352941176470588 0.014234875444839857
2 0.10529411764705883 0.29359430604982206 0.09294117647058824 0.017793594306049824
2 0.10529411764705883 0.33807829181494664 0.09294117647058824 0.017793594306049824
2 0.10529411764705883 0.38256227758007116 0.09294117647058824 0.017793594306049824
2 0.10882352941176471 0.4430604982206406 0.1 0.014234875444839857
4 0.24705882352941178 0.44928825622775803 0.023529411764705882 0.017793594306049824
2 0.29705882352941176 0.44261565836298933 0.052941176470588235 0.013345195729537367
4 0.4235294117647059 0.44928825622775803 0.023529411764705882 0.017793594306049824
2 0.46352941176470586 0.44261565836298933 0.03294117647058824 0.013345195729537367
1 0.2605882352941176 0.4973309608540925 0.40352941176470586 0.01601423487544484
2 0.6670588235294118 0.5431494661921709 0.15764705882352942 0.018683274021352312
1 0.6758823529411765 0.5640569395017794 0.1988235294117647 0.01601423487544484