0 0.5 0.05635148042024833 0.6423529411764706 0.017191977077363897
0 0.5 0.13276026743075453 0.28352941176470586 0.017191977077363897
2 0.1411764705882353 0.22015281757402103 0.16470588235294117 0.02005730659025788
2 0.611764705882353 0.22015281757402103 0.16470588235294117 0.02005730659025788
2 0.10058823529411764 0.26552053486150906 0.08352941176470588 0.015281757402101241
2 0.09058823529411765 0.3127984718242598 0.06352941176470588 0.014326647564469915
2 0.4623529411764706 0.31566380133715377 0.06823529411764706 0.02005730659025788
2 0.10529411764705883 0.3629417382999045 0.09294117647058824 0.019102196752626553
2 0.5117647058823529 0.3629417382999045 0.10823529411764705 0.019102196752626553
2 0.10882352941176471 0.4278892072588348 0.1 0.015281757402101241
4 0.24705882352941178 0.43457497612225404 0.023529411764705882 0.019102196752626553
2 0.29705882352941176 0.4274116523400191 0.052941176470588235 0.014326647564469915
4 0.4235294117647059 0.43457497612225404 0.023529411764705882 0.019102196752626553
2 0.46352941176470586 0.4274116523400191 0.03294117647058824 0.014326647564469915
1 0.2605882352941176 0.48615090735434574 0.40352941176470586 0.017191977077363897
2 0.6670588235294118 0.5353390639923591 0.15764705882352942 0.02005730659025788
1 0.6758823529411765 0.5577841451766953 0.1988235294117647 0.017191977077363897