0 0.5 0.057729941291585124 0.6423529411764706 0.01761252446183953
0 0.5 0.1360078277886497 0.28352941176470586 0.01761252446183953
2 0.10058823529411764 0.22309197651663404 0.08352941176470588 0.015655577299412915
3 0.17647058823529413 0.22553816046966732 0.03294117647058824 0.02054794520547945
2 0.48 0.2226027397260274 0.06352941176470588 0.014677103718199608
3 0.55 0.2235812133072407 0.041176470588235294 0.016634050880626222
2 0.10058823529411764 0.2720156555772994 0.08352941176470588 0.015655577299412915
3 0.1952941176470588 0.27690802348336596 0.07058823529411765 0.025440313111545987
2 0.08294117647058824 0.32289628180039137 0.04823529411764706 0.019569471624266144
3 0.14 0.32093933463796476 0.03058823529411765 0.015655577299412915
2 0.4676470588235294 0.3204500978473581 0.10941176470588235 0.014677103718199608
3 0.611764705882353 0.324853228962818 0.14352941176470588 0.023483365949119372
2 0.09294117647058824 0.3723091976516634 0.06823529411764706 0.02054794520547945
3 0.1676470588235294 0.3698630136986301 0.04588235294117647 0.015655577299412915
2 0.10882352941176471 0.4383561643835616 0.1 0.015655577299412915
5 0.24705882352941178 0.4452054794520548 0.023529411764705882 0.019569471624266144
2 0.29705882352941176 0.437866927592955 0.052941176470588235 0.014677103718199608
4 0.4235294117647059 0.4452054794520548 0.023529411764705882 0.019569471624266144
2 0.46352941176470586 0.437866927592955 0.03294117647058824 0.014677103718199608
1 0.2605882352941176 0.4980430528375734 0.40352941176470586 0.01761252446183953
2 0.6670588235294118 0.5484344422700587 0.15764705882352942 0.02054794520547945
1 0.6758823529411765 0.5714285714285714 0.1988235294117647 0.01761252446183953