0 0.5 0.05635148042024833 0.6423529411764706 0.017191977077363897
0 0.5 0.13276026743075453 0.30470588235294116 0.017191977077363897
2 0.08294117647058824 0.21967526265520534 0.04823529411764706 0.019102196752626553
3 0.15941176470588236 0.22015281757402103 0.06941176470588235 0.02005730659025788
2 0.08294117647058824 0.26743075453677173 0.04823529411764706 0.019102196752626553
3 0.16 0.2679083094555874 0.07058823529411765 0.02005730659025788
2 0.4676470588235294 0.26504297994269344 0.10941176470588235 0.014326647564469915
3 0.6088235294117647 0.26743075453677173 0.1376470588235294 0.019102196752626553
2 0.09058823529411765 0.3127984718242598 0.06352941176470588 0.014326647564469915
3 0.17529411764705882 0.31566380133715377 0.07058823529411765 0.02005730659025788
2 0.09294117647058824 0.36341929321872013 0.06823529411764706 0.02005730659025788
3 0.16588235294117648 0.36103151862464183 0.042352941176470586 0.015281757402101241
2 0.11352941176470588 0.40830945558739257 0.10941176470588235 0.014326647564469915
3 0.29294117647058826 0.41356255969436484 0.21411764705882352 0.024832855778414518
2 0.10058823529411764 0.4565425023877746 0.08352941176470588 0.015281757402101241
3 0.18 0.45702005730659023 0.04 0.01623686723973257
2 0.49470588235294116 0.4584527220630373 0.09294117647058824 0.019102196752626553
3 0.5823529411764706 0.4589302769818529 0.047058823529411764 0.02005730659025788
2 0.10882352941176471 0.5234001910219676 0.1 0.015281757402101241
5 0.24705882352941178 0.5300859598853869 0.023529411764705882 0.019102196752626553
2 0.29705882352941176 0.5229226361031518 0.052941176470588235 0.014326647564469915
4 0.4235294117647059 0.5300859598853869 0.023529411764705882 0.019102196752626553
2 0.46352941176470586 0.5229226361031518 0.03294117647058824 0.014326647564469915
1 0.2605882352941176 0.5816618911174785 0.40352941176470586 0.017191977077363897
2 0.6670588235294118 0.6308500477554919 0.15764705882352942 0.02005730659025788
1 0.6758823529411765 0.6532951289398281 0.1988235294117647 0.017191977077363897