0 0.5 0.05722599418040737 0.6423529411764706 0.01745877788554801
0 0.5 0.13482056256062075 0.2647058823529412 0.01745877788554801
2 0.10529411764705883 0.22308438409311349 0.09294117647058824 0.019398642095053348
3 0.19294117647058823 0.22356935014548981 0.047058823529411764 0.020368574199806012
2 0.08294117647058824 0.27158098933074687 0.04823529411764706 0.019398642095053348
3 0.14823529411764705 0.2710960232783705 0.047058823529411764 0.01842870999030068
2 0.10529411764705883 0.3200775945683802 0.09294117647058824 0.019398642095053348
3 0.2076470588235294 0.32104752667313285 0.07647058823529412 0.02133850630455868
2 0.11294117647058824 0.3685741998060136 0.10823529411764705 0.019398642095053348
3 0.20823529411764705 0.36905916585838994 0.047058823529411764 0.020368574199806012
2 0.10882352941176471 0.43452958292919497 0.1 0.015518913676042677
5 0.24705882352941178 0.44131910766246363 0.023529411764705882 0.019398642095053348
2 0.29705882352941176 0.4340446168768186 0.052941176470588235 0.014548981571290009
4 0.4235294117647059 0.44131910766246363 0.023529411764705882 0.019398642095053348
2 0.46352941176470586 0.4340446168768186 0.03294117647058824 0.014548981571290009
1 0.2605882352941176 0.49369544131910764 0.40352941176470586 0.01745877788554801
2 0.6670588235294118 0.54364694471387 0.15764705882352942 0.020368574199806012
1 0.6758823529411765 0.5664403491755577 0.1988235294117647 0.01745877788554801