0 0.5 0.05841584158415842 0.6423529411764706 0.01782178217821782
0 0.5 0.13712871287128714 0.23294117647058823 0.016831683168316833
2 0.10058823529411764 0.22574257425742575 0.08352941176470588 0.015841584158415842
3 0.1952941176470588 0.2306930693069307 0.07058823529411765 0.02574257425742574
2 0.48 0.22524752475247525 0.06352941176470588 0.01485148514851485
3 0.5605882352941176 0.22821782178217823 0.06235294117647059 0.020792079207920793
2 0.08294117647058824 0.27722772277227725 0.04823529411764706 0.019801980198019802
3 0.14470588235294118 0.27574257425742577 0.04 0.016831683168316833
2 0.11352941176470588 0.32425742574257427 0.10941176470588235 0.01485148514851485
3 0.2847058823529412 0.3297029702970297 0.1976470588235294 0.02574257425742574
2 0.5205882352941177 0.32673267326732675 0.09294117647058824 0.019801980198019802
3 0.6152941176470588 0.32722772277227724 0.0611764705882353 0.020792079207920793
2 0.10058823529411764 0.37425742574257426 0.08352941176470588 0.015841584158415842
3 0.18411764705882352 0.37673267326732673 0.04823529411764706 0.020792079207920793
2 0.08294117647058824 0.42574257425742573 0.04823529411764706 0.019801980198019802
3 0.14588235294117646 0.42425742574257425 0.042352941176470586 0.016831683168316833
2 0.10882352941176471 0.49306930693069306 0.1 0.015841584158415842
4 0.24705882352941178 0.5 0.023529411764705882 0.019801980198019802
2 0.29705882352941176 0.49257425742574257 0.052941176470588235 0.01485148514851485
5 0.4235294117647059 0.5 0.023529411764705882 0.019801980198019802
2 0.46352941176470586 0.49257425742574257 0.03294117647058824 0.01485148514851485
1 0.2605882352941176 0.5534653465346535 0.40352941176470586 0.01782178217821782
2 0.6670588235294118 0.6044554455445544 0.15764705882352942 0.020792079207920793
1 0.6758823529411765 0.6277227722772277 0.1988235294117647 0.01782178217821782