0 0.5 0.0506872852233677 0.6423529411764706 0.015463917525773196
0 0.5 0.11898625429553264 0.23294117647058823 0.014604810996563574
2 0.08294117647058824 0.19759450171821305 0.04823529411764706 0.01718213058419244
3 0.14588235294117646 0.19630584192439862 0.042352941176470586 0.014604810996563574
2 0.08294117647058824 0.24054982817869416 0.04823529411764706 0.01718213058419244
3 0.14823529411764705 0.24097938144329897 0.047058823529411764 0.01804123711340206
2 0.45941176470588235 0.24054982817869416 0.09294117647058824 0.01718213058419244
3 0.5376470588235294 0.23926116838487974 0.02823529411764706 0.014604810996563574
2 0.10529411764705883 0.28350515463917525 0.09294117647058824 0.01718213058419244
3 0.18411764705882352 0.28393470790378006 0.029411764705882353 0.01804123711340206
2 0.09058823529411765 0.3243127147766323 0.06352941176470588 0.01288659793814433
3 0.16588235294117648 0.32517182130584193 0.05176470588235294 0.014604810996563574
2 0.46 0.3243127147766323 0.06352941176470588 0.01288659793814433
3 0.5258823529411765 0.3268900343642612 0.03294117647058824 0.01804123711340206
2 0.09294117647058824 0.3698453608247423 0.06823529411764706 0.01804123711340206
3 0.16117647058823528 0.3698453608247423 0.03294117647058824 0.01804123711340206
2 0.10882352941176471 0.42783505154639173 0.1 0.013745704467353952
4 0.24705882352941178 0.4338487972508591 0.023529411764705882 0.01718213058419244
2 0.29705882352941176 0.4274054982817869 0.052941176470588235 0.01288659793814433
5 0.4235294117647059 0.4338487972508591 0.023529411764705882 0.01718213058419244
2 0.46352941176470586 0.4274054982817869 0.03294117647058824 0.01288659793814433
1 0.2605882352941176 0.4802405498281787 0.40352941176470586 0.015463917525773196
2 0.6670588235294118 0.5244845360824743 0.15764705882352942 0.01804123711340206
1 0.6758823529411765 0.5446735395189003 0.1988235294117647 0.015463917525773196