0 0.5 0.049747048903878585 0.6423529411764706 0.01517706576728499
0 0.5 0.11720067453625632 0.2647058823529412 0.01517706576728499
2 0.10058823529411764 0.19224283305227655 0.08352941176470588 0.013490725126475547
3 0.18470588235294116 0.19224283305227655 0.04941176470588235 0.013490725126475547
2 0.49470588235294116 0.19392917369308602 0.09294117647058824 0.016863406408094434
3 0.5823529411764706 0.19435075885328837 0.047058823529411764 0.01770657672849916
2 0.1411764705882353 0.23650927487352444 0.16470588235294117 0.01770657672849916
3 0.27647058823529413 0.23650927487352444 0.07058823529411765 0.01770657672849916
2 0.611764705882353 0.23650927487352444 0.16470588235294117 0.01770657672849916
3 0.7288235294117648 0.23566610455311973 0.03411764705882353 0.016020236087689713
2 0.10058823529411764 0.2765598650927487 0.08352941176470588 0.013490725126475547
3 0.1952941176470588 0.28077571669477236 0.07058823529411765 0.021922428330522766
2 0.5029411764705882 0.27613827993254636 0.10941176470588235 0.012647554806070826
3 0.6535294117647059 0.2782462057335582 0.1564705882352941 0.016863406408094434
2 0.08294117647058824 0.32040472175379425 0.04823529411764706 0.016863406408094434
3 0.15411764705882353 0.3191399662731872 0.058823529411764705 0.01433389544688027
2 0.10882352941176471 0.3777403035413153 0.1 0.013490725126475547
4 0.24705882352941178 0.3836424957841484 0.023529411764705882 0.016863406408094434
2 0.29705882352941176 0.37731871838111297 0.052941176470588235 0.012647554806070826
5 0.4235294117647059 0.3836424957841484 0.023529411764705882 0.016863406408094434
2 0.46352941176470586 0.37731871838111297 0.03294117647058824 0.012647554806070826
1 0.2605882352941176 0.4291736930860034 0.40352941176470586 0.01517706576728499
2 0.6670588235294118 0.4725969645868465 0.15764705882352942 0.01770657672849916
1 0.6758823529411765 0.4924114671163575 0.1988235294117647 0.01517706576728499