0 0.5 0.04953820319059614 0.6423529411764706 0.015113350125944584
0 0.5 0.11628883291351805 0.23294117647058823 0.014273719563392108
2 0.09058823529411765 0.1910159529806885 0.06352941176470588 0.012594458438287154
2 0.4747058823529412 0.19311502938706968 0.09294117647058824 0.016792611251049538
2 0.1411764705882353 0.23551637279596976 0.16470588235294117 0.017632241813602016
2 0.10058823529411764 0.2753988245172124 0.08352941176470588 0.01343408900083963
2 0.10529411764705883 0.31905961376994124 0.09294117647058824 0.016792611251049538
2 0.10882352941176471 0.37615449202350965 0.1 0.01343408900083963
4 0.24705882352941178 0.382031905961377 0.023529411764705882 0.016792611251049538
2 0.29705882352941176 0.37573467674223343 0.052941176470588235 0.012594458438287154
4 0.4235294117647059 0.382031905961377 0.023529411764705882 0.016792611251049538
2 0.46352941176470586 0.37573467674223343 0.03294117647058824 0.012594458438287154
1 0.2605882352941176 0.42737195633921077 0.40352941176470586 0.015113350125944584
2 0.6670588235294118 0.4706129303106633 0.15764705882352942 0.017632241813602016
1 0.6758823529411765 0.4903442485306465 0.1988235294117647 0.015113350125944584