0 0.5 0.05103806228373702 0.6423529411764706 0.015570934256055362
0 0.5 0.12024221453287197 0.2647058823529412 0.015570934256055362
2 0.10058823529411764 0.1972318339100346 0.08352941176470588 0.01384083044982699
2 0.49 0.1972318339100346 0.08352941176470588 0.01384083044982699
3 0.5729411764705883 0.19939446366782007 0.047058823529411764 0.018166089965397925
2 0.11294117647058824 0.2422145328719723 0.10823529411764705 0.01730103806228374
2 0.5194117647058824 0.2422145328719723 0.09294117647058824 0.01730103806228374
3 0.6188235294117647 0.2426470588235294 0.07058823529411765 0.018166089965397925
2 0.11294117647058824 0.28546712802768165 0.10823529411764705 0.01730103806228374
2 0.08294117647058824 0.328719723183391 0.04823529411764706 0.01730103806228374
2 0.09058823529411765 0.36980968858131485 0.06352941176470588 0.012975778546712802
2 0.5105882352941177 0.37240484429065746 0.16470588235294117 0.018166089965397925
2 0.08294117647058824 0.41522491349480967 0.04823529411764706 0.01730103806228374
3 0.14823529411764705 0.4156574394463668 0.047058823529411764 0.018166089965397925
2 0.10882352941176471 0.4740484429065744 0.1 0.01384083044982699
4 0.24705882352941178 0.4801038062283737 0.023529411764705882 0.01730103806228374
2 0.29705882352941176 0.4736159169550173 0.052941176470588235 0.012975778546712802
5 0.4235294117647059 0.4801038062283737 0.023529411764705882 0.01730103806228374
2 0.46352941176470586 0.4736159169550173 0.03294117647058824 0.012975778546712802
1 0.2605882352941176 0.5268166089965398 0.40352941176470586 0.015570934256055362
2 0.6670588235294118 0.5713667820069204 0.15764705882352942 0.018166089965397925
1 0.6758823529411765 0.5916955017301038 0.1988235294117647 0.015570934256055362