0 0.5 0.0506872852233677 0.6423529411764706 0.015463917525773196
0 0.5 0.11941580756013746 0.2647058823529412 0.015463917525773196
2 0.09294117647058824 0.19802405498281786 0.06823529411764706 0.01804123711340206
2 0.48764705882352943 0.195446735395189 0.10941176470588235 0.01288659793814433
3 0.6170588235294118 0.19802405498281786 0.11411764705882353 0.01804123711340206
2 0.11352941176470588 0.23840206185567012 0.10941176470588235 0.01288659793814433
3 0.26588235294117646 0.24140893470790378 0.16 0.018900343642611683
2 0.10529411764705883 0.28350515463917525 0.09294117647058824 0.01718213058419244
3 0.1952941176470588 0.2822164948453608 0.05176470588235294 0.014604810996563574
2 0.10058823529411764 0.3247422680412371 0.08352941176470588 0.013745704467353952
3 0.17647058823529413 0.3268900343642612 0.03294117647058824 0.01804123711340206
2 0.10882352941176471 0.3848797250859107 0.1 0.013745704467353952
5 0.24705882352941178 0.390893470790378 0.023529411764705882 0.01718213058419244
2 0.29705882352941176 0.38445017182130586 0.052941176470588235 0.01288659793814433
4 0.4235294117647059 0.390893470790378 0.023529411764705882 0.01718213058419244
2 0.46352941176470586 0.38445017182130586 0.03294117647058824 0.01288659793814433
1 0.2605882352941176 0.4372852233676976 0.40352941176470586 0.015463917525773196
2 0.6670588235294118 0.48152920962199314 0.15764705882352942 0.01804123711340206
1 0.6758823529411765 0.5017182130584192 0.1988235294117647 0.015463917525773196