0 0.5 0.05566037735849057 0.6423529411764706 0.016981132075471698
0 0.5 0.1311320754716981 0.2647058823529412 0.016981132075471698
2 0.08294117647058824 0.2169811320754717 0.04823529411764706 0.018867924528301886
2 0.09058823529411765 0.2617924528301887 0.06352941176470588 0.014150943396226415
2 0.47 0.2622641509433962 0.08352941176470588 0.01509433962264151
2 0.09058823529411765 0.3089622641509434 0.06352941176470588 0.014150943396226415
2 0.09294117647058824 0.3589622641509434 0.06823529411764706 0.01981132075471698
2 0.48705882352941177 0.3584905660377358 0.10823529411764705 0.018867924528301886
2 0.11352941176470588 0.4033018867924528 0.10941176470588235 0.014150943396226415
2 0.5058823529411764 0.4033018867924528 0.06352941176470588 0.014150943396226415
2 0.10529411764705883 0.4528301886792453 0.09294117647058824 0.018867924528301886
2 0.10882352941176471 0.5169811320754717 0.1 0.01509433962264151
4 0.24705882352941178 0.5235849056603774 0.023529411764705882 0.018867924528301886
2 0.29705882352941176 0.5165094339622641 0.052941176470588235 0.014150943396226415
4 0.4235294117647059 0.5235849056603774 0.023529411764705882 0.018867924528301886
2 0.46352941176470586 0.5165094339622641 0.03294117647058824 0.014150943396226415
1 0.2605882352941176 0.5745283018867925 0.40352941176470586 0.016981132075471698
2 0.6670588235294118 0.6231132075471698 0.15764705882352942 0.01981132075471698
1 0.6758823529411765 0.6452830188679245 0.1988235294117647 0.016981132075471698