0 0.5 0.051215277777777776 0.6423529411764706 0.015625
0 0.5 0.12065972222222222 0.30470588235294116 0.015625
2 0.10058823529411764 0.19791666666666666 0.08352941176470588 0.013888888888888888
3 0.19117647058823528 0.20008680555555555 0.06235294117647059 0.018229166666666668
2 0.1411764705882353 0.24348958333333334 0.16470588235294117 0.018229166666666668
3 0.25529411764705884 0.2417534722222222 0.02823529411764706 0.014756944444444444
2 0.5835294117647059 0.24305555555555555 0.10823529411764705 0.017361111111111112
3 0.6717647058823529 0.24348958333333334 0.03294117647058824 0.018229166666666668
2 0.08294117647058824 0.2864583333333333 0.04823529411764706 0.017361111111111112
3 0.14588235294117646 0.28515625 0.042352941176470586 0.014756944444444444
2 0.09294117647058824 0.3302951388888889 0.06823529411764706 0.018229166666666668
3 0.16647058823529412 0.3285590277777778 0.04352941176470588 0.014756944444444444
2 0.09294117647058824 0.3736979166666667 0.06823529411764706 0.018229166666666668
3 0.1588235294117647 0.3715277777777778 0.02823529411764706 0.013888888888888888
2 0.48764705882352943 0.37109375 0.10941176470588235 0.013020833333333334
3 0.6152941176470588 0.3719618055555556 0.11058823529411765 0.014756944444444444
2 0.09058823529411765 0.4144965277777778 0.06352941176470588 0.013020833333333334
3 0.15411764705882353 0.4149305555555556 0.02823529411764706 0.013888888888888888
2 0.10882352941176471 0.4756944444444444 0.1 0.013888888888888888
5 0.24705882352941178 0.4817708333333333 0.023529411764705882 0.017361111111111112
2 0.29705882352941176 0.4752604166666667 0.052941176470588235 0.013020833333333334
4 0.4235294117647059 0.4817708333333333 0.023529411764705882 0.017361111111111112
2 0.46352941176470586 0.4752604166666667 0.03294117647058824 0.013020833333333334
1 0.2605882352941176 0.5286458333333334 0.40352941176470586 0.015625
2 0.6670588235294118 0.5733506944444444 0.15764705882352942 0.018229166666666668
1 0.6758823529411765 0.59375 0.1988235294117647 0.015625