0 0.5 0.0496215306980656 0.6423529411764706 0.015138772077375946
0 0.5 0.11690496215306981 0.2647058823529412 0.015138772077375946
2 0.1411764705882353 0.19386038687973087 0.16470588235294117 0.017661900756938603
2 0.08294117647058824 0.23549201009251472 0.04823529411764706 0.01682085786375105
2 0.45941176470588235 0.23549201009251472 0.09294117647058824 0.01682085786375105
2 0.09294117647058824 0.27796467619848614 0.06823529411764706 0.017661900756938603
2 0.09294117647058824 0.32001682085786376 0.06823529411764706 0.017661900756938603
2 0.10882352941176471 0.3767872161480236 0.1 0.01345668629100084
4 0.24705882352941178 0.3826745164003364 0.023529411764705882 0.01682085786375105
2 0.29705882352941176 0.37636669470142975 0.052941176470588235 0.012615643397813289
4 0.4235294117647059 0.3826745164003364 0.023529411764705882 0.01682085786375105
2 0.46352941176470586 0.37636669470142975 0.03294117647058824 0.012615643397813289
1 0.2605882352941176 0.4280908326324643 0.40352941176470586 0.015138772077375946
2 0.6670588235294118 0.4714045416316232 0.15764705882352942 0.017661900756938603
1 0.6758823529411765 0.4911690496215307 0.1988235294117647 0.015138772077375946