0 0.5 0.0528673835125448 0.6423529411764706 0.016129032258064516
0 0.5 0.12455197132616487 0.28352941176470586 0.016129032258064516
2 0.09058823529411765 0.20385304659498207 0.06352941176470588 0.013440860215053764
2 0.5105882352941177 0.20654121863799282 0.16470588235294117 0.01881720430107527
3 0.6317647058823529 0.20430107526881722 0.042352941176470586 0.014336917562724014
2 0.09058823529411765 0.24865591397849462 0.06352941176470588 0.013440860215053764
2 0.5105882352941177 0.2513440860215054 0.16470588235294117 0.01881720430107527
3 0.6364705882352941 0.24955197132616488 0.05176470588235294 0.015232974910394265
2 0.1411764705882353 0.2961469534050179 0.16470588235294117 0.01881720430107527
3 0.26705882352941174 0.29435483870967744 0.05176470588235294 0.015232974910394265
2 0.11294117647058824 0.34050179211469533 0.10823529411764705 0.017921146953405017
3 0.2088235294117647 0.3409498207885305 0.04823529411764706 0.01881720430107527
2 0.10529411764705883 0.38530465949820786 0.09294117647058824 0.017921146953405017
2 0.5041176470588236 0.38530465949820786 0.09294117647058824 0.017921146953405017
3 0.5847058823529412 0.3835125448028674 0.03294117647058824 0.014336917562724014
2 0.10882352941176471 0.44623655913978494 0.1 0.014336917562724014
5 0.24705882352941178 0.4525089605734767 0.023529411764705882 0.017921146953405017
2 0.29705882352941176 0.4457885304659498 0.052941176470588235 0.013440860215053764
4 0.4235294117647059 0.4525089605734767 0.023529411764705882 0.017921146953405017
2 0.46352941176470586 0.4457885304659498 0.03294117647058824 0.013440860215053764
1 0.2605882352941176 0.5008960573476703 0.40352941176470586 0.016129032258064516
2 0.6670588235294118 0.5470430107526881 0.15764705882352942 0.01881720430107527
1 0.6758823529411765 0.568100358422939 0.1988235294117647 0.016129032258064516