0 0.5 0.05876494023904383 0.6423529411764706 0.017928286852589643
0 0.5 0.13844621513944222 0.30470588235294116 0.017928286852589643
2 0.11294117647058824 0.2290836653386454 0.10823529411764705 0.0199203187250996
3 0.20588235294117646 0.22709163346613545 0.042352941176470586 0.01593625498007968
2 0.5194117647058824 0.2290836653386454 0.09294117647058824 0.0199203187250996
3 0.6070588235294118 0.2295816733067729 0.047058823529411764 0.02091633466135458
2 0.1411764705882353 0.2793824701195219 0.16470588235294117 0.02091633466135458
3 0.26294117647058823 0.27739043824701193 0.04352941176470588 0.01693227091633466
2 0.1411764705882353 0.3291832669322709 0.16470588235294117 0.02091633466135458
3 0.2576470588235294 0.32669322709163345 0.03294117647058824 0.01593625498007968
2 0.08294117647058824 0.3784860557768924 0.04823529411764706 0.0199203187250996
3 0.15529411764705883 0.37699203187250996 0.0611764705882353 0.01693227091633466
2 0.4676470588235294 0.375996015936255 0.10941176470588235 0.014940239043824702
3 0.6123529411764705 0.3794820717131474 0.14470588235294118 0.021912350597609563
2 0.10882352941176471 0.44621513944223107 0.1 0.01593625498007968
4 0.24705882352941178 0.4531872509960159 0.023529411764705882 0.0199203187250996
2 0.29705882352941176 0.4457171314741036 0.052941176470588235 0.014940239043824702
5 0.4235294117647059 0.4531872509960159 0.023529411764705882 0.0199203187250996
2 0.46352941176470586 0.4457171314741036 0.03294117647058824 0.014940239043824702
1 0.2605882352941176 0.5069721115537849 0.40352941176470586 0.017928286852589643
2 0.6670588235294118 0.5582669322709163 0.15764705882352942 0.02091633466135458
1 0.6758823529411765 0.5816733067729084 0.1988235294117647 0.017928286852589643