0 0.5 0.04920767306088407 0.6423529411764706 0.015012510425354461
0 0.5 0.11551292743953294 0.23294117647058823 0.014178482068390326
2 0.1411764705882353 0.19224353628023352 0.16470588235294117 0.01751459549624687
2 0.10529411764705883 0.2335279399499583 0.09294117647058824 0.016680567139282735
3 0.1976470588235294 0.2322768974145121 0.05647058823529412 0.014178482068390326
2 0.10529411764705883 0.27522935779816515 0.09294117647058824 0.016680567139282735
3 0.18588235294117647 0.2756463719766472 0.03294117647058824 0.01751459549624687
2 0.11294117647058824 0.31693077564637195 0.10823529411764705 0.016680567139282735
2 0.09294117647058824 0.35904920767306087 0.06823529411764706 0.01751459549624687
2 0.11352941176470588 0.39824854045037533 0.10941176470588235 0.012510425354462052
2 0.5158823529411765 0.3986655546288574 0.08352941176470588 0.013344453711426188
2 0.10882352941176471 0.457047539616347 0.1 0.013344453711426188
5 0.24705882352941178 0.4628857381150959 0.023529411764705882 0.016680567139282735
2 0.29705882352941176 0.45663052543786486 0.052941176470588235 0.012510425354462052
4 0.4235294117647059 0.4628857381150959 0.023529411764705882 0.016680567139282735
2 0.46352941176470586 0.45663052543786486 0.03294117647058824 0.012510425354462052
1 0.2605882352941176 0.5079232693911593 0.40352941176470586 0.015012510425354461
2 0.6670588235294118 0.5508757297748124 0.15764705882352942 0.01751459549624687
1 0.6758823529411765 0.5704753961634695 0.1988235294117647 0.015012510425354461