0 0.5 0.0552434456928839 0.6423529411764706 0.016853932584269662
0 0.5 0.12968164794007492 0.23294117647058823 0.015917602996254682
2 0.09294117647058824 0.21582397003745318 0.06823529411764706 0.019662921348314606
2 0.4747058823529412 0.21348314606741572 0.08352941176470588 0.0149812734082397
3 0.5511764705882353 0.21348314606741572 0.03411764705882353 0.0149812734082397
2 0.11352941176470588 0.2598314606741573 0.10941176470588235 0.014044943820224719
3 0.29764705882352943 0.2631086142322097 0.2235294117647059 0.020599250936329586
2 0.11294117647058824 0.3089887640449438 0.10823529411764705 0.018726591760299626
3 0.21411764705882352 0.30758426966292135 0.058823529411764705 0.015917602996254682
2 0.1411764705882353 0.3562734082397004 0.16470588235294117 0.019662921348314606
3 0.2611764705882353 0.3544007490636704 0.04 0.015917602996254682
2 0.11294117647058824 0.40262172284644193 0.10823529411764705 0.018726591760299626
2 0.5194117647058824 0.40262172284644193 0.09294117647058824 0.018726591760299626
3 0.6129411764705882 0.4012172284644195 0.058823529411764705 0.015917602996254682
2 0.10882352941176471 0.46629213483146065 0.1 0.0149812734082397
4 0.24705882352941178 0.47284644194756553 0.023529411764705882 0.018726591760299626
2 0.29705882352941176 0.4658239700374532 0.052941176470588235 0.014044943820224719
5 0.4235294117647059 0.47284644194756553 0.023529411764705882 0.018726591760299626
2 0.46352941176470586 0.4658239700374532 0.03294117647058824 0.014044943820224719
1 0.2605882352941176 0.5234082397003745 0.40352941176470586 0.016853932584269662
2 0.6670588235294118 0.5716292134831461 0.15764705882352942 0.019662921348314606
1 0.6758823529411765 0.5936329588014981 0.1988235294117647 0.016853932584269662