0 0.5 0.05315315315315315 0.6423529411764706 0.016216216216216217
0 0.5 0.12522522522522522 0.30470588235294116 0.016216216216216217
2 0.11294117647058824 0.2072072072072072 0.10823529411764705 0.018018018018018018
3 0.22 0.2099099099099099 0.07058823529411765 0.023423423423423424
2 0.09294117647058824 0.2527027027027027 0.06823529411764706 0.01891891891891892
3 0.18 0.25495495495495496 0.07058823529411765 0.023423423423423424
2 0.47941176470588237 0.25225225225225223 0.09294117647058824 0.018018018018018018
3 0.5635294117647058 0.2509009009009009 0.04 0.015315315315315315
2 0.10529411764705883 0.2972972972972973 0.09294117647058824 0.018018018018018018
3 0.1923529411764706 0.2954954954954955 0.04588235294117647 0.014414414414414415
2 0.1411764705882353 0.3427927927927928 0.16470588235294117 0.01891891891891892
3 0.2647058823529412 0.34054054054054056 0.047058823529411764 0.014414414414414415
2 0.5711764705882353 0.34054054054054056 0.08352941176470588 0.014414414414414415
3 0.6547058823529411 0.3427927927927928 0.04823529411764706 0.01891891891891892
2 0.1411764705882353 0.3878378378378378 0.16470588235294117 0.01891891891891892
3 0.2611764705882353 0.3878378378378378 0.04 0.01891891891891892
2 0.5758823529411765 0.38738738738738737 0.09294117647058824 0.018018018018018018
3 0.6570588235294118 0.3855855855855856 0.03411764705882353 0.014414414414414415
2 0.1411764705882353 0.4328828828828829 0.16470588235294117 0.01891891891891892
3 0.26588235294117646 0.4306306306306306 0.04941176470588235 0.014414414414414415
2 0.10882352941176471 0.4936936936936937 0.1 0.014414414414414415
5 0.24705882352941178 0.5 0.023529411764705882 0.018018018018018018
2 0.29705882352941176 0.49324324324324326 0.052941176470588235 0.013513513513513514
4 0.4235294117647059 0.5 0.023529411764705882 0.018018018018018018
2 0.46352941176470586 0.49324324324324326 0.03294117647058824 0.013513513513513514
1 0.2605882352941176 0.5486486486486486 0.40352941176470586 0.016216216216216217
2 0.6670588235294118 0.5950450450450451 0.15764705882352942 0.01891891891891892
1 0.6758823529411765 0.6162162162162163 0.1988235294117647 0.016216216216216217