0 0.5 0.050774526678141134 0.6423529411764706 0.01549053356282272
0 0.5 0.11962134251290878 0.28352941176470586 0.01549053356282272
2 0.10058823529411764 0.1962134251290878 0.08352941176470588 0.013769363166953529
3 0.18352941176470589 0.19750430292598967 0.047058823529411764 0.016351118760757316
2 0.5029411764705882 0.19578313253012047 0.10941176470588235 0.012908777969018933
3 0.6541176470588236 0.19836488812392428 0.15764705882352942 0.018072289156626505
2 0.1411764705882353 0.24139414802065404 0.16470588235294117 0.018072289156626505
3 0.25823529411764706 0.23924268502581755 0.03411764705882353 0.013769363166953529
2 0.09058823529411765 0.28184165232358005 0.06352941176470588 0.012908777969018933
3 0.1564705882352941 0.2844234079173838 0.03294117647058824 0.018072289156626505
2 0.11294117647058824 0.3270223752151463 0.10823529411764705 0.01721170395869191
3 0.21588235294117647 0.3274526678141136 0.06235294117647059 0.018072289156626505
2 0.10882352941176471 0.3855421686746988 0.1 0.013769363166953529
4 0.24705882352941178 0.39156626506024095 0.023529411764705882 0.01721170395869191
2 0.29705882352941176 0.3851118760757315 0.052941176470588235 0.012908777969018933
5 0.4235294117647059 0.39156626506024095 0.023529411764705882 0.01721170395869191
2 0.46352941176470586 0.3851118760757315 0.03294117647058824 0.012908777969018933
1 0.2605882352941176 0.4380378657487091 0.40352941176470586 0.01549053356282272
2 0.6670588235294118 0.4823580034423408 0.15764705882352942 0.018072289156626505
1 0.6758823529411765 0.5025817555938038 0.1988235294117647 0.01549053356282272