0 0.5 0.051982378854625554 0.6423529411764706 0.015859030837004406
0 0.5 0.12246696035242291 0.30470588235294116 0.015859030837004406
2 0.09058823529411765 0.20044052863436124 0.06352941176470588 0.013215859030837005
2 0.1411764705882353 0.24713656387665198 0.16470588235294117 0.018502202643171806
2 0.09058823529411765 0.28854625550660795 0.06352941176470588 0.013215859030837005
2 0.4623529411764706 0.2911894273127753 0.06823529411764706 0.018502202643171806
2 0.10058823529411764 0.33303964757709253 0.08352941176470588 0.014096916299559472
3 0.19058823529411764 0.33524229074889866 0.0611764705882353 0.018502202643171806
2 0.08294117647058824 0.3788546255506608 0.04823529411764706 0.01762114537444934
2 0.10882352941176471 0.43876651982378856 0.1 0.014096916299559472
5 0.24705882352941178 0.44493392070484583 0.023529411764705882 0.01762114537444934
2 0.29705882352941176 0.43832599118942733 0.052941176470588235 0.013215859030837005
4 0.4235294117647059 0.44493392070484583 0.023529411764705882 0.01762114537444934
2 0.46352941176470586 0.43832599118942733 0.03294117647058824 0.013215859030837005
1 0.2605882352941176 0.49251101321585905 0.40352941176470586 0.015859030837004406
2 0.6670588235294118 0.5378854625550661 0.15764705882352942 0.018502202643171806
1 0.6758823529411765 0.5585903083700441 0.1988235294117647 0.015859030837004406