0 0.5 0.056676272814601344 0.6423529411764706 0.01729106628242075
0 0.5 0.13304514889529298 0.24941176470588236 0.01633045148895293
2 0.10058823529411764 0.21902017291066284 0.08352941176470588 0.01536983669548511
2 0.49 0.21902017291066284 0.08352941176470588 0.01536983669548511
3 0.5723529411764706 0.21902017291066284 0.04588235294117647 0.01536983669548511
2 0.10529411764705883 0.2689721421709894 0.09294117647058824 0.01921229586935639
2 0.49176470588235294 0.26945244956772335 0.06823529411764706 0.020172910662824207
2 0.10529411764705883 0.3170028818443804 0.09294117647058824 0.01921229586935639
3 0.1923529411764706 0.3150816522574448 0.04588235294117647 0.01536983669548511
2 0.54 0.3174831892411143 0.16470588235294117 0.020172910662824207
3 0.6770588235294117 0.31796349663784823 0.07411764705882352 0.021133525456292025
2 0.11352941176470588 0.36263208453410184 0.10941176470588235 0.01440922190201729
2 0.08294117647058824 0.41306436119116235 0.04823529411764706 0.01921229586935639
3 0.14647058823529413 0.4116234390009606 0.04352941176470588 0.01633045148895293
2 0.1411764705882353 0.46157540826128723 0.16470588235294117 0.020172910662824207
2 0.10882352941176471 0.526416906820365 0.1 0.01536983669548511
5 0.24705882352941178 0.5331412103746398 0.023529411764705882 0.01921229586935639
2 0.29705882352941176 0.5259365994236311 0.052941176470588235 0.01440922190201729
4 0.4235294117647059 0.5331412103746398 0.023529411764705882 0.01921229586935639
2 0.46352941176470586 0.5259365994236311 0.03294117647058824 0.01440922190201729
1 0.2605882352941176 0.5850144092219021 0.40352941176470586 0.01729106628242075
2 0.6670588235294118 0.6344860710854947 0.15764705882352942 0.020172910662824207
1 0.6758823529411765 0.6570605187319885 0.1988235294117647 0.01729106628242075