0 0.5 0.05134899912967798 0.6423529411764706 0.015665796344647518
0 0.5 0.12097476066144473 0.30470588235294116 0.015665796344647518
2 0.09058823529411765 0.19799825935596171 0.06352941176470588 0.013054830287206266
2 0.11294117647058824 0.24369016536118362 0.10823529411764705 0.017406440382941687
3 0.20647058823529413 0.24238468233246302 0.04352941176470588 0.014795474325500435
2 0.5147058823529411 0.24194952132288947 0.08352941176470588 0.01392515230635335
3 0.5976470588235294 0.24238468233246302 0.047058823529411764 0.014795474325500435
2 0.1411764705882353 0.2876414273281114 0.16470588235294117 0.018276762402088774
2 0.09294117647058824 0.33115752828546563 0.06823529411764706 0.018276762402088774
2 0.1411764705882353 0.37467362924281983 0.16470588235294117 0.018276762402088774
3 0.26 0.37249782419495214 0.03764705882352941 0.01392515230635335
2 0.11352941176470588 0.4155787641427328 0.10941176470588235 0.013054830287206266
2 0.10882352941176471 0.47693646649260224 0.1 0.01392515230635335
4 0.24705882352941178 0.4830287206266319 0.023529411764705882 0.017406440382941687
2 0.29705882352941176 0.4765013054830287 0.052941176470588235 0.013054830287206266
5 0.4235294117647059 0.4830287206266319 0.023529411764705882 0.017406440382941687
2 0.46352941176470586 0.4765013054830287 0.03294117647058824 0.013054830287206266
1 0.2605882352941176 0.5300261096605744 0.40352941176470586 0.015665796344647518
2 0.6670588235294118 0.5748476936466492 0.15764705882352942 0.018276762402088774
1 0.6758823529411765 0.5953002610966057 0.1988235294117647 0.015665796344647518