0 0.5 0.051259774109470024 0.6423529411764706 0.015638575152041704
0 0.5 0.12076455256298871 0.28352941176470586 0.015638575152041704
2 0.08294117647058824 0.1998262380538662 0.04823529411764706 0.01737619461337967
3 0.15058823529411763 0.19852302345786274 0.05176470588235294 0.014769765421372719
2 0.11294117647058824 0.24326672458731538 0.10823529411764705 0.01737619461337967
3 0.20352941176470588 0.24152910512597742 0.03764705882352941 0.013900955690703735
2 0.08294117647058824 0.2867072111207645 0.04823529411764706 0.01737619461337967
3 0.15058823529411763 0.28540399652476106 0.05176470588235294 0.014769765421372719
2 0.45941176470588235 0.2867072111207645 0.09294117647058824 0.01737619461337967
3 0.5405882352941176 0.28627280625543006 0.03411764705882353 0.016507384882710686
2 0.10529411764705883 0.3301476976542137 0.09294117647058824 0.01737619461337967
3 0.19058823529411764 0.32841007819287577 0.042352941176470586 0.013900955690703735
2 0.09058823529411765 0.37141615986099047 0.06352941176470588 0.013032145960034752
3 0.1623529411764706 0.3740225890529974 0.04470588235294118 0.018245004344048653
2 0.4623529411764706 0.3740225890529974 0.06823529411764706 0.018245004344048653
3 0.5311764705882352 0.37185056472632494 0.03411764705882353 0.013900955690703735
2 0.1411764705882353 0.4174630755864466 0.16470588235294117 0.018245004344048653
3 0.2576470588235294 0.4174630755864466 0.03294117647058824 0.018245004344048653
2 0.5711764705882353 0.4152910512597741 0.08352941176470588 0.013900955690703735
3 0.6547058823529411 0.4152910512597741 0.04823529411764706 0.013900955690703735
2 0.10882352941176471 0.476107732406603 0.1 0.013900955690703735
4 0.24705882352941178 0.48218940052128584 0.023529411764705882 0.01737619461337967
2 0.29705882352941176 0.47567332754126845 0.052941176470588235 0.013032145960034752
5 0.4235294117647059 0.48218940052128584 0.023529411764705882 0.01737619461337967
2 0.46352941176470586 0.47567332754126845 0.03294117647058824 0.013032145960034752
1 0.2605882352941176 0.529105125977411 0.40352941176470586 0.015638575152041704
2 0.6670588235294118 0.5738488271068636 0.15764705882352942 0.018245004344048653
1 0.6758823529411765 0.5942658557775847 0.1988235294117647 0.015638575152041704