0 0.5 0.05258467023172905 0.6423529411764706 0.016042780748663103
0 0.5 0.12344028520499109 0.23294117647058823 0.015151515151515152
2 0.1411764705882353 0.2054367201426025 0.16470588235294117 0.01871657754010695
2 0.5758823529411765 0.20499108734402852 0.09294117647058824 0.017825311942959002
2 0.10058823529411764 0.24777183600713013 0.08352941176470588 0.0142602495543672
3 0.18294117647058825 0.24910873440285206 0.04588235294117647 0.01693404634581105
2 0.49470588235294116 0.24955436720142601 0.09294117647058824 0.017825311942959002
3 0.5823529411764706 0.24910873440285206 0.047058823529411764 0.01693404634581105
2 0.09294117647058824 0.2945632798573975 0.06823529411764706 0.01871657754010695
2 0.4747058823529412 0.29233511586452765 0.08352941176470588 0.0142602495543672
3 0.5635294117647058 0.2927807486631016 0.058823529411764705 0.015151515151515152
2 0.10529411764705883 0.33868092691622104 0.09294117647058824 0.017825311942959002
2 0.09294117647058824 0.3836898395721925 0.06823529411764706 0.01871657754010695
3 0.17529411764705882 0.3836898395721925 0.0611764705882353 0.01871657754010695
2 0.10882352941176471 0.44385026737967914 0.1 0.0142602495543672
5 0.24705882352941178 0.4500891265597148 0.023529411764705882 0.017825311942959002
2 0.29705882352941176 0.4434046345811052 0.052941176470588235 0.013368983957219251
4 0.4235294117647059 0.4500891265597148 0.023529411764705882 0.017825311942959002
2 0.46352941176470586 0.4434046345811052 0.03294117647058824 0.013368983957219251
1 0.2605882352941176 0.4982174688057041 0.40352941176470586 0.016042780748663103
2 0.6670588235294118 0.5441176470588235 0.15764705882352942 0.01871657754010695
1 0.6758823529411765 0.5650623885918004 0.1988235294117647 0.016042780748663103