0 0.5 0.05795677799607073 0.6423529411764706 0.01768172888015717
0 0.5 0.13605108055009824 0.24941176470588236 0.01669941060903733
2 0.11352941176470588 0.22347740667976423 0.10941176470588235 0.014734774066797643
3 0.2488235294117647 0.2269155206286837 0.12588235294117647 0.021611001964636542
2 0.5158823529411765 0.22396856581532418 0.08352941176470588 0.015717092337917484
3 0.5970588235294118 0.2244597249508841 0.04352941176470588 0.01669941060903733
2 0.11294117647058824 0.275049115913556 0.10823529411764705 0.019646365422396856
3 0.20529411764705882 0.2735756385068762 0.041176470588235294 0.01669941060903733
2 0.5552941176470588 0.27554027504911593 0.16470588235294117 0.0206286836935167
3 0.6811764705882353 0.2735756385068762 0.05176470588235294 0.01669941060903733
2 0.11294117647058824 0.3241650294695481 0.10823529411764705 0.019646365422396856
3 0.21411764705882352 0.32269155206286837 0.058823529411764705 0.01669941060903733
2 0.11352941176470588 0.3708251473477407 0.10941176470588235 0.014734774066797643
3 0.2958823529411765 0.3737721021611002 0.22 0.0206286836935167
2 0.11294117647058824 0.4223968565815324 0.10823529411764705 0.019646365422396856
3 0.20941176470588235 0.4204322200392927 0.04941176470588235 0.015717092337917484
2 0.5194117647058824 0.4223968565815324 0.09294117647058824 0.019646365422396856
3 0.6070588235294118 0.42288801571709234 0.047058823529411764 0.0206286836935167
2 0.10882352941176471 0.48919449901768175 0.1 0.015717092337917484
4 0.24705882352941178 0.4960707269155206 0.023529411764705882 0.019646365422396856
2 0.29705882352941176 0.48870333988212183 0.052941176470588235 0.014734774066797643
5 0.4235294117647059 0.4960707269155206 0.023529411764705882 0.019646365422396856
2 0.46352941176470586 0.48870333988212183 0.03294117647058824 0.014734774066797643
1 0.2605882352941176 0.5491159135559921 0.40352941176470586 0.01768172888015717
2 0.6670588235294118 0.599705304518664 0.15764705882352942 0.0206286836935167
1 0.6758823529411765 0.6227897838899804 0.1988235294117647 0.01768172888015717