0 0.5 0.05876494023904383 0.6423529411764706 0.017928286852589643
0 0.5 0.13844621513944222 0.2647058823529412 0.017928286852589643
2 0.11352941176470588 0.22659362549800796 0.10941176470588235 0.014940239043824702
3 0.27647058823529413 0.2290836653386454 0.1811764705882353 0.0199203187250996
2 0.1411764705882353 0.2793824701195219 0.16470588235294117 0.02091633466135458
3 0.27647058823529413 0.2818725099601594 0.07058823529411765 0.025896414342629483
2 0.09058823529411765 0.32619521912350596 0.06352941176470588 0.014940239043824702
2 0.10058823529411764 0.37649402390438247 0.08352941176470588 0.01593625498007968
3 0.19058823529411764 0.3789840637450199 0.0611764705882353 0.02091633466135458
2 0.11294117647058824 0.42828685258964144 0.10823529411764705 0.0199203187250996
2 0.10882352941176471 0.4960159362549801 0.1 0.01593625498007968
5 0.24705882352941178 0.5029880478087649 0.023529411764705882 0.0199203187250996
2 0.29705882352941176 0.4955179282868526 0.052941176470588235 0.014940239043824702
4 0.4235294117647059 0.5029880478087649 0.023529411764705882 0.0199203187250996
2 0.46352941176470586 0.4955179282868526 0.03294117647058824 0.014940239043824702
1 0.2605882352941176 0.5567729083665338 0.40352941176470586 0.017928286852589643
2 0.6670588235294118 0.6080677290836654 0.15764705882352942 0.02091633466135458
1 0.6758823529411765 0.6314741035856574 0.1988235294117647 0.017928286852589643