0 0.5 0.05094991364421416 0.6423529411764706 0.015544041450777202
0 0.5 0.1196027633851468 0.24941176470588236 0.01468048359240069
2 0.08294117647058824 0.19861830742659758 0.04823529411764706 0.017271157167530225
3 0.14823529411764705 0.19905008635578583 0.047058823529411764 0.018134715025906734
2 0.4547058823529412 0.19689119170984457 0.08352941176470588 0.013816925734024179
3 0.5452941176470588 0.19905008635578583 0.06235294117647059 0.018134715025906734
2 0.09294117647058824 0.2422279792746114 0.06823529411764706 0.018134715025906734
3 0.18411764705882352 0.24265975820379965 0.07882352941176471 0.018998272884283247
2 0.08294117647058824 0.2849740932642487 0.04823529411764706 0.017271157167530225
3 0.15058823529411763 0.28367875647668395 0.05176470588235294 0.01468048359240069
2 0.4676470588235294 0.28281519861830745 0.10941176470588235 0.012953367875647668
3 0.6464705882352941 0.28540587219343694 0.21294117647058824 0.018134715025906734
2 0.09294117647058824 0.3285837651122625 0.06823529411764706 0.018134715025906734
3 0.1688235294117647 0.32642487046632124 0.04823529411764706 0.013816925734024179
2 0.08294117647058824 0.37132987910189985 0.04823529411764706 0.017271157167530225
3 0.15941176470588236 0.37176165803108807 0.06941176470588235 0.018134715025906734
2 0.10882352941176471 0.43005181347150256 0.1 0.013816925734024179
4 0.24705882352941178 0.43609671848013815 0.023529411764705882 0.017271157167530225
2 0.29705882352941176 0.42962003454231434 0.052941176470588235 0.012953367875647668
5 0.4235294117647059 0.43609671848013815 0.023529411764705882 0.017271157167530225
2 0.46352941176470586 0.42962003454231434 0.03294117647058824 0.012953367875647668
1 0.2605882352941176 0.48272884283246975 0.40352941176470586 0.015544041450777202
2 0.6670588235294118 0.5272020725388601 0.15764705882352942 0.018134715025906734
1 0.6758823529411765 0.5474956822107081 0.1988235294117647 0.015544041450777202