0 0.5 0.0506872852233677 0.6423529411764706 0.015463917525773196
0 0.5 0.11941580756013746 0.28352941176470586 0.015463917525773196
2 0.10529411764705883 0.19759450171821305 0.09294117647058824 0.01718213058419244
2 0.11352941176470588 0.23840206185567012 0.10941176470588235 0.01288659793814433
2 0.10529411764705883 0.28350515463917525 0.09294117647058824 0.01718213058419244
2 0.5123529411764706 0.2813573883161512 0.10941176470588235 0.01288659793814433
2 0.10058823529411764 0.3247422680412371 0.08352941176470588 0.013745704467353952
2 0.5029411764705882 0.3243127147766323 0.10941176470588235 0.01288659793814433
2 0.08294117647058824 0.3694158075601375 0.04823529411764706 0.01718213058419244
2 0.4676470588235294 0.36726804123711343 0.10941176470588235 0.01288659793814433
2 0.10058823529411764 0.4106529209621993 0.08352941176470588 0.013745704467353952
2 0.49470588235294116 0.41237113402061853 0.09294117647058824 0.01718213058419244
2 0.10882352941176471 0.47079037800687284 0.1 0.013745704467353952
4 0.24705882352941178 0.47680412371134023 0.023529411764705882 0.01718213058419244
2 0.29705882352941176 0.47036082474226804 0.052941176470588235 0.01288659793814433
4 0.4235294117647059 0.47680412371134023 0.023529411764705882 0.01718213058419244
2 0.46352941176470586 0.47036082474226804 0.03294117647058824 0.01288659793814433
1 0.2605882352941176 0.5231958762886598 0.40352941176470586 0.015463917525773196
2 0.6670588235294118 0.5674398625429553 0.15764705882352942 0.01804123711340206
1 0.6758823529411765 0.5876288659793815 0.1988235294117647 0.015463917525773196