0 0.5 0.058823529411764705 0.6423529411764706 0.01794616151545364
0 0.5 0.13858424725822532 0.30470588235294116 0.01794616151545364
2 0.11352941176470588 0.22681954137587237 0.10941176470588235 0.014955134596211365
3 0.24235294117647058 0.22981056829511465 0.11294117647058824 0.020937188434695914
2 0.528235294117647 0.22931206380857427 0.10823529411764705 0.019940179461615155
3 0.6241176470588236 0.22731804586241275 0.04823529411764706 0.015952143569292122
2 0.08294117647058824 0.27916251246261214 0.04823529411764706 0.019940179461615155
3 0.14823529411764705 0.2796610169491525 0.047058823529411764 0.020937188434695914
2 0.10058823529411764 0.3270189431704885 0.08352941176470588 0.015952143569292122
3 0.18 0.3275174476570289 0.04 0.01694915254237288
2 0.08294117647058824 0.37886340977068794 0.04823529411764706 0.019940179461615155
3 0.16 0.3818544366899302 0.07058823529411765 0.0259222333000997
2 0.08294117647058824 0.4287138584247258 0.04823529411764706 0.019940179461615155
3 0.14823529411764705 0.4292123629112662 0.047058823529411764 0.020937188434695914
2 0.4676470588235294 0.42622133599202394 0.10941176470588235 0.014955134596211365
3 0.6564705882352941 0.4317048853439681 0.23294117647058823 0.0259222333000997
2 0.10882352941176471 0.4965104685942173 0.1 0.015952143569292122
4 0.24705882352941178 0.5034895314057827 0.023529411764705882 0.019940179461615155
2 0.29705882352941176 0.49601196410767695 0.052941176470588235 0.014955134596211365
5 0.4235294117647059 0.5034895314057827 0.023529411764705882 0.019940179461615155
2 0.46352941176470586 0.49601196410767695 0.03294117647058824 0.014955134596211365
1 0.2605882352941176 0.5573280159521435 0.40352941176470586 0.01794616151545364
2 0.6670588235294118 0.6086739780658026 0.15764705882352942 0.020937188434695914
1 0.6758823529411765 0.6321036889332003 0.1988235294117647 0.01794616151545364