0 0.5 0.05143853530950305 0.6423529411764706 0.015693112467306015
0 0.5 0.12118570183086312 0.28352941176470586 0.015693112467306015
2 0.09294117647058824 0.2009590235396687 0.06823529411764706 0.018308631211857017
3 0.16117647058823528 0.2009590235396687 0.03294117647058824 0.018308631211857017
2 0.4647058823529412 0.1983435047951177 0.06352941176470588 0.013077593722755012
3 0.5370588235294118 0.1987794245858762 0.04588235294117647 0.013949433304272014
2 0.09058823529411765 0.24193548387096775 0.06352941176470588 0.013077593722755012
3 0.17705882352941177 0.24498692240627726 0.07411764705882352 0.01918047079337402
2 0.45235294117647057 0.24411508282476024 0.04823529411764706 0.017436791630340016
3 0.5247058823529411 0.24455100261551874 0.0611764705882353 0.018308631211857017
2 0.09058823529411765 0.2855274629468178 0.06352941176470588 0.013077593722755012
3 0.16058823529411764 0.2863993025283348 0.041176470588235294 0.014821272885789015
2 0.47 0.28596338273757627 0.08352941176470588 0.013949433304272014
3 0.5488235294117647 0.2877070619006103 0.03882352941176471 0.017436791630340016
2 0.1411764705882353 0.3317349607672188 0.16470588235294117 0.018308631211857017
3 0.2641176470588235 0.3308631211857018 0.04588235294117647 0.016564952048823016
2 0.5835294117647059 0.33129904097646035 0.10823529411764705 0.017436791630340016
3 0.6794117647058824 0.3317349607672188 0.04823529411764706 0.018308631211857017
2 0.09294117647058824 0.37532693984306886 0.06823529411764706 0.018308631211857017
3 0.16117647058823528 0.37314734088927637 0.03294117647058824 0.013949433304272014
2 0.10882352941176471 0.43417611159546643 0.1 0.013949433304272014
4 0.24705882352941178 0.44027898866608545 0.023529411764705882 0.017436791630340016
2 0.29705882352941176 0.4337401918047079 0.052941176470588235 0.013077593722755012
5 0.4235294117647059 0.44027898866608545 0.023529411764705882 0.017436791630340016
2 0.46352941176470586 0.4337401918047079 0.03294117647058824 0.013077593722755012
1 0.2605882352941176 0.4873583260680035 0.40352941176470586 0.015693112467306015
2 0.6670588235294118 0.532258064516129 0.15764705882352942 0.018308631211857017
1 0.6758823529411765 0.5527462946817786 0.1988235294117647 0.015693112467306015