0 0.5 0.05412844036697248 0.6423529411764706 0.01651376146788991
0 0.5 0.12752293577981652 0.28352941176470586 0.01651376146788991
2 0.09294117647058824 0.21146788990825688 0.06823529411764706 0.01926605504587156
3 0.1711764705882353 0.20917431192660552 0.052941176470588235 0.014678899082568808
2 0.4747058823529412 0.20917431192660552 0.08352941176470588 0.014678899082568808
3 0.5541176470588235 0.21146788990825688 0.04 0.01926605504587156
2 0.1411764705882353 0.2573394495412844 0.16470588235294117 0.01926605504587156
3 0.27058823529411763 0.2555045871559633 0.058823529411764705 0.015596330275229359
2 0.11294117647058824 0.30275229357798167 0.10823529411764705 0.01834862385321101
3 0.20529411764705882 0.30137614678899083 0.041176470588235294 0.015596330275229359
2 0.08294117647058824 0.3486238532110092 0.04823529411764706 0.01834862385321101
3 0.15411764705882353 0.34724770642201835 0.058823529411764705 0.015596330275229359
2 0.49529411764705883 0.34908256880733946 0.16470588235294117 0.01926605504587156
3 0.6211764705882353 0.34724770642201835 0.05176470588235294 0.015596330275229359
2 0.11294117647058824 0.3944954128440367 0.10823529411764705 0.01834862385321101
3 0.21058823529411766 0.3931192660550459 0.05176470588235294 0.015596330275229359
2 0.10882352941176471 0.45688073394495415 0.1 0.014678899082568808
5 0.24705882352941178 0.463302752293578 0.023529411764705882 0.01834862385321101
2 0.29705882352941176 0.45642201834862384 0.052941176470588235 0.013761467889908258
4 0.4235294117647059 0.463302752293578 0.023529411764705882 0.01834862385321101
2 0.46352941176470586 0.45642201834862384 0.03294117647058824 0.013761467889908258
1 0.2605882352941176 0.5128440366972477 0.40352941176470586 0.01651376146788991
2 0.6670588235294118 0.560091743119266 0.15764705882352942 0.01926605504587156
1 0.6758823529411765 0.581651376146789 0.1988235294117647 0.01651376146788991