0 0.5 0.053057553956834536 0.6423529411764706 0.01618705035971223
0 0.5 0.125 0.28352941176470586 0.01618705035971223
2 0.10058823529411764 0.20503597122302158 0.08352941176470588 0.014388489208633094
2 0.5029411764705882 0.2045863309352518 0.10941176470588235 0.013489208633093525
2 0.11352941176470588 0.24955035971223022 0.10941176470588235 0.013489208633093525
2 0.11294117647058824 0.29676258992805754 0.10823529411764705 0.017985611510791366
2 0.11352941176470588 0.33947841726618705 0.10941176470588235 0.013489208633093525
2 0.49823529411764705 0.34172661870503596 0.04823529411764706 0.017985611510791366
2 0.10882352941176471 0.4028776978417266 0.1 0.014388489208633094
4 0.24705882352941178 0.4091726618705036 0.023529411764705882 0.017985611510791366
2 0.29705882352941176 0.40242805755395683 0.052941176470588235 0.013489208633093525
4 0.4235294117647059 0.4091726618705036 0.023529411764705882 0.017985611510791366
2 0.46352941176470586 0.40242805755395683 0.03294117647058824 0.013489208633093525
1 0.2605882352941176 0.4577338129496403 0.40352941176470586 0.01618705035971223
2 0.6670588235294118 0.5040467625899281 0.15764705882352942 0.018884892086330936
1 0.6758823529411765 0.5251798561151079 0.1988235294117647 0.01618705035971223