0 0.5 0.05705996131528046 0.6423529411764706 0.017408123791102514
0 0.5 0.1339458413926499 0.24941176470588236 0.01644100580270793
2 0.10529411764705883 0.22243713733075435 0.09294117647058824 0.019342359767891684
2 0.5041176470588236 0.22243713733075435 0.09294117647058824 0.019342359767891684
3 0.5905882352941176 0.2205029013539652 0.04470588235294118 0.015473887814313346
2 0.11294117647058824 0.27079303675048355 0.10823529411764705 0.019342359767891684
2 0.4970588235294118 0.27079303675048355 0.04823529411764706 0.019342359767891684
2 0.09294117647058824 0.31963249516441006 0.06823529411764706 0.020309477756286266
3 0.16647058823529412 0.3176982591876209 0.04352941176470588 0.01644100580270793
2 0.5152941176470588 0.31963249516441006 0.16470588235294117 0.020309477756286266
2 0.1411764705882353 0.3679883945841393 0.16470588235294117 0.020309477756286266
3 0.26705882352941174 0.3660541586073501 0.05176470588235294 0.01644100580270793
2 0.1411764705882353 0.41634429400386846 0.16470588235294117 0.020309477756286266
2 0.11352941176470588 0.46179883945841393 0.10941176470588235 0.014506769825918761
2 0.10882352941176471 0.5299806576402321 0.1 0.015473887814313346
4 0.24705882352941178 0.5367504835589942 0.023529411764705882 0.019342359767891684
2 0.29705882352941176 0.5294970986460348 0.052941176470588235 0.014506769825918761
5 0.4235294117647059 0.5367504835589942 0.023529411764705882 0.019342359767891684
2 0.46352941176470586 0.5294970986460348 0.03294117647058824 0.014506769825918761
1 0.2605882352941176 0.5889748549323017 0.40352941176470586 0.017408123791102514
2 0.6670588235294118 0.6387814313346228 0.15764705882352942 0.020309477756286266
1 0.6758823529411765 0.6615087040618955 0.1988235294117647 0.017408123791102514