0 0.5 0.05824284304047384 0.6423529411764706 0.017769002961500493
0 0.5 0.1372161895360316 0.28352941176470586 0.017769002961500493
2 0.10058823529411764 0.2250740375123396 0.08352941176470588 0.01579466929911155
2 0.49470588235294116 0.22704837117472854 0.09294117647058824 0.019743336623889437
2 0.09294117647058824 0.27690029615004935 0.06823529411764706 0.02073050345508391
2 0.09294117647058824 0.3262586377097729 0.06823529411764706 0.02073050345508391
2 0.11352941176470588 0.37265547877591315 0.10941176470588235 0.014807502467917079
2 0.08294117647058824 0.4244817374136229 0.04823529411764706 0.019743336623889437
2 0.4370588235294118 0.4244817374136229 0.04823529411764706 0.019743336623889437
2 0.11294117647058824 0.4738400789733465 0.10823529411764705 0.019743336623889437
2 0.4970588235294118 0.4738400789733465 0.04823529411764706 0.019743336623889437
2 0.10882352941176471 0.5409674234945706 0.1 0.01579466929911155
4 0.24705882352941178 0.5478775913129319 0.023529411764705882 0.019743336623889437
2 0.29705882352941176 0.5404738400789734 0.052941176470588235 0.014807502467917079
4 0.4235294117647059 0.5478775913129319 0.023529411764705882 0.019743336623889437
2 0.46352941176470586 0.5404738400789734 0.03294117647058824 0.014807502467917079
1 0.2605882352941176 0.6011846001974334 0.40352941176470586 0.017769002961500493
2 0.6670588235294118 0.6520236920039487 0.15764705882352942 0.02073050345508391
1 0.6758823529411765 0.6752221125370188 0.1988235294117647 0.017769002961500493