0 0.5 0.053587647593097185 0.6423529411764706 0.01634877384196185
0 0.5 0.1262488646684832 0.28352941176470586 0.01634877384196185
2 0.08294117647058824 0.2089009990917348 0.04823529411764706 0.018165304268846504
3 0.14823529411764705 0.20935513169845596 0.047058823529411764 0.01907356948228883
2 0.10058823529411764 0.2524977293369664 0.08352941176470588 0.014532243415077202
2 0.10058823529411764 0.29791099000908267 0.08352941176470588 0.014532243415077202
3 0.1811764705882353 0.29791099000908267 0.042352941176470586 0.014532243415077202
2 0.08294117647058824 0.34514078110808355 0.04823529411764706 0.018165304268846504
3 0.15411764705882353 0.3460490463215259 0.058823529411764705 0.019981834695731154
2 0.09058823529411765 0.388283378746594 0.06352941176470588 0.013623978201634877
2 0.10882352941176471 0.45231607629427795 0.1 0.014532243415077202
5 0.24705882352941178 0.4586739327883742 0.023529411764705882 0.018165304268846504
2 0.29705882352941176 0.4518619436875568 0.052941176470588235 0.013623978201634877
4 0.4235294117647059 0.4586739327883742 0.023529411764705882 0.018165304268846504
2 0.46352941176470586 0.4518619436875568 0.03294117647058824 0.013623978201634877
1 0.2605882352941176 0.5077202543142597 0.40352941176470586 0.01634877384196185
2 0.6670588235294118 0.5544959128065395 0.15764705882352942 0.01907356948228883
1 0.6758823529411765 0.5758401453224341 0.1988235294117647 0.01634877384196185