0 0.5 0.051982378854625554 0.6423529411764706 0.015859030837004406
0 0.5 0.12202643171806167 0.23294117647058823 0.014977973568281937
2 0.11294117647058824 0.2026431718061674 0.10823529411764705 0.01762114537444934
2 0.4970588235294118 0.2026431718061674 0.04823529411764706 0.01762114537444934
2 0.10529411764705883 0.24669603524229075 0.09294117647058824 0.01762114537444934
2 0.09294117647058824 0.2911894273127753 0.06823529411764706 0.018502202643171806
2 0.09294117647058824 0.33524229074889866 0.06823529411764706 0.018502202643171806
3 0.18176470588235294 0.3356828193832599 0.07411764705882352 0.019383259911894272
2 0.4647058823529412 0.33259911894273125 0.06352941176470588 0.013215859030837005
3 0.5341176470588235 0.33348017621145376 0.04 0.014977973568281937
2 0.11294117647058824 0.3788546255506608 0.10823529411764705 0.01762114537444934
2 0.10529411764705883 0.42290748898678415 0.09294117647058824 0.01762114537444934
2 0.10882352941176471 0.4828193832599119 0.1 0.014096916299559472
4 0.24705882352941178 0.4889867841409692 0.023529411764705882 0.01762114537444934
2 0.29705882352941176 0.48237885462555063 0.052941176470588235 0.013215859030837005
5 0.4235294117647059 0.4889867841409692 0.023529411764705882 0.01762114537444934
2 0.46352941176470586 0.48237885462555063 0.03294117647058824 0.013215859030837005
1 0.2605882352941176 0.5365638766519824 0.40352941176470586 0.015859030837004406
2 0.6670588235294118 0.5819383259911894 0.15764705882352942 0.018502202643171806
1 0.6758823529411765 0.6026431718061674 0.1988235294117647 0.015859030837004406