0 0.5 0.053587647593097185 0.6423529411764706 0.01634877384196185
0 0.5 0.12579473206176203 0.23294117647058823 0.015440508628519528
2 0.10058823529411764 0.20708446866485014 0.08352941176470588 0.014532243415077202
3 0.18235294117647058 0.20935513169845596 0.04470588235294118 0.01907356948228883
2 0.4823529411764706 0.20935513169845596 0.06823529411764706 0.01907356948228883
3 0.5623529411764706 0.2075386012715713 0.05647058823529412 0.015440508628519528
2 0.1411764705882353 0.2547683923705722 0.16470588235294117 0.01907356948228883
3 0.27058823529411763 0.2529518619436876 0.058823529411764705 0.015440508628519528
2 0.5835294117647059 0.254314259763851 0.10823529411764705 0.018165304268846504
3 0.6788235294117647 0.2547683923705722 0.047058823529411764 0.01907356948228883
2 0.11294117647058824 0.2997275204359673 0.10823529411764705 0.018165304268846504
3 0.20470588235294118 0.30018165304268846 0.04 0.01907356948228883
2 0.09294117647058824 0.3455949137148047 0.06823529411764706 0.01907356948228883
3 0.16823529411764707 0.3455949137148047 0.047058823529411764 0.01907356948228883
2 0.09058823529411765 0.388283378746594 0.06352941176470588 0.013623978201634877
3 0.1635294117647059 0.391008174386921 0.047058823529411764 0.01907356948228883
2 0.10882352941176471 0.45231607629427795 0.1 0.014532243415077202
4 0.24705882352941178 0.4586739327883742 0.023529411764705882 0.018165304268846504
2 0.29705882352941176 0.4518619436875568 0.052941176470588235 0.013623978201634877
5 0.4235294117647059 0.4586739327883742 0.023529411764705882 0.018165304268846504
2 0.46352941176470586 0.4518619436875568 0.03294117647058824 0.013623978201634877
1 0.2605882352941176 0.5077202543142597 0.40352941176470586 0.01634877384196185
2 0.6670588235294118 0.5544959128065395 0.15764705882352942 0.01907356948228883
1 0.6758823529411765 0.5758401453224341 0.1988235294117647 0.01634877384196185