0 0.5 0.050341296928327645 0.6423529411764706 0.015358361774744027
0 0.5 0.11860068259385666 0.30470588235294116 0.015358361774744027
2 0.11352941176470588 0.19411262798634812 0.10941176470588235 0.012798634812286689
3 0.27588235294117647 0.197098976109215 0.18 0.01877133105802048
2 0.5205882352941177 0.1962457337883959 0.09294117647058824 0.017064846416382253
3 0.6105882352941177 0.19496587030716722 0.05176470588235294 0.014505119453924915
2 0.11352941176470588 0.23677474402730375 0.10941176470588235 0.012798634812286689
3 0.24176470588235294 0.23762798634812288 0.11176470588235295 0.014505119453924915
2 0.08294117647058824 0.2815699658703072 0.04823529411764706 0.017064846416382253
3 0.14823529411764705 0.27986348122866894 0.047058823529411764 0.013651877133105802
2 0.10529411764705883 0.3242320819112628 0.09294117647058824 0.017064846416382253
3 0.2011764705882353 0.32380546075085326 0.06352941176470588 0.016211604095563138
2 0.5117647058823529 0.3242320819112628 0.10823529411764705 0.017064846416382253
3 0.6047058823529412 0.32295221843003413 0.042352941176470586 0.014505119453924915
2 0.10529411764705883 0.36689419795221845 0.09294117647058824 0.017064846416382253
3 0.20647058823529413 0.3677474402730375 0.07411764705882352 0.01877133105802048
2 0.1411764705882353 0.40998293515358364 0.16470588235294117 0.017918088737201365
3 0.27058823529411763 0.4082764505119454 0.058823529411764705 0.014505119453924915
2 0.10882352941176471 0.46757679180887374 0.1 0.013651877133105802
4 0.24705882352941178 0.4735494880546075 0.023529411764705882 0.017064846416382253
2 0.29705882352941176 0.46715017064846415 0.052941176470588235 0.012798634812286689
5 0.4235294117647059 0.4735494880546075 0.023529411764705882 0.017064846416382253
2 0.46352941176470586 0.46715017064846415 0.03294117647058824 0.012798634812286689
1 0.2605882352941176 0.5196245733788396 0.40352941176470586 0.015358361774744027
2 0.6670588235294118 0.5635665529010239 0.15764705882352942 0.017918088737201365
1 0.6758823529411765 0.5836177474402731 0.1988235294117647 0.015358361774744027