0 0.5 0.057004830917874394 0.6423529411764706 0.017391304347826087
0 0.5 0.13429951690821257 0.30470588235294116 0.017391304347826087
2 0.11352941176470588 0.21980676328502416 0.10941176470588235 0.014492753623188406
3 0.25823529411764706 0.2251207729468599 0.14470588235294118 0.025120772946859903
2 0.11352941176470588 0.26811594202898553 0.10941176470588235 0.014492753623188406
3 0.29764705882352943 0.2714975845410628 0.2235294117647059 0.021256038647342997
2 0.09058823529411765 0.3164251207729469 0.06352941176470588 0.014492753623188406
3 0.15470588235294117 0.31932367149758456 0.029411764705882353 0.020289855072463767
2 0.45235294117647057 0.3188405797101449 0.04823529411764706 0.01932367149758454
3 0.5241176470588236 0.3183574879227053 0.06 0.018357487922705314
2 0.08294117647058824 0.3671497584541063 0.04823529411764706 0.01932367149758454
3 0.15529411764705883 0.3676328502415459 0.0611764705882353 0.020289855072463767
2 0.4370588235294118 0.3671497584541063 0.04823529411764706 0.01932367149758454
3 0.5011764705882353 0.3652173913043478 0.04470588235294118 0.015458937198067632
2 0.10882352941176471 0.43285024154589374 0.1 0.015458937198067632
4 0.24705882352941178 0.4396135265700483 0.023529411764705882 0.01932367149758454
2 0.29705882352941176 0.4323671497584541 0.052941176470588235 0.014492753623188406
5 0.4235294117647059 0.4396135265700483 0.023529411764705882 0.01932367149758454
2 0.46352941176470586 0.4323671497584541 0.03294117647058824 0.014492753623188406
1 0.2605882352941176 0.49178743961352656 0.40352941176470586 0.017391304347826087
2 0.6670588235294118 0.5415458937198068 0.15764705882352942 0.020289855072463767
1 0.6758823529411765 0.5642512077294686 0.1988235294117647 0.017391304347826087