0 0.5 0.0575609756097561 0.6423529411764706 0.0175609756097561
0 0.5 0.13560975609756099 0.28352941176470586 0.0175609756097561
2 0.10529411764705883 0.22439024390243903 0.09294117647058824 0.01951219512195122
3 0.1864705882352941 0.2224390243902439 0.03411764705882353 0.015609756097560976
2 0.4894117647058824 0.22195121951219512 0.06352941176470588 0.014634146341463415
3 0.5558823529411765 0.22390243902439025 0.03411764705882353 0.018536585365853658
2 0.09294117647058824 0.2736585365853659 0.06823529411764706 0.02048780487804878
3 0.16470588235294117 0.2736585365853659 0.04 0.02048780487804878
2 0.11294117647058824 0.32195121951219513 0.10823529411764705 0.01951219512195122
3 0.20411764705882354 0.32195121951219513 0.03882352941176471 0.01951219512195122
2 0.1411764705882353 0.37121951219512195 0.16470588235294117 0.02048780487804878
3 0.26294117647058823 0.3692682926829268 0.04352941176470588 0.016585365853658537
2 0.11294117647058824 0.4195121951219512 0.10823529411764705 0.01951219512195122
3 0.20176470588235293 0.4175609756097561 0.03411764705882353 0.015609756097560976
2 0.5270588235294118 0.4195121951219512 0.10823529411764705 0.01951219512195122
3 0.6217647058823529 0.4175609756097561 0.04588235294117647 0.015609756097560976
2 0.09294117647058824 0.468780487804878 0.06823529411764706 0.02048780487804878
3 0.17588235294117646 0.468780487804878 0.06235294117647059 0.02048780487804878
2 0.4747058823529412 0.46634146341463417 0.08352941176470588 0.015609756097560976
3 0.56 0.46682926829268295 0.05176470588235294 0.016585365853658537
2 0.10882352941176471 0.5346341463414634 0.1 0.015609756097560976
5 0.24705882352941178 0.5414634146341464 0.023529411764705882 0.01951219512195122
2 0.29705882352941176 0.5341463414634147 0.052941176470588235 0.014634146341463415
4 0.4235294117647059 0.5414634146341464 0.023529411764705882 0.01951219512195122
2 0.46352941176470586 0.5341463414634147 0.03294117647058824 0.014634146341463415
1 0.2605882352941176 0.5941463414634146 0.40352941176470586 0.0175609756097561
2 0.6670588235294118 0.644390243902439 0.15764705882352942 0.02048780487804878
1 0.6758823529411765 0.6673170731707317 0.1988235294117647 0.0175609756097561