0 0.5 0.05021276595744681 0.6423529411764706 0.015319148936170212
0 0.5 0.11787234042553192 0.24941176470588236 0.01446808510638298
2 0.11294117647058824 0.19574468085106383 0.10823529411764705 0.01702127659574468
3 0.20411764705882354 0.19574468085106383 0.03882352941176471 0.01702127659574468
2 0.5047058823529412 0.19361702127659575 0.06352941176470588 0.01276595744680851
3 0.5888235294117647 0.19617021276595745 0.06941176470588235 0.017872340425531916
2 0.10529411764705883 0.23829787234042554 0.09294117647058824 0.01702127659574468
3 0.19176470588235295 0.23872340425531915 0.04470588235294118 0.017872340425531916
2 0.11352941176470588 0.27872340425531916 0.10941176470588235 0.01276595744680851
3 0.2541176470588235 0.2817021276595745 0.13647058823529412 0.01872340425531915
2 0.508235294117647 0.28127659574468084 0.06823529411764706 0.017872340425531916
2 0.11352941176470588 0.32127659574468087 0.10941176470588235 0.01276595744680851
2 0.08294117647058824 0.3659574468085106 0.04823529411764706 0.01702127659574468
3 0.1411764705882353 0.36638297872340425 0.03294117647058824 0.017872340425531916
2 0.4370588235294118 0.3659574468085106 0.04823529411764706 0.01702127659574468
3 0.5135294117647059 0.36638297872340425 0.06941176470588235 0.017872340425531916
2 0.10882352941176471 0.4238297872340426 0.1 0.013617021276595745
4 0.24705882352941178 0.4297872340425532 0.023529411764705882 0.01702127659574468
2 0.29705882352941176 0.42340425531914894 0.052941176470588235 0.01276595744680851
5 0.4235294117647059 0.4297872340425532 0.023529411764705882 0.01702127659574468
2 0.46352941176470586 0.42340425531914894 0.03294117647058824 0.01276595744680851
1 0.2605882352941176 0.4757446808510638 0.40352941176470586 0.015319148936170212
2 0.6670588235294118 0.5195744680851064 0.15764705882352942 0.017872340425531916
1 0.6758823529411765 0.5395744680851063 0.1988235294117647 0.015319148936170212