0 0.5 0.049248747913188645 0.6423529411764706 0.015025041736227046
0 0.5 0.11560934891485809 0.24941176470588236 0.014190317195325543
2 0.11294117647058824 0.19198664440734559 0.10823529411764705 0.01669449081803005
3 0.21411764705882352 0.1907345575959933 0.058823529411764705 0.014190317195325543
2 0.5047058823529412 0.1898998330550918 0.06352941176470588 0.012520868113522538
3 0.5752941176470588 0.19031719532554256 0.042352941176470586 0.01335559265442404
2 0.08294117647058824 0.2337228714524207 0.04823529411764706 0.01669449081803005
3 0.14823529411764705 0.23247078464106843 0.047058823529411764 0.014190317195325543
2 0.45941176470588235 0.2337228714524207 0.09294117647058824 0.01669449081803005
3 0.5541176470588235 0.23414023372287146 0.0611764705882353 0.017529215358931552
2 0.10529411764705883 0.27545909849749584 0.09294117647058824 0.01669449081803005
3 0.1923529411764706 0.2750417362270451 0.04588235294117647 0.015859766277128547
2 0.09058823529411765 0.3151085141903172 0.06352941176470588 0.012520868113522538
3 0.17470588235294118 0.3176126878130217 0.06941176470588235 0.017529215358931552
2 0.4823529411764706 0.31719532554257096 0.10823529411764705 0.01669449081803005
3 0.5711764705882353 0.3167779632721202 0.03411764705882353 0.015859766277128547
2 0.10882352941176471 0.3739565943238731 0.1 0.01335559265442404
4 0.24705882352941178 0.3797996661101836 0.023529411764705882 0.01669449081803005
2 0.29705882352941176 0.3735392320534224 0.052941176470588235 0.012520868113522538
5 0.4235294117647059 0.3797996661101836 0.023529411764705882 0.01669449081803005
2 0.46352941176470586 0.3735392320534224 0.03294117647058824 0.012520868113522538
1 0.2605882352941176 0.4248747913188648 0.40352941176470586 0.015025041736227046
2 0.6670588235294118 0.46786310517529217 0.15764705882352942 0.017529215358931552
1 0.6758823529411765 0.48747913188647746 0.1988235294117647 0.015025041736227046