0 0.5 0.058358061325420374 0.6423529411764706 0.017804154302670624
0 0.5 0.13699307616221562 0.24941176470588236 0.016815034619188922
2 0.11352941176470588 0.22502472799208703 0.10941176470588235 0.01483679525222552
3 0.2576470588235294 0.228486646884273 0.14352941176470588 0.021760633036597428
2 0.11294117647058824 0.27695351137487634 0.10823529411764705 0.019782393669634024
3 0.2011764705882353 0.2774480712166172 0.03294117647058824 0.020771513353115726
2 0.10529411764705883 0.3264094955489614 0.09294117647058824 0.019782393669634024
3 0.1864705882352941 0.32443125618199803 0.03411764705882353 0.01582591493570722
2 0.5123529411764706 0.3239366963402572 0.10941176470588235 0.01483679525222552
3 0.7029411764705882 0.3269040553907023 0.23647058823529413 0.020771513353115726
2 0.10529411764705883 0.3758654797230465 0.09294117647058824 0.019782393669634024
3 0.1864705882352941 0.37388724035608306 0.03411764705882353 0.01582591493570722
2 0.08294117647058824 0.42532146389713155 0.04823529411764706 0.019782393669634024
3 0.14941176470588236 0.42334322453016815 0.04941176470588235 0.01582591493570722
2 0.10882352941176471 0.49258160237388726 0.1 0.01582591493570722
5 0.24705882352941178 0.49950544015825915 0.023529411764705882 0.019782393669634024
2 0.29705882352941176 0.4920870425321464 0.052941176470588235 0.01483679525222552
4 0.4235294117647059 0.49950544015825915 0.023529411764705882 0.019782393669634024
2 0.46352941176470586 0.4920870425321464 0.03294117647058824 0.01483679525222552
1 0.2605882352941176 0.552917903066271 0.40352941176470586 0.017804154302670624
2 0.6670588235294118 0.6038575667655787 0.15764705882352942 0.020771513353115726
1 0.6758823529411765 0.6271018793273986 0.1988235294117647 0.017804154302670624