0 0.5 0.04991539763113367 0.6423529411764706 0.015228426395939087
0 0.5 0.11717428087986463 0.24941176470588236 0.014382402707275803
2 0.10529411764705883 0.19458544839255498 0.09294117647058824 0.01692047377326565
3 0.19117647058823528 0.19331641285956006 0.04352941176470588 0.014382402707275803
2 0.11352941176470588 0.23477157360406092 0.10941176470588235 0.012690355329949238
2 0.08294117647058824 0.27918781725888325 0.04823529411764706 0.01692047377326565
3 0.14823529411764705 0.2796108291032149 0.047058823529411764 0.017766497461928935
2 0.11294117647058824 0.32148900169204736 0.10823529411764705 0.01692047377326565
2 0.5147058823529411 0.3197969543147208 0.08352941176470588 0.01353637901861252
3 0.5976470588235294 0.32021996615905246 0.047058823529411764 0.014382402707275803
2 0.11294117647058824 0.3637901861252115 0.10823529411764705 0.01692047377326565
3 0.21058823529411766 0.36252115059221657 0.05176470588235294 0.014382402707275803
2 0.5070588235294118 0.36421319796954316 0.06823529411764706 0.017766497461928935
3 0.5811764705882353 0.36252115059221657 0.04470588235294118 0.014382402707275803
2 0.10529411764705883 0.40609137055837563 0.09294117647058824 0.01692047377326565
3 0.20058823529411765 0.40651438240270726 0.06235294117647059 0.017766497461928935
2 0.10882352941176471 0.46362098138747887 0.1 0.01353637901861252
4 0.24705882352941178 0.46954314720812185 0.023529411764705882 0.01692047377326565
2 0.29705882352941176 0.4631979695431472 0.052941176470588235 0.012690355329949238
5 0.4235294117647059 0.46954314720812185 0.023529411764705882 0.01692047377326565
2 0.46352941176470586 0.4631979695431472 0.03294117647058824 0.012690355329949238
1 0.2605882352941176 0.5152284263959391 0.40352941176470586 0.015228426395939087
2 0.6670588235294118 0.5587986463620981 0.15764705882352942 0.017766497461928935
1 0.6758823529411765 0.5786802030456852 0.1988235294117647 0.015228426395939087