0 0.5 0.04983108108108108 0.6423529411764706 0.015202702702702704
0 0.5 0.11697635135135136 0.23294117647058823 0.014358108108108109
2 0.10529411764705883 0.19425675675675674 0.09294117647058824 0.016891891891891893
3 0.1888235294117647 0.19425675675675674 0.03882352941176471 0.016891891891891893
2 0.09058823529411765 0.234375 0.06352941176470588 0.01266891891891892
3 0.16 0.2352195945945946 0.04 0.014358108108108109
2 0.08294117647058824 0.27871621621621623 0.04823529411764706 0.016891891891891893
3 0.14941176470588236 0.27702702702702703 0.04941176470588235 0.013513513513513514
2 0.09058823529411765 0.3188344594594595 0.06352941176470588 0.01266891891891892
3 0.17529411764705882 0.32136824324324326 0.07058823529411765 0.017736486486486486
2 0.4747058823529412 0.32094594594594594 0.09294117647058824 0.016891891891891893
3 0.5588235294117647 0.31967905405405406 0.04 0.014358108108108109
2 0.09294117647058824 0.36359797297297297 0.06823529411764706 0.017736486486486486
3 0.17411764705882352 0.36190878378378377 0.058823529411764705 0.014358108108108109
2 0.48705882352941177 0.36317567567567566 0.10823529411764705 0.016891891891891893
3 0.5894117647058823 0.36359797297297297 0.0611764705882353 0.017736486486486486
2 0.10882352941176471 0.4206081081081081 0.1 0.013513513513513514
4 0.24705882352941178 0.4265202702702703 0.023529411764705882 0.016891891891891893
2 0.29705882352941176 0.4201858108108108 0.052941176470588235 0.01266891891891892
5 0.4235294117647059 0.4265202702702703 0.023529411764705882 0.016891891891891893
2 0.46352941176470586 0.4201858108108108 0.03294117647058824 0.01266891891891892
1 0.2605882352941176 0.4721283783783784 0.40352941176470586 0.015202702702702704
2 0.6670588235294118 0.515625 0.15764705882352942 0.017736486486486486
1 0.6758823529411765 0.535472972972973 0.1988235294117647 0.015202702702702704