0 0.5 0.05 0.6423529411764706 0.015254237288135594
0 0.5 0.1173728813559322 0.24941176470588236 0.01440677966101695
2 0.10058823529411764 0.19322033898305085 0.08352941176470588 0.013559322033898305
2 0.10058823529411764 0.23559322033898306 0.08352941176470588 0.013559322033898305
2 0.10529411764705883 0.2796610169491525 0.09294117647058824 0.01694915254237288
2 0.09294117647058824 0.32245762711864406 0.06823529411764706 0.017796610169491526
2 0.09058823529411765 0.3622881355932203 0.06352941176470588 0.012711864406779662
2 0.10058823529411764 0.40508474576271186 0.08352941176470588 0.013559322033898305
2 0.10882352941176471 0.46440677966101696 0.1 0.013559322033898305
4 0.24705882352941178 0.4703389830508475 0.023529411764705882 0.01694915254237288
2 0.29705882352941176 0.4639830508474576 0.052941176470588235 0.012711864406779662
4 0.4235294117647059 0.4703389830508475 0.023529411764705882 0.01694915254237288
2 0.46352941176470586 0.4639830508474576 0.03294117647058824 0.012711864406779662
1 0.2605882352941176 0.5161016949152543 0.40352941176470586 0.015254237288135594
2 0.6670588235294118 0.5597457627118644 0.15764705882352942 0.017796610169491526
1 0.6758823529411765 0.5796610169491525 0.1988235294117647 0.015254237288135594