0 0.5 0.05818540433925049 0.6423529411764706 0.01775147928994083
0 0.5 0.13708086785009863 0.2647058823529412 0.01775147928994083
2 0.11352941176470588 0.22435897435897437 0.10941176470588235 0.014792899408284023
3 0.2605882352941176 0.22978303747534518 0.14941176470588236 0.02564102564102564
2 0.5058823529411764 0.22435897435897437 0.06352941176470588 0.014792899408284023
2 0.11294117647058824 0.27613412228796846 0.10823529411764705 0.01972386587771203
3 0.2076470588235294 0.27416173570019725 0.04588235294117647 0.015779092702169626
2 0.10529411764705883 0.3254437869822485 0.09294117647058824 0.01972386587771203
3 0.18823529411764706 0.3234714003944773 0.03764705882352941 0.015779092702169626
2 0.54 0.3259368836291913 0.16470588235294117 0.020710059171597635
2 0.09294117647058824 0.3752465483234714 0.06823529411764706 0.020710059171597635
3 0.18411764705882352 0.3757396449704142 0.07882352941176471 0.021696252465483234
2 0.48705882352941177 0.3747534516765286 0.10823529411764705 0.01972386587771203
3 0.5935294117647059 0.3752465483234714 0.06941176470588235 0.020710059171597635
2 0.11294117647058824 0.4240631163708087 0.10823529411764705 0.01972386587771203
3 0.1988235294117647 0.42209072978303747 0.02823529411764706 0.015779092702169626
2 0.09058823529411765 0.47090729783037477 0.06352941176470588 0.014792899408284023
3 0.16647058823529412 0.4714003944773176 0.052941176470588235 0.015779092702169626
2 0.10882352941176471 0.5404339250493096 0.1 0.015779092702169626
4 0.24705882352941178 0.5473372781065089 0.023529411764705882 0.01972386587771203
2 0.29705882352941176 0.5399408284023669 0.052941176470588235 0.014792899408284023
5 0.4235294117647059 0.5473372781065089 0.023529411764705882 0.01972386587771203
2 0.46352941176470586 0.5399408284023669 0.03294117647058824 0.014792899408284023
1 0.2605882352941176 0.6005917159763313 0.40352941176470586 0.01775147928994083
2 0.6670588235294118 0.6513806706114399 0.15764705882352942 0.020710059171597635
1 0.6758823529411765 0.6745562130177515 0.1988235294117647 0.01775147928994083