0 0.5 0.05824284304047384 0.6423529411764706 0.017769002961500493
0 0.5 0.1372161895360316 0.28352941176470586 0.017769002961500493
2 0.08294117647058824 0.22704837117472854 0.04823529411764706 0.019743336623889437
3 0.14823529411764705 0.2265547877591313 0.047058823529411764 0.018756169792694965
2 0.10529411764705883 0.2764067127344521 0.09294117647058824 0.019743336623889437
2 0.11294117647058824 0.32576505429417574 0.10823529411764705 0.019743336623889437
3 0.22176470588235295 0.32675222112537017 0.07411764705882352 0.02171767028627838
2 0.5276470588235294 0.3232971372161895 0.10941176470588235 0.014807502467917079
2 0.10058823529411764 0.37314906219151034 0.08352941176470588 0.01579466929911155
2 0.5029411764705882 0.37265547877591315 0.10941176470588235 0.014807502467917079
2 0.10882352941176471 0.4422507403751234 0.1 0.01579466929911155
5 0.24705882352941178 0.4491609081934847 0.023529411764705882 0.019743336623889437
2 0.29705882352941176 0.44175715695952616 0.052941176470588235 0.014807502467917079
4 0.4235294117647059 0.4491609081934847 0.023529411764705882 0.019743336623889437
2 0.46352941176470586 0.44175715695952616 0.03294117647058824 0.014807502467917079
1 0.2605882352941176 0.5024679170779862 0.40352941176470586 0.017769002961500493
2 0.6670588235294118 0.5533070088845015 0.15764705882352942 0.02073050345508391
1 0.6758823529411765 0.5765054294175715 0.1988235294117647 0.017769002961500493