0 0.5 0.05694980694980695 0.6423529411764706 0.017374517374517374
0 0.5 0.13416988416988418 0.2647058823529412 0.017374517374517374
2 0.10058823529411764 0.22007722007722008 0.08352941176470588 0.015444015444015444
3 0.18176470588235294 0.22055984555984556 0.04352941176470588 0.016409266409266408
2 0.09294117647058824 0.27075289575289574 0.06823529411764706 0.02027027027027027
3 0.1688235294117647 0.27075289575289574 0.04823529411764706 0.02027027027027027
2 0.46705882352941175 0.27075289575289574 0.06823529411764706 0.02027027027027027
3 0.5423529411764706 0.27075289575289574 0.047058823529411764 0.02027027027027027
2 0.09294117647058824 0.319015444015444 0.06823529411764706 0.02027027027027027
3 0.16647058823529412 0.3170849420849421 0.04352941176470588 0.016409266409266408
2 0.1411764705882353 0.3672779922779923 0.16470588235294117 0.02027027027027027
3 0.26941176470588235 0.36534749034749037 0.05647058823529412 0.016409266409266408
2 0.10882352941176471 0.43243243243243246 0.1 0.015444015444015444
4 0.24705882352941178 0.4391891891891892 0.023529411764705882 0.019305019305019305
2 0.29705882352941176 0.43194980694980695 0.052941176470588235 0.01447876447876448
5 0.4235294117647059 0.4391891891891892 0.023529411764705882 0.019305019305019305
2 0.46352941176470586 0.43194980694980695 0.03294117647058824 0.01447876447876448
1 0.2605882352941176 0.49131274131274133 0.40352941176470586 0.017374517374517374
2 0.6670588235294118 0.541023166023166 0.15764705882352942 0.02027027027027027
1 0.6758823529411765 0.5637065637065637 0.1988235294117647 0.017374517374517374