0 0.5 0.050818260120585705 0.6423529411764706 0.015503875968992248
0 0.5 0.11972437553832903 0.28352941176470586 0.015503875968992248
2 0.10529411764705883 0.19810508182601205 0.09294117647058824 0.017226528854435832
2 0.10058823529411764 0.23944875107665806 0.08352941176470588 0.013781223083548665
2 0.10058823529411764 0.28251507321274766 0.08352941176470588 0.013781223083548665
2 0.10058823529411764 0.32558139534883723 0.08352941176470588 0.013781223083548665
2 0.08294117647058824 0.37037037037037035 0.04823529411764706 0.017226528854435832
2 0.4676470588235294 0.3682170542635659 0.10941176470588235 0.012919896640826873
2 0.11294117647058824 0.4134366925064599 0.10823529411764705 0.017226528854435832
2 0.10882352941176471 0.4720068906115418 0.1 0.013781223083548665
4 0.24705882352941178 0.4780361757105943 0.023529411764705882 0.017226528854435832
2 0.29705882352941176 0.4715762273901809 0.052941176470588235 0.012919896640826873
4 0.4235294117647059 0.4780361757105943 0.023529411764705882 0.017226528854435832
2 0.46352941176470586 0.4715762273901809 0.03294117647058824 0.012919896640826873
1 0.2605882352941176 0.524547803617571 0.40352941176470586 0.015503875968992248
2 0.6670588235294118 0.5689061154177433 0.15764705882352942 0.01808785529715762
1 0.6758823529411765 0.5891472868217055 0.1988235294117647 0.015503875968992248