0 0.5 0.05847373637264618 0.6423529411764706 0.017839444995044598
0 0.5 0.1377601585728444 0.2647058823529412 0.017839444995044598
2 0.09058823529411765 0.2254707631318137 0.06352941176470588 0.014866204162537165
3 0.15411764705882353 0.22646184340931616 0.02823529411764706 0.01684836471754212
2 0.47 0.2259663032705649 0.08352941176470588 0.015857284440039643
3 0.56 0.2284440039643211 0.0611764705882353 0.02081268582755203
2 0.08294117647058824 0.27750247770069375 0.04823529411764706 0.019821605550049554
3 0.14941176470588236 0.2755203171456888 0.04941176470588235 0.015857284440039643
2 0.09058823529411765 0.32457879088206143 0.06352941176470588 0.014866204162537165
3 0.16058823529411764 0.32556987115956393 0.041176470588235294 0.01684836471754212
2 0.1411764705882353 0.37710604558969274 0.16470588235294117 0.02081268582755203
3 0.26529411764705885 0.37462834489593655 0.04823529411764706 0.015857284440039643
2 0.09058823529411765 0.4236868186323092 0.06352941176470588 0.014866204162537165
3 0.16647058823529412 0.4241823587710605 0.052941176470588235 0.015857284440039643
2 0.11294117647058824 0.4757185332011893 0.10823529411764705 0.019821605550049554
3 0.2 0.47373637264618434 0.03058823529411765 0.015857284440039643
2 0.10882352941176471 0.5431119920713577 0.1 0.015857284440039643
4 0.24705882352941178 0.5500495540138751 0.023529411764705882 0.019821605550049554
2 0.29705882352941176 0.5426164519326065 0.052941176470588235 0.014866204162537165
5 0.4235294117647059 0.5500495540138751 0.023529411764705882 0.019821605550049554
2 0.46352941176470586 0.5426164519326065 0.03294117647058824 0.014866204162537165
1 0.2605882352941176 0.6035678889990089 0.40352941176470586 0.017839444995044598
2 0.6670588235294118 0.6546085232903865 0.15764705882352942 0.02081268582755203
1 0.6758823529411765 0.6778989098116948 0.1988235294117647 0.017839444995044598