0 0.5 0.05705996131528046 0.6423529411764706 0.017408123791102514
0 0.5 0.1344294003868472 0.2647058823529412 0.017408123791102514
2 0.08294117647058824 0.22243713733075435 0.04823529411764706 0.019342359767891684
3 0.15588235294117647 0.22292069632495165 0.06235294117647059 0.020309477756286266
2 0.11352941176470588 0.2683752417794971 0.10941176470588235 0.014506769825918761
3 0.26705882352941174 0.27176015473887816 0.1623529411764706 0.02127659574468085
2 0.08294117647058824 0.3191489361702128 0.04823529411764706 0.019342359767891684
3 0.14941176470588236 0.31721470019342357 0.04941176470588235 0.015473887814313346
2 0.10058823529411764 0.3655705996131528 0.08352941176470588 0.015473887814313346
3 0.18823529411764706 0.3660541586073501 0.05647058823529412 0.01644100580270793
2 0.4723529411764706 0.36750483558994196 0.04823529411764706 0.019342359767891684
3 0.5488235294117647 0.3679883945841393 0.06941176470588235 0.020309477756286266
2 0.1411764705882353 0.41634429400386846 0.16470588235294117 0.020309477756286266
3 0.26235294117647057 0.4144100580270793 0.042352941176470586 0.01644100580270793
2 0.611764705882353 0.41634429400386846 0.16470588235294117 0.020309477756286266
3 0.7282352941176471 0.41392649903288203 0.03294117647058824 0.015473887814313346
2 0.09294117647058824 0.4647001934235977 0.06823529411764706 0.020309477756286266
3 0.1676470588235294 0.4622823984526112 0.04588235294117647 0.015473887814313346
2 0.10882352941176471 0.5299806576402321 0.1 0.015473887814313346
4 0.24705882352941178 0.5367504835589942 0.023529411764705882 0.019342359767891684
2 0.29705882352941176 0.5294970986460348 0.052941176470588235 0.014506769825918761
5 0.4235294117647059 0.5367504835589942 0.023529411764705882 0.019342359767891684
2 0.46352941176470586 0.5294970986460348 0.03294117647058824 0.014506769825918761
1 0.2605882352941176 0.5889748549323017 0.40352941176470586 0.017408123791102514
2 0.6670588235294118 0.6387814313346228 0.15764705882352942 0.020309477756286266
1 0.6758823529411765 0.6615087040618955 0.1988235294117647 0.017408123791102514