0 0.5 0.05310531053105311 0.6423529411764706 0.016201620162016202
0 0.5 0.1251125112511251 0.30470588235294116 0.016201620162016202
2 0.10058823529411764 0.20522052205220523 0.08352941176470588 0.0144014401440144
2 0.11352941176470588 0.24977497749774977 0.10941176470588235 0.013501350135013501
2 0.10529411764705883 0.297029702970297 0.09294117647058824 0.018001800180018002
2 0.10529411764705883 0.342034203420342 0.09294117647058824 0.018001800180018002
2 0.1411764705882353 0.3874887488748875 0.16470588235294117 0.018901890189018902
2 0.10882352941176471 0.44824482448244823 0.1 0.0144014401440144
4 0.24705882352941178 0.45454545454545453 0.023529411764705882 0.018001800180018002
2 0.29705882352941176 0.44779477947794777 0.052941176470588235 0.013501350135013501
4 0.4235294117647059 0.45454545454545453 0.023529411764705882 0.018001800180018002
2 0.46352941176470586 0.44779477947794777 0.03294117647058824 0.013501350135013501
1 0.2605882352941176 0.5031503150315032 0.40352941176470586 0.016201620162016202
2 0.6670588235294118 0.5495049504950495 0.15764705882352942 0.018901890189018902
1 0.6758823529411765 0.5706570657065707 0.1988235294117647 0.016201620162016202