0 0.5 0.05060034305317324 0.6423529411764706 0.015437392795883362
0 0.5 0.11878216123499143 0.23294117647058823 0.014579759862778732
2 0.11352941176470588 0.1951114922813036 0.10941176470588235 0.012864493996569469
3 0.2664705882352941 0.1976843910806175 0.16117647058823528 0.018010291595197257
2 0.11352941176470588 0.23799313893653518 0.10941176470588235 0.012864493996569469
3 0.25 0.2388507718696398 0.12823529411764706 0.014579759862778732
2 0.09058823529411765 0.2808747855917667 0.06352941176470588 0.012864493996569469
3 0.17176470588235293 0.282590051457976 0.06352941176470588 0.016295025728987993
2 0.09294117647058824 0.3263293310463122 0.06823529411764706 0.018010291595197257
3 0.17411764705882352 0.32461406518010294 0.058823529411764705 0.014579759862778732
2 0.10529411764705883 0.3687821612349914 0.09294117647058824 0.017152658662092625
3 0.1935294117647059 0.36921097770154376 0.04823529411764706 0.018010291595197257
2 0.10882352941176471 0.42710120068610635 0.1 0.0137221269296741
4 0.24705882352941178 0.43310463121783876 0.023529411764705882 0.017152658662092625
2 0.29705882352941176 0.42667238421955406 0.052941176470588235 0.012864493996569469
5 0.4235294117647059 0.43310463121783876 0.023529411764705882 0.017152658662092625
2 0.46352941176470586 0.42667238421955406 0.03294117647058824 0.012864493996569469
1 0.2605882352941176 0.4794168096054888 0.40352941176470586 0.015437392795883362
2 0.6670588235294118 0.5235849056603774 0.15764705882352942 0.018010291595197257
1 0.6758823529411765 0.5437392795883362 0.1988235294117647 0.015437392795883362