0 0.5 0.05134899912967798 0.6423529411764706 0.015665796344647518
0 0.5 0.1205395996518712 0.23294117647058823 0.014795474325500435
2 0.09294117647058824 0.20060922541340295 0.06823529411764706 0.018276762402088774
3 0.17941176470588235 0.20060922541340295 0.06941176470588235 0.018276762402088774
2 0.45705882352941174 0.20017406440382943 0.04823529411764706 0.017406440382941687
3 0.5335294117647059 0.20060922541340295 0.06941176470588235 0.018276762402088774
2 0.09294117647058824 0.24412532637075718 0.06823529411764706 0.018276762402088774
3 0.16117647058823528 0.24412532637075718 0.03294117647058824 0.018276762402088774
2 0.08294117647058824 0.28720626631853785 0.04823529411764706 0.017406440382941687
3 0.16 0.2876414273281114 0.07058823529411765 0.018276762402088774
2 0.4676470588235294 0.28503046127067017 0.10941176470588235 0.013054830287206266
3 0.6305882352941177 0.28807658833768496 0.1811764705882353 0.019147084421235857
2 0.10529411764705883 0.3307223672758921 0.09294117647058824 0.017406440382941687
3 0.19294117647058823 0.3289817232375979 0.047058823529411764 0.01392515230635335
2 0.4894117647058824 0.32854656222802436 0.06352941176470588 0.013054830287206266
3 0.5529411764705883 0.3289817232375979 0.02823529411764706 0.01392515230635335
2 0.10882352941176471 0.38990426457789384 0.1 0.01392515230635335
4 0.24705882352941178 0.39599651871192343 0.023529411764705882 0.017406440382941687
2 0.29705882352941176 0.38946910356832026 0.052941176470588235 0.013054830287206266
5 0.4235294117647059 0.39599651871192343 0.023529411764705882 0.017406440382941687
2 0.46352941176470586 0.38946910356832026 0.03294117647058824 0.013054830287206266
1 0.2605882352941176 0.44299390774586594 0.40352941176470586 0.015665796344647518
2 0.6670588235294118 0.48781549173194083 0.15764705882352942 0.018276762402088774
1 0.6758823529411765 0.5082680591818973 0.1988235294117647 0.015665796344647518