0 0.5 0.05029838022165388 0.6423529411764706 0.015345268542199489
0 0.5 0.11807331628303495 0.23294117647058823 0.014492753623188406
2 0.09294117647058824 0.19650468883205457 0.06823529411764706 0.017902813299232736
2 0.08294117647058824 0.23870417732310314 0.04823529411764706 0.017050298380221655
3 0.14705882352941177 0.236999147485081 0.04470588235294118 0.013640238704177323
2 0.08294117647058824 0.2813299232736573 0.04823529411764706 0.017050298380221655
3 0.1411764705882353 0.2796248934356351 0.03294117647058824 0.013640238704177323
2 0.4370588235294118 0.2813299232736573 0.04823529411764706 0.017050298380221655
2 0.10529411764705883 0.32395566922421143 0.09294117647058824 0.017050298380221655
2 0.10058823529411764 0.3648763853367434 0.08352941176470588 0.013640238704177323
2 0.49470588235294116 0.36658141517476556 0.09294117647058824 0.017050298380221655
2 0.10882352941176471 0.42455242966751916 0.1 0.013640238704177323
5 0.24705882352941178 0.43052003410059675 0.023529411764705882 0.017050298380221655
2 0.29705882352941176 0.42412617220801363 0.052941176470588235 0.01278772378516624
4 0.4235294117647059 0.43052003410059675 0.023529411764705882 0.017050298380221655
2 0.46352941176470586 0.42412617220801363 0.03294117647058824 0.01278772378516624
1 0.2605882352941176 0.47655583972719523 0.40352941176470586 0.015345268542199489
2 0.6670588235294118 0.520460358056266 0.15764705882352942 0.017902813299232736
1 0.6758823529411765 0.5404944586530265 0.1988235294117647 0.015345268542199489