0 0.5 0.051709027169149865 0.6423529411764706 0.015775635407537247
0 0.5 0.12182296231375986 0.2647058823529412 0.015775635407537247
2 0.11352941176470588 0.19938650306748465 0.10941176470588235 0.013146362839614373
3 0.24235294117647058 0.20157756354075373 0.11294117647058824 0.017528483786152498
2 0.08294117647058824 0.24539877300613497 0.04823529411764706 0.017528483786152498
2 0.1411764705882353 0.28965819456617004 0.16470588235294117 0.018404907975460124
2 0.611764705882353 0.28965819456617004 0.16470588235294117 0.018404907975460124
3 0.7435294117647059 0.2887817703768624 0.06352941176470588 0.016652059596844872
2 0.10058823529411764 0.3312883435582822 0.08352941176470588 0.014022787028921999
3 0.19058823529411764 0.3334794040315513 0.0611764705882353 0.018404907975460124
2 0.49 0.3312883435582822 0.08352941176470588 0.014022787028921999
2 0.11294117647058824 0.3768624014022787 0.10823529411764705 0.017528483786152498
2 0.4970588235294118 0.3768624014022787 0.04823529411764706 0.017528483786152498
3 0.5705882352941176 0.3764241893076249 0.06352941176470588 0.016652059596844872
2 0.11352941176470588 0.41849255039439087 0.10941176470588235 0.013146362839614373
3 0.2288235294117647 0.4193689745836985 0.08588235294117647 0.014899211218229623
2 0.5564705882352942 0.42112182296231376 0.16470588235294117 0.018404907975460124
3 0.691764705882353 0.42112182296231376 0.07058823529411765 0.018404907975460124
2 0.10882352941176471 0.4802804557405784 0.1 0.014022787028921999
4 0.24705882352941178 0.4864154250657318 0.023529411764705882 0.017528483786152498
2 0.29705882352941176 0.47984224364592465 0.052941176470588235 0.013146362839614373
5 0.4235294117647059 0.4864154250657318 0.023529411764705882 0.017528483786152498
2 0.46352941176470586 0.47984224364592465 0.03294117647058824 0.013146362839614373
1 0.2605882352941176 0.5337423312883436 0.40352941176470586 0.015775635407537247
2 0.6670588235294118 0.5788781770376863 0.15764705882352942 0.018404907975460124
1 0.6758823529411765 0.5994741454864154 0.1988235294117647 0.015775635407537247