0 0.5 0.05560791705937795 0.6423529411764706 0.016965127238454288
0 0.5 0.13053722902921772 0.23294117647058823 0.016022620169651274
2 0.09058823529411765 0.21442035815268615 0.06352941176470588 0.01413760603204524
3 0.16294117647058823 0.21630537229029217 0.04588235294117647 0.017907634307257305
2 0.09058823529411765 0.26154571159283696 0.06352941176470588 0.01413760603204524
3 0.1635294117647059 0.26343072573044296 0.047058823529411764 0.017907634307257305
2 0.11352941176470588 0.30867106503298775 0.10941176470588235 0.01413760603204524
3 0.23705882352941177 0.3110273327049953 0.10235294117647059 0.01885014137606032
2 0.08294117647058824 0.3581526861451461 0.04823529411764706 0.01885014137606032
3 0.14823529411764705 0.3576814326107446 0.047058823529411764 0.017907634307257305
2 0.10882352941176471 0.4222431668237512 0.1 0.015080113100848256
5 0.24705882352941178 0.4288407163053723 0.023529411764705882 0.01885014137606032
2 0.29705882352941176 0.42177191328934965 0.052941176470588235 0.01413760603204524
4 0.4235294117647059 0.4288407163053723 0.023529411764705882 0.01885014137606032
2 0.46352941176470586 0.42177191328934965 0.03294117647058824 0.01413760603204524
1 0.2605882352941176 0.47973609802073514 0.40352941176470586 0.016965127238454288
2 0.6670588235294118 0.5282752120640904 0.15764705882352942 0.019792648444863337
1 0.6758823529411765 0.5504241281809613 0.1988235294117647 0.016965127238454288