0 0.5 0.05412844036697248 0.6423529411764706 0.01651376146788991
0 0.5 0.12706422018348623 0.23294117647058823 0.015596330275229359
2 0.10058823529411764 0.20917431192660552 0.08352941176470588 0.014678899082568808
3 0.18 0.20963302752293578 0.04 0.015596330275229359
2 0.11294117647058824 0.25688073394495414 0.10823529411764705 0.01834862385321101
3 0.2011764705882353 0.2573394495412844 0.03294117647058824 0.01926605504587156
2 0.5194117647058824 0.25688073394495414 0.09294117647058824 0.01834862385321101
3 0.6 0.25504587155963304 0.03294117647058824 0.014678899082568808
2 0.08294117647058824 0.30275229357798167 0.04823529411764706 0.01834862385321101
2 0.10529411764705883 0.3486238532110092 0.09294117647058824 0.01834862385321101
2 0.5041176470588236 0.3486238532110092 0.09294117647058824 0.01834862385321101
3 0.5882352941176471 0.34724770642201835 0.04 0.015596330275229359
2 0.09294117647058824 0.394954128440367 0.06823529411764706 0.01926605504587156
2 0.47941176470588237 0.3944954128440367 0.09294117647058824 0.01834862385321101
2 0.09294117647058824 0.4408256880733945 0.06823529411764706 0.01926605504587156
2 0.47941176470588237 0.44036697247706424 0.09294117647058824 0.01834862385321101
2 0.10882352941176471 0.5027522935779817 0.1 0.014678899082568808
5 0.24705882352941178 0.5091743119266054 0.023529411764705882 0.01834862385321101
2 0.29705882352941176 0.5022935779816514 0.052941176470588235 0.013761467889908258
4 0.4235294117647059 0.5091743119266054 0.023529411764705882 0.01834862385321101
2 0.46352941176470586 0.5022935779816514 0.03294117647058824 0.013761467889908258
1 0.2605882352941176 0.5587155963302752 0.40352941176470586 0.01651376146788991
2 0.6670588235294118 0.6059633027522936 0.15764705882352942 0.01926605504587156
1 0.6758823529411765 0.6275229357798165 0.1988235294117647 0.01651376146788991