0 0.5 0.05230496453900709 0.6423529411764706 0.015957446808510637
0 0.5 0.12322695035460993 0.30470588235294116 0.015957446808510637
2 0.09058823529411765 0.20168439716312056 0.06352941176470588 0.013297872340425532
2 0.45235294117647057 0.20390070921985815 0.04823529411764706 0.01773049645390071
2 0.11294117647058824 0.24822695035460993 0.10823529411764705 0.01773049645390071
2 0.10058823529411764 0.2907801418439716 0.08352941176470588 0.014184397163120567
2 0.49470588235294116 0.2925531914893617 0.09294117647058824 0.01773049645390071
2 0.1411764705882353 0.337322695035461 0.16470588235294117 0.018617021276595744
2 0.5841176470588235 0.3346631205673759 0.10941176470588235 0.013297872340425532
2 0.1411764705882353 0.3816489361702128 0.16470588235294117 0.018617021276595744
2 0.611764705882353 0.3816489361702128 0.16470588235294117 0.018617021276595744
2 0.10882352941176471 0.44148936170212766 0.1 0.014184397163120567
4 0.24705882352941178 0.44769503546099293 0.023529411764705882 0.01773049645390071
2 0.29705882352941176 0.44104609929078015 0.052941176470588235 0.013297872340425532
4 0.4235294117647059 0.44769503546099293 0.023529411764705882 0.01773049645390071
2 0.46352941176470586 0.44104609929078015 0.03294117647058824 0.013297872340425532
1 0.2605882352941176 0.49556737588652483 0.40352941176470586 0.015957446808510637
2 0.6670588235294118 0.5412234042553191 0.15764705882352942 0.018617021276595744
1 0.6758823529411765 0.5620567375886525 0.1988235294117647 0.015957446808510637