0 0.5 0.0504704875962361 0.6423529411764706 0.015397775876817793
0 0.5 0.11890504704875962 0.30470588235294116 0.015397775876817793
2 0.10529411764705883 0.19674935842600513 0.09294117647058824 0.01710863986313088
3 0.1923529411764706 0.19632164242942687 0.04588235294117647 0.016253207869974338
2 0.09294117647058824 0.2399486740804106 0.06823529411764706 0.017964071856287425
3 0.16823529411764707 0.23909324208725408 0.047058823529411764 0.016253207869974338
2 0.4747058823529412 0.23781009409751924 0.08352941176470588 0.013686911890504704
3 0.5688235294117647 0.2399486740804106 0.06941176470588235 0.017964071856287425
2 0.09294117647058824 0.2827202737382378 0.06823529411764706 0.017964071856287425
3 0.16411764705882353 0.2822925577416595 0.03882352941176471 0.01710863986313088
2 0.47941176470588237 0.2822925577416595 0.09294117647058824 0.01710863986313088
3 0.56 0.2805816937553465 0.03294117647058824 0.013686911890504704
2 0.08294117647058824 0.32506415739948674 0.04823529411764706 0.01710863986313088
3 0.15529411764705883 0.325491873396065 0.0611764705882353 0.017964071856287425
2 0.4470588235294118 0.325491873396065 0.06823529411764706 0.017964071856287425
3 0.5152941176470588 0.32335329341317365 0.03294117647058824 0.013686911890504704
2 0.10882352941176471 0.38323353293413176 0.1 0.013686911890504704
5 0.24705882352941178 0.38922155688622756 0.023529411764705882 0.01710863986313088
2 0.29705882352941176 0.38280581693755344 0.052941176470588235 0.01283147989734816
4 0.4235294117647059 0.38922155688622756 0.023529411764705882 0.01710863986313088
2 0.46352941176470586 0.38280581693755344 0.03294117647058824 0.01283147989734816
1 0.2605882352941176 0.4354148845166809 0.40352941176470586 0.015397775876817793
2 0.6670588235294118 0.47946963216424293 0.15764705882352942 0.017964071856287425
1 0.6758823529411765 0.49957228400342174 0.1988235294117647 0.015397775876817793