0 0.5 0.05645933014354067 0.6423529411764706 0.01722488038277512
0 0.5 0.13301435406698564 0.28352941176470586 0.01722488038277512
2 0.11352941176470588 0.21770334928229665 0.10941176470588235 0.014354066985645933
3 0.25941176470588234 0.22105263157894736 0.14705882352941177 0.021052631578947368
2 0.508235294117647 0.22057416267942584 0.06823529411764706 0.020095693779904306
3 0.5841176470588235 0.22057416267942584 0.04823529411764706 0.020095693779904306
2 0.11294117647058824 0.2679425837320574 0.10823529411764705 0.019138755980861243
3 0.20823529411764705 0.2665071770334928 0.047058823529411764 0.016267942583732056
2 0.5147058823529411 0.2660287081339713 0.08352941176470588 0.015311004784688996
3 0.5976470588235294 0.26842105263157895 0.047058823529411764 0.020095693779904306
2 0.09058823529411765 0.3133971291866029 0.06352941176470588 0.014354066985645933
3 0.1711764705882353 0.31626794258373203 0.06235294117647059 0.020095693779904306
2 0.10058823529411764 0.3617224880382775 0.08352941176470588 0.015311004784688996
3 0.17647058823529413 0.3617224880382775 0.03294117647058824 0.015311004784688996
2 0.10882352941176471 0.42870813397129187 0.1 0.015311004784688996
5 0.24705882352941178 0.4354066985645933 0.023529411764705882 0.019138755980861243
2 0.29705882352941176 0.42822966507177035 0.052941176470588235 0.014354066985645933
4 0.4235294117647059 0.4354066985645933 0.023529411764705882 0.019138755980861243
2 0.46352941176470586 0.42822966507177035 0.03294117647058824 0.014354066985645933
1 0.2605882352941176 0.48708133971291867 0.40352941176470586 0.01722488038277512
2 0.6670588235294118 0.5363636363636364 0.15764705882352942 0.020095693779904306
1 0.6758823529411765 0.5588516746411484 0.1988235294117647 0.01722488038277512