0 0.5 0.052772808586762074 0.6423529411764706 0.016100178890876567
0 0.5 0.12388193202146691 0.24941176470588236 0.01520572450805009
2 0.10058823529411764 0.2039355992844365 0.08352941176470588 0.014311270125223614
3 0.17647058823529413 0.20617173524150267 0.03294117647058824 0.018783542039355994
2 0.10529411764705883 0.2504472271914132 0.09294117647058824 0.017889087656529516
3 0.2 0.2508944543828265 0.0611764705882353 0.018783542039355994
2 0.1411764705882353 0.2956171735241503 0.16470588235294117 0.018783542039355994
3 0.2576470588235294 0.2956171735241503 0.03294117647058824 0.018783542039355994
2 0.10529411764705883 0.33989266547406083 0.09294117647058824 0.017889087656529516
3 0.18588235294117647 0.34033989266547404 0.03294117647058824 0.018783542039355994
2 0.48176470588235293 0.33989266547406083 0.04823529411764706 0.017889087656529516
3 0.5588235294117647 0.3425760286225403 0.07058823529411765 0.023255813953488372
2 0.10529411764705883 0.38461538461538464 0.09294117647058824 0.017889087656529516
3 0.19588235294117648 0.3828264758497317 0.052941176470588235 0.014311270125223614
2 0.5041176470588236 0.38461538461538464 0.09294117647058824 0.017889087656529516
3 0.6052941176470589 0.3855098389982111 0.07411764705882352 0.01967799642218247
2 0.10882352941176471 0.44543828264758495 0.1 0.014311270125223614
5 0.24705882352941178 0.4516994633273703 0.023529411764705882 0.017889087656529516
2 0.29705882352941176 0.44499105545617174 0.052941176470588235 0.013416815742397137
4 0.4235294117647059 0.4516994633273703 0.023529411764705882 0.017889087656529516
2 0.46352941176470586 0.44499105545617174 0.03294117647058824 0.013416815742397137
1 0.2605882352941176 0.5 0.40352941176470586 0.016100178890876567
2 0.6670588235294118 0.5460644007155635 0.15764705882352942 0.018783542039355994
1 0.6758823529411765 0.5670840787119857 0.1988235294117647 0.016100178890876567