0 0.5 0.05689488910318226 0.6423529411764706 0.017357762777242044
0 0.5 0.13355834136933462 0.24941176470588236 0.01639344262295082
2 0.1411764705882353 0.2222757955641273 0.16470588235294117 0.020250723240115717
2 0.09058823529411765 0.26759884281581486 0.06352941176470588 0.01446480231436837
3 0.17470588235294118 0.27049180327868855 0.06941176470588235 0.020250723240115717
2 0.08294117647058824 0.31822565091610416 0.04823529411764706 0.019286403085824494
3 0.14176470588235293 0.3162970106075217 0.03411764705882353 0.015429122468659595
2 0.1411764705882353 0.366923818707811 0.16470588235294117 0.020250723240115717
2 0.10882352941176471 0.43201542912246865 0.1 0.015429122468659595
5 0.24705882352941178 0.43876567020250723 0.023529411764705882 0.019286403085824494
2 0.29705882352941176 0.431533269045323 0.052941176470588235 0.01446480231436837
4 0.4235294117647059 0.43876567020250723 0.023529411764705882 0.019286403085824494
2 0.46352941176470586 0.431533269045323 0.03294117647058824 0.01446480231436837
1 0.2605882352941176 0.49083895853423337 0.40352941176470586 0.017357762777242044
2 0.6670588235294118 0.5405014464802315 0.15764705882352942 0.020250723240115717
1 0.6758823529411765 0.5631629701060752 0.1988235294117647 0.017357762777242044