0 0.5 0.05801376597836775 0.6423529411764706 0.017699115044247787
0 0.5 0.13618485742379546 0.23294117647058823 0.01671583087512291
2 0.10529411764705883 0.22615535889872174 0.09294117647058824 0.01966568338249754
3 0.19 0.22468043264503443 0.041176470588235294 0.01671583087512291
2 0.09294117647058824 0.275811209439528 0.06823529411764706 0.02064896755162242
3 0.1652941176470588 0.27384464110127826 0.041176470588235294 0.01671583087512291
2 0.46705882352941175 0.275811209439528 0.06823529411764706 0.02064896755162242
3 0.5447058823529412 0.27384464110127826 0.05176470588235294 0.01671583087512291
2 0.09058823529411765 0.3220255653883973 0.06352941176470588 0.014749262536873156
3 0.16117647058823528 0.3225172074729597 0.042352941176470586 0.015732546705998034
2 0.09058823529411765 0.3711897738446411 0.06352941176470588 0.014749262536873156
3 0.17176470588235293 0.37315634218289084 0.06352941176470588 0.018682399213372666
2 0.45235294117647057 0.37364798426745327 0.04823529411764706 0.01966568338249754
3 0.508235294117647 0.372173058013766 0.02823529411764706 0.01671583087512291
2 0.10058823529411764 0.42084562438544737 0.08352941176470588 0.015732546705998034
3 0.19470588235294117 0.42330383480825956 0.06941176470588235 0.02064896755162242
2 0.5029411764705882 0.42035398230088494 0.10941176470588235 0.014749262536873156
3 0.6664705882352941 0.42379547689282204 0.18235294117647058 0.021632251720747297
2 0.10882352941176471 0.4896755162241888 0.1 0.015732546705998034
5 0.24705882352941178 0.49655850540806296 0.023529411764705882 0.01966568338249754
2 0.29705882352941176 0.48918387413962633 0.052941176470588235 0.014749262536873156
4 0.4235294117647059 0.49655850540806296 0.023529411764705882 0.01966568338249754
2 0.46352941176470586 0.48918387413962633 0.03294117647058824 0.014749262536873156
1 0.2605882352941176 0.5496558505408063 0.40352941176470586 0.017699115044247787
2 0.6670588235294118 0.6002949852507374 0.15764705882352942 0.02064896755162242
1 0.6758823529411765 0.6234021632251721 0.1988235294117647 0.017699115044247787