0 0.5 0.052444444444444446 0.6423529411764706 0.016
0 0.5 0.12355555555555556 0.30470588235294116 0.016
2 0.10529411764705883 0.20444444444444446 0.09294117647058824 0.017777777777777778
3 0.20647058823529413 0.20533333333333334 0.07411764705882352 0.019555555555555555
2 0.49941176470588233 0.20266666666666666 0.08352941176470588 0.014222222222222223
3 0.5823529411764706 0.2048888888888889 0.047058823529411764 0.018666666666666668
2 0.09058823529411765 0.24666666666666667 0.06352941176470588 0.013333333333333334
3 0.1623529411764706 0.24933333333333332 0.04470588235294118 0.018666666666666668
2 0.08294117647058824 0.29333333333333333 0.04823529411764706 0.017777777777777778
3 0.15411764705882353 0.292 0.058823529411764705 0.015111111111111112
2 0.11352941176470588 0.33555555555555555 0.10941176470588235 0.013333333333333334
3 0.27647058823529413 0.3382222222222222 0.1811764705882353 0.018666666666666668
2 0.5205882352941177 0.3377777777777778 0.09294117647058824 0.017777777777777778
3 0.6076470588235294 0.336 0.04588235294117647 0.014222222222222223
2 0.10882352941176471 0.3982222222222222 0.1 0.014222222222222223
5 0.24705882352941178 0.40444444444444444 0.023529411764705882 0.017777777777777778
2 0.29705882352941176 0.3977777777777778 0.052941176470588235 0.013333333333333334
4 0.4235294117647059 0.40444444444444444 0.023529411764705882 0.017777777777777778
2 0.46352941176470586 0.3977777777777778 0.03294117647058824 0.013333333333333334
1 0.2605882352941176 0.4524444444444444 0.40352941176470586 0.016
2 0.6670588235294118 0.49822222222222223 0.15764705882352942 0.018666666666666668
1 0.6758823529411765 0.5191111111111111 0.1988235294117647 0.016