0 0.5 0.051890941072999124 0.6423529411764706 0.0158311345646438
0 0.5 0.12225153913808268 0.30470588235294116 0.0158311345646438
2 0.09058823529411765 0.20008795074758134 0.06352941176470588 0.013192612137203167
3 0.1635294117647059 0.2009674582233949 0.047058823529411764 0.014951627088830254
2 0.1411764705882353 0.24670184696569922 0.16470588235294117 0.018469656992084433
3 0.26705882352941174 0.24494283201407213 0.05176470588235294 0.014951627088830254
2 0.5535294117647059 0.24626209322779244 0.04823529411764706 0.01759014951627089
3 0.6211764705882353 0.24494283201407213 0.05176470588235294 0.014951627088830254
2 0.10529411764705883 0.29023746701846964 0.09294117647058824 0.01759014951627089
3 0.1935294117647059 0.2884784520668426 0.04823529411764706 0.014072119613016711
2 0.09058823529411765 0.33201407211961304 0.06352941176470588 0.013192612137203167
2 0.45235294117647057 0.33421284080914687 0.04823529411764706 0.01759014951627089
3 0.5111764705882353 0.3324538258575198 0.03411764705882353 0.014072119613016711
2 0.10882352941176471 0.3940193491644679 0.1 0.014072119613016711
4 0.24705882352941178 0.4001759014951627 0.023529411764705882 0.01759014951627089
2 0.29705882352941176 0.3935795954265611 0.052941176470588235 0.013192612137203167
5 0.4235294117647059 0.4001759014951627 0.023529411764705882 0.01759014951627089
2 0.46352941176470586 0.3935795954265611 0.03294117647058824 0.013192612137203167
1 0.2605882352941176 0.4476693051890941 0.40352941176470586 0.0158311345646438
2 0.6670588235294118 0.49296394019349166 0.15764705882352942 0.018469656992084433
1 0.6758823529411765 0.51363236587511 0.1988235294117647 0.0158311345646438