0 0.5 0.051618547681539804 0.6423529411764706 0.015748031496062992
0 0.5 0.12117235345581802 0.23294117647058823 0.014873140857392825
2 0.11352941176470588 0.19903762029746283 0.10941176470588235 0.013123359580052493
3 0.28352941176470586 0.20166229221347332 0.1952941176470588 0.01837270341207349
2 0.11352941176470588 0.24278215223097113 0.10941176470588235 0.013123359580052493
3 0.30470588235294116 0.2458442694663167 0.2376470588235294 0.019247594050743656
2 0.11352941176470588 0.28652668416447946 0.10941176470588235 0.013123359580052493
3 0.25529411764705884 0.29133858267716534 0.1388235294117647 0.022747156605424323
2 0.09058823529411765 0.33027121609798776 0.06352941176470588 0.013123359580052493
3 0.16470588235294117 0.33070866141732286 0.04941176470588235 0.01399825021872266
2 0.1411764705882353 0.3766404199475066 0.16470588235294117 0.01837270341207349
3 0.2635294117647059 0.37445319335083116 0.04470588235294118 0.01399825021872266
2 0.10882352941176471 0.4356955380577428 0.1 0.01399825021872266
4 0.24705882352941178 0.44181977252843396 0.023529411764705882 0.017497812773403325
2 0.29705882352941176 0.4352580927384077 0.052941176470588235 0.013123359580052493
5 0.4235294117647059 0.44181977252843396 0.023529411764705882 0.017497812773403325
2 0.46352941176470586 0.4352580927384077 0.03294117647058824 0.013123359580052493
1 0.2605882352941176 0.4890638670166229 0.40352941176470586 0.015748031496062992
2 0.6670588235294118 0.5341207349081365 0.15764705882352942 0.01837270341207349
1 0.6758823529411765 0.5546806649168854 0.1988235294117647 0.015748031496062992