0 0.5 0.055088702147525676 0.6423529411764706 0.01680672268907563
0 0.5 0.12978524743230627 0.28352941176470586 0.01680672268907563
2 0.10058823529411764 0.21288515406162464 0.08352941176470588 0.014939309056956116
2 0.09294117647058824 0.2619047619047619 0.06823529411764706 0.0196078431372549
2 0.11352941176470588 0.3057889822595705 0.10941176470588235 0.014005602240896359
2 0.5564705882352942 0.3085901027077498 0.16470588235294117 0.0196078431372549
2 0.10058823529411764 0.35294117647058826 0.08352941176470588 0.014939309056956116
2 0.5029411764705882 0.3524743230625584 0.10941176470588235 0.014005602240896359
2 0.10882352941176471 0.41830065359477125 0.1 0.014939309056956116
4 0.24705882352941178 0.42483660130718953 0.023529411764705882 0.018674136321195144
2 0.29705882352941176 0.4178338001867414 0.052941176470588235 0.014005602240896359
4 0.4235294117647059 0.42483660130718953 0.023529411764705882 0.018674136321195144
2 0.46352941176470586 0.4178338001867414 0.03294117647058824 0.014005602240896359
1 0.2605882352941176 0.4752567693744164 0.40352941176470586 0.01680672268907563
2 0.6670588235294118 0.523342670401494 0.15764705882352942 0.0196078431372549
1 0.6758823529411765 0.5452847805788982 0.1988235294117647 0.01680672268907563