0 0.5 0.05353901996370236 0.6423529411764706 0.016333938294010888
0 0.5 0.12568058076225044 0.23294117647058823 0.015426497277676952
2 0.11352941176470588 0.20644283121597096 0.10941176470588235 0.013611615245009074
3 0.29411764705882354 0.21143375680580762 0.2164705882352941 0.023593466424682397
2 0.10529411764705883 0.2540834845735027 0.09294117647058824 0.018148820326678767
3 0.18352941176470589 0.25226860254083483 0.02823529411764706 0.014519056261343012
2 0.09058823529411765 0.2971869328493648 0.06352941176470588 0.013611615245009074
3 0.1635294117647059 0.2999092558983666 0.047058823529411764 0.019056261343012703
2 0.11294117647058824 0.3448275862068966 0.10823529411764705 0.018148820326678767
3 0.21941176470588236 0.3452813067150635 0.06941176470588235 0.019056261343012703
2 0.5270588235294118 0.3448275862068966 0.10823529411764705 0.018148820326678767
3 0.6176470588235294 0.3430127041742287 0.03764705882352941 0.014519056261343012
2 0.10058823529411764 0.38838475499092556 0.08352941176470588 0.014519056261343012
3 0.19941176470588234 0.3911070780399274 0.07882352941176471 0.019963702359346643
2 0.49470588235294116 0.39019963702359345 0.09294117647058824 0.018148820326678767
3 0.5823529411764706 0.39065335753176045 0.047058823529411764 0.019056261343012703
2 0.10882352941176471 0.4519056261343013 0.1 0.014519056261343012
5 0.24705882352941178 0.45825771324863884 0.023529411764705882 0.018148820326678767
2 0.29705882352941176 0.4514519056261343 0.052941176470588235 0.013611615245009074
4 0.4235294117647059 0.45825771324863884 0.023529411764705882 0.018148820326678767
2 0.46352941176470586 0.4514519056261343 0.03294117647058824 0.013611615245009074
1 0.2605882352941176 0.5072595281306715 0.40352941176470586 0.016333938294010888
2 0.6670588235294118 0.5539927404718693 0.15764705882352942 0.019056261343012703
1 0.6758823529411765 0.5753176043557169 0.1988235294117647 0.016333938294010888