0 0.5 0.04991539763113367 0.6423529411764706 0.015228426395939087
0 0.5 0.11759729272419628 0.28352941176470586 0.015228426395939087
2 0.09058823529411765 0.1924703891708968 0.06352941176470588 0.012690355329949238
2 0.11352941176470588 0.23477157360406092 0.10941176470588235 0.012690355329949238
2 0.09058823529411765 0.27707275803722503 0.06352941176470588 0.012690355329949238
2 0.4747058823529412 0.27918781725888325 0.09294117647058824 0.01692047377326565
2 0.10529411764705883 0.32148900169204736 0.09294117647058824 0.01692047377326565
2 0.09294117647058824 0.36421319796954316 0.06823529411764706 0.017766497461928935
2 0.08294117647058824 0.40609137055837563 0.04823529411764706 0.01692047377326565
2 0.10882352941176471 0.46362098138747887 0.1 0.01353637901861252
4 0.24705882352941178 0.46954314720812185 0.023529411764705882 0.01692047377326565
2 0.29705882352941176 0.4631979695431472 0.052941176470588235 0.012690355329949238
4 0.4235294117647059 0.46954314720812185 0.023529411764705882 0.01692047377326565
2 0.46352941176470586 0.4631979695431472 0.03294117647058824 0.012690355329949238
1 0.2605882352941176 0.5152284263959391 0.40352941176470586 0.015228426395939087
2 0.6670588235294118 0.5587986463620981 0.15764705882352942 0.017766497461928935
1 0.6758823529411765 0.5786802030456852 0.1988235294117647 0.015228426395939087