0 0.5 0.058823529411764705 0.6423529411764706 0.01794616151545364
0 0.5 0.13858424725822532 0.30470588235294116 0.01794616151545364
2 0.10529411764705883 0.22931206380857427 0.09294117647058824 0.019940179461615155
3 0.18941176470588236 0.22781655034895315 0.04 0.01694915254237288
2 0.11352941176470588 0.2766699900299103 0.10941176470588235 0.014955134596211365
2 0.10529411764705883 0.32901296111665007 0.09294117647058824 0.019940179461615155
3 0.19176470588235295 0.3275174476570289 0.04470588235294118 0.01694915254237288
2 0.09058823529411765 0.376370887337986 0.06352941176470588 0.014955134596211365
2 0.5105882352941177 0.3793619142572283 0.16470588235294117 0.020937188434695914
3 0.6341176470588236 0.37836490528414757 0.047058823529411764 0.018943170488534396
2 0.11294117647058824 0.4287138584247258 0.10823529411764705 0.019940179461615155
3 0.2076470588235294 0.4267198404785643 0.04588235294117647 0.015952143569292122
2 0.10529411764705883 0.4785643070787637 0.09294117647058824 0.019940179461615155
2 0.10882352941176471 0.5463609172482552 0.1 0.015952143569292122
5 0.24705882352941178 0.5533399800598205 0.023529411764705882 0.019940179461615155
2 0.29705882352941176 0.5458624127617149 0.052941176470588235 0.014955134596211365
4 0.4235294117647059 0.5533399800598205 0.023529411764705882 0.019940179461615155
2 0.46352941176470586 0.5458624127617149 0.03294117647058824 0.014955134596211365
1 0.2605882352941176 0.6071784646061814 0.40352941176470586 0.01794616151545364
2 0.6670588235294118 0.6585244267198405 0.15764705882352942 0.020937188434695914
1 0.6758823529411765 0.6819541375872383 0.1988235294117647 0.01794616151545364