0 0.5 0.05267857142857143 0.6423529411764706 0.01607142857142857
0 0.5 0.12410714285714286 0.2647058823529412 0.01607142857142857
2 0.10529411764705883 0.20535714285714285 0.09294117647058824 0.017857142857142856
3 0.1952941176470588 0.20401785714285714 0.05176470588235294 0.015178571428571428
2 0.10529411764705883 0.25 0.09294117647058824 0.017857142857142856
3 0.1935294117647059 0.25044642857142857 0.04823529411764706 0.01875
2 0.11294117647058824 0.29464285714285715 0.10823529411764705 0.017857142857142856
3 0.19941176470588234 0.2950892857142857 0.029411764705882353 0.01875
2 0.5070588235294118 0.2950892857142857 0.06823529411764706 0.01875
3 0.5788235294117647 0.2950892857142857 0.04 0.01875
2 0.11352941176470588 0.33705357142857145 0.10941176470588235 0.013392857142857142
3 0.2570588235294118 0.3392857142857143 0.1423529411764706 0.017857142857142856
2 0.49823529411764705 0.3392857142857143 0.04823529411764706 0.017857142857142856
3 0.571764705882353 0.33883928571428573 0.06352941176470588 0.016964285714285713
2 0.08294117647058824 0.38392857142857145 0.04823529411764706 0.017857142857142856
3 0.14823529411764705 0.384375 0.047058823529411764 0.01875
2 0.45941176470588235 0.38392857142857145 0.09294117647058824 0.017857142857142856
3 0.5517647058823529 0.3825892857142857 0.05647058823529412 0.015178571428571428
2 0.10882352941176471 0.4446428571428571 0.1 0.014285714285714285
5 0.24705882352941178 0.45089285714285715 0.023529411764705882 0.017857142857142856
2 0.29705882352941176 0.44419642857142855 0.052941176470588235 0.013392857142857142
4 0.4235294117647059 0.45089285714285715 0.023529411764705882 0.017857142857142856
2 0.46352941176470586 0.44419642857142855 0.03294117647058824 0.013392857142857142
1 0.2605882352941176 0.49910714285714286 0.40352941176470586 0.01607142857142857
2 0.6670588235294118 0.5450892857142857 0.15764705882352942 0.01875
1 0.6758823529411765 0.5660714285714286 0.1988235294117647 0.01607142857142857