0 0.5 0.058823529411764705 0.6423529411764706 0.01794616151545364
0 0.5 0.13808574277168495 0.24941176470588236 0.01694915254237288
2 0.09058823529411765 0.22681954137587237 0.06352941176470588 0.014955134596211365
3 0.17470588235294118 0.22981056829511465 0.06941176470588235 0.020937188434695914
2 0.08294117647058824 0.27916251246261214 0.04823529411764706 0.019940179461615155
3 0.14823529411764705 0.2796610169491525 0.047058823529411764 0.020937188434695914
2 0.4370588235294118 0.27916251246261214 0.04823529411764706 0.019940179461615155
3 0.49823529411764705 0.27916251246261214 0.03882352941176471 0.019940179461615155
2 0.11294117647058824 0.32901296111665007 0.10823529411764705 0.019940179461615155
3 0.21058823529411766 0.3275174476570289 0.05176470588235294 0.01694915254237288
2 0.5552941176470588 0.32951146560319045 0.16470588235294117 0.020937188434695914
3 0.6770588235294117 0.3275174476570289 0.04352941176470588 0.01694915254237288
2 0.09058823529411765 0.376370887337986 0.06352941176470588 0.014955134596211365
3 0.1635294117647059 0.3773678963110668 0.047058823529411764 0.01694915254237288
2 0.09294117647058824 0.4292123629112662 0.06823529411764706 0.020937188434695914
3 0.17941176470588235 0.4292123629112662 0.06941176470588235 0.020937188434695914
2 0.11352941176470588 0.4760717846460618 0.10941176470588235 0.014955134596211365
3 0.25823529411764706 0.481555333998006 0.14470588235294118 0.0259222333000997
2 0.5058823529411764 0.4760717846460618 0.06352941176470588 0.014955134596211365
3 0.571764705882353 0.4765702891326022 0.03294117647058824 0.015952143569292122
2 0.10882352941176471 0.5463609172482552 0.1 0.015952143569292122
5 0.24705882352941178 0.5533399800598205 0.023529411764705882 0.019940179461615155
2 0.29705882352941176 0.5458624127617149 0.052941176470588235 0.014955134596211365
4 0.4235294117647059 0.5533399800598205 0.023529411764705882 0.019940179461615155
2 0.46352941176470586 0.5458624127617149 0.03294117647058824 0.014955134596211365
1 0.2605882352941176 0.6071784646061814 0.40352941176470586 0.01794616151545364
2 0.6670588235294118 0.6585244267198405 0.15764705882352942 0.020937188434695914
1 0.6758823529411765 0.6819541375872383 0.1988235294117647 0.01794616151545364