0 0.5 0.055347091932457786 0.6423529411764706 0.016885553470919325
0 0.5 0.1303939962476548 0.30470588235294116 0.016885553470919325
2 0.10058823529411764 0.21388367729831145 0.08352941176470588 0.0150093808630394
2 0.09058823529411765 0.2603189493433396 0.06352941176470588 0.014071294559099437
2 0.08294117647058824 0.30956848030018763 0.04823529411764706 0.01876172607879925
2 0.09058823529411765 0.35412757973733583 0.06352941176470588 0.014071294559099437
2 0.5105882352941177 0.35694183864915574 0.16470588235294117 0.019699812382739212
2 0.10882352941176471 0.4202626641651032 0.1 0.0150093808630394
4 0.24705882352941178 0.4268292682926829 0.023529411764705882 0.01876172607879925
2 0.29705882352941176 0.4197936210131332 0.052941176470588235 0.014071294559099437
4 0.4235294117647059 0.4268292682926829 0.023529411764705882 0.01876172607879925
2 0.46352941176470586 0.4197936210131332 0.03294117647058824 0.014071294559099437
1 0.2605882352941176 0.4774859287054409 0.40352941176470586 0.016885553470919325
2 0.6670588235294118 0.525797373358349 0.15764705882352942 0.019699812382739212
1 0.6758823529411765 0.5478424015009381 0.1988235294117647 0.016885553470919325