0 0.5 0.053297199638663056 0.6423529411764706 0.016260162601626018
0 0.5 0.12511291779584463 0.23294117647058823 0.015356820234869015
2 0.09058823529411765 0.2055103884372177 0.06352941176470588 0.013550135501355014
3 0.16588235294117648 0.2064137308039747 0.05176470588235294 0.015356820234869015
2 0.10058823529411764 0.25112917795844625 0.08352941176470588 0.014453477868112014
3 0.17647058823529413 0.25112917795844625 0.03294117647058824 0.014453477868112014
2 0.11352941176470588 0.2958446251129178 0.10941176470588235 0.013550135501355014
3 0.27176470588235296 0.2990063233965673 0.17176470588235293 0.01987353206865402
2 0.5205882352941177 0.2981029810298103 0.09294117647058824 0.018066847335140017
3 0.5994117647058823 0.2985546522131888 0.029411764705882353 0.018970189701897018
2 0.1411764705882353 0.34372177055103886 0.16470588235294117 0.018970189701897018
3 0.2641176470588235 0.34146341463414637 0.04588235294117647 0.014453477868112014
2 0.5611764705882353 0.34101174345076785 0.06352941176470588 0.013550135501355014
3 0.6335294117647059 0.34146341463414637 0.04588235294117647 0.014453477868112014
2 0.11352941176470588 0.3861788617886179 0.10941176470588235 0.013550135501355014
3 0.25823529411764706 0.3884372177055104 0.14470588235294118 0.018066847335140017
2 0.10058823529411764 0.43179765130984643 0.08352941176470588 0.014453477868112014
3 0.18941176470588236 0.43224932249322495 0.058823529411764705 0.015356820234869015
2 0.49470588235294116 0.43360433604336046 0.09294117647058824 0.018066847335140017
3 0.5758823529411765 0.43179765130984643 0.03411764705882353 0.014453477868112014
2 0.10882352941176471 0.4950316169828365 0.1 0.014453477868112014
4 0.24705882352941178 0.5013550135501355 0.023529411764705882 0.018066847335140017
2 0.29705882352941176 0.494579945799458 0.052941176470588235 0.013550135501355014
5 0.4235294117647059 0.5013550135501355 0.023529411764705882 0.018066847335140017
2 0.46352941176470586 0.494579945799458 0.03294117647058824 0.013550135501355014
1 0.2605882352941176 0.5501355013550135 0.40352941176470586 0.016260162601626018
2 0.6670588235294118 0.5966576332429991 0.15764705882352942 0.018970189701897018
1 0.6758823529411765 0.6178861788617886 0.1988235294117647 0.016260162601626018