0 0.5 0.049873203719357564 0.6423529411764706 0.015215553677092139
0 0.5 0.11749788672865596 0.2647058823529412 0.015215553677092139
2 0.09058823529411765 0.19230769230769232 0.06352941176470588 0.01267962806424345
3 0.1635294117647059 0.19315300084530854 0.047058823529411764 0.014370245139475908
2 0.10529411764705883 0.23668639053254437 0.09294117647058824 0.0169061707523246
3 0.18941176470588236 0.23541842772612004 0.04 0.014370245139475908
2 0.10058823529411764 0.2772612003381234 0.08352941176470588 0.013524936601859678
3 0.17647058823529413 0.2772612003381234 0.03294117647058824 0.013524936601859678
2 0.09294117647058824 0.3216398985629755 0.06823529411764706 0.01775147928994083
3 0.17411764705882352 0.31994928148774304 0.058823529411764705 0.014370245139475908
2 0.10882352941176471 0.378698224852071 0.1 0.013524936601859678
5 0.24705882352941178 0.38461538461538464 0.023529411764705882 0.0169061707523246
2 0.29705882352941176 0.3782755705832629 0.052941176470588235 0.01267962806424345
4 0.4235294117647059 0.38461538461538464 0.023529411764705882 0.0169061707523246
2 0.46352941176470586 0.3782755705832629 0.03294117647058824 0.01267962806424345
1 0.2605882352941176 0.43026204564666104 0.40352941176470586 0.015215553677092139
2 0.6670588235294118 0.4737954353338969 0.15764705882352942 0.01775147928994083
1 0.6758823529411765 0.49366018596787825 0.1988235294117647 0.015215553677092139