0 0.5 0.05841584158415842 0.6423529411764706 0.01782178217821782
0 0.5 0.13712871287128714 0.23294117647058823 0.016831683168316833
2 0.11294117647058824 0.22772277227722773 0.10823529411764705 0.019801980198019802
2 0.11352941176470588 0.2747524752475248 0.10941176470588235 0.01485148514851485
2 0.508235294117647 0.27772277227722775 0.06823529411764706 0.020792079207920793
2 0.1411764705882353 0.32722772277227724 0.16470588235294117 0.020792079207920793
2 0.5611764705882353 0.32425742574257427 0.06352941176470588 0.01485148514851485
2 0.11294117647058824 0.37623762376237624 0.10823529411764705 0.019801980198019802
2 0.11352941176470588 0.42326732673267325 0.10941176470588235 0.01485148514851485
2 0.10882352941176471 0.49306930693069306 0.1 0.015841584158415842
4 0.24705882352941178 0.5 0.023529411764705882 0.019801980198019802
2 0.29705882352941176 0.49257425742574257 0.052941176470588235 0.01485148514851485
4 0.4235294117647059 0.5 0.023529411764705882 0.019801980198019802
2 0.46352941176470586 0.49257425742574257 0.03294117647058824 0.01485148514851485
1 0.2605882352941176 0.5534653465346535 0.40352941176470586 0.01782178217821782
2 0.6670588235294118 0.6044554455445544 0.15764705882352942 0.020792079207920793
1 0.6758823529411765 0.6277227722772277 0.1988235294117647 0.01782178217821782