0 0.5 0.053979871912168347 0.6423529411764706 0.01646843549862763
0 0.5 0.12717291857273558 0.30470588235294116 0.01646843549862763
2 0.10058823529411764 0.20860018298261665 0.08352941176470588 0.01463860933211345
3 0.1952941176470588 0.2108874656907594 0.07058823529411765 0.0192131747483989
2 0.11352941176470588 0.2538883806038426 0.10941176470588235 0.013723696248856358
3 0.2811764705882353 0.25892040256175664 0.19058823529411764 0.023787740164684355
2 0.09294117647058824 0.30237877401646845 0.06823529411764706 0.0192131747483989
3 0.16823529411764707 0.30054894784995423 0.047058823529411764 0.01555352241537054
2 0.46705882352941175 0.30237877401646845 0.06823529411764706 0.0192131747483989
3 0.5423529411764706 0.30237877401646845 0.047058823529411764 0.0192131747483989
2 0.08294117647058824 0.34766697163769444 0.04823529411764706 0.018298261665141813
3 0.14823529411764705 0.34629460201280876 0.047058823529411764 0.01555352241537054
2 0.10882352941176471 0.40988106129917656 0.1 0.01463860933211345
5 0.24705882352941178 0.4162854528819762 0.023529411764705882 0.018298261665141813
2 0.29705882352941176 0.409423604757548 0.052941176470588235 0.013723696248856358
4 0.4235294117647059 0.4162854528819762 0.023529411764705882 0.018298261665141813
2 0.46352941176470586 0.409423604757548 0.03294117647058824 0.013723696248856358
1 0.2605882352941176 0.4656907593778591 0.40352941176470586 0.01646843549862763
2 0.6670588235294118 0.5128087831655993 0.15764705882352942 0.0192131747483989
1 0.6758823529411765 0.5343092406221409 0.1988235294117647 0.01646843549862763