0 0.5 0.054377880184331796 0.6423529411764706 0.016589861751152075
0 0.5 0.12764976958525345 0.23294117647058823 0.01566820276497696
2 0.09058823529411765 0.20967741935483872 0.06352941176470588 0.013824884792626729
3 0.16411764705882353 0.21013824884792626 0.04823529411764706 0.014746543778801843
2 0.11294117647058824 0.25806451612903225 0.10823529411764705 0.018433179723502304
3 0.21941176470588236 0.2585253456221198 0.06941176470588235 0.01935483870967742
2 0.5070588235294118 0.2585253456221198 0.06823529411764706 0.01935483870967742
3 0.5882352941176471 0.2589861751152074 0.058823529411764705 0.020276497695852536
2 0.09294117647058824 0.3046082949308756 0.06823529411764706 0.01935483870967742
3 0.16823529411764707 0.3046082949308756 0.047058823529411764 0.01935483870967742
2 0.48764705882352943 0.30184331797235026 0.10941176470588235 0.013824884792626729
3 0.668235294117647 0.3050691244239631 0.2164705882352941 0.020276497695852536
2 0.10529411764705883 0.35023041474654376 0.09294117647058824 0.018433179723502304
3 0.18588235294117647 0.34838709677419355 0.03294117647058824 0.014746543778801843
2 0.11294117647058824 0.39631336405529954 0.10823529411764705 0.018433179723502304
3 0.21411764705882352 0.39493087557603684 0.058823529411764705 0.01566820276497696
2 0.10882352941176471 0.4589861751152074 0.1 0.014746543778801843
5 0.24705882352941178 0.46543778801843316 0.023529411764705882 0.018433179723502304
2 0.29705882352941176 0.45852534562211983 0.052941176470588235 0.013824884792626729
4 0.4235294117647059 0.46543778801843316 0.023529411764705882 0.018433179723502304
2 0.46352941176470586 0.45852534562211983 0.03294117647058824 0.013824884792626729
1 0.2605882352941176 0.5152073732718894 0.40352941176470586 0.016589861751152075
2 0.6670588235294118 0.5626728110599079 0.15764705882352942 0.01935483870967742
1 0.6758823529411765 0.584331797235023 0.1988235294117647 0.016589861751152075