0 0.5 0.053057553956834536 0.6423529411764706 0.01618705035971223
0 0.5 0.125 0.30470588235294116 0.01618705035971223
2 0.10058823529411764 0.20503597122302158 0.08352941176470588 0.014388489208633094
3 0.17411764705882352 0.20503597122302158 0.02823529411764706 0.014388489208633094
2 0.48 0.2045863309352518 0.06352941176470588 0.013489208633093525
3 0.5558823529411765 0.20503597122302158 0.052941176470588235 0.014388489208633094
2 0.09058823529411765 0.24955035971223022 0.06352941176470588 0.013489208633093525
3 0.1635294117647059 0.25134892086330934 0.047058823529411764 0.0170863309352518
2 0.5105882352941177 0.2522482014388489 0.16470588235294117 0.018884892086330936
3 0.6329411764705882 0.2522482014388489 0.04470588235294118 0.018884892086330936
2 0.09294117647058824 0.2972122302158273 0.06823529411764706 0.018884892086330936
3 0.17941176470588235 0.2972122302158273 0.06941176470588235 0.018884892086330936
2 0.09058823529411765 0.33947841726618705 0.06352941176470588 0.013489208633093525
3 0.17058823529411765 0.34217625899280574 0.0611764705882353 0.018884892086330936
2 0.10529411764705883 0.38669064748201437 0.09294117647058824 0.017985611510791366
3 0.1952941176470588 0.385341726618705 0.05176470588235294 0.015287769784172662
2 0.10882352941176471 0.447841726618705 0.1 0.014388489208633094
4 0.24705882352941178 0.454136690647482 0.023529411764705882 0.017985611510791366
2 0.29705882352941176 0.44739208633093525 0.052941176470588235 0.013489208633093525
5 0.4235294117647059 0.454136690647482 0.023529411764705882 0.017985611510791366
2 0.46352941176470586 0.44739208633093525 0.03294117647058824 0.013489208633093525
1 0.2605882352941176 0.5026978417266187 0.40352941176470586 0.01618705035971223
2 0.6670588235294118 0.5490107913669064 0.15764705882352942 0.018884892086330936
1 0.6758823529411765 0.5701438848920863 0.1988235294117647 0.01618705035971223