0 0.5 0.057004830917874394 0.6423529411764706 0.017391304347826087
0 0.5 0.13429951690821257 0.28352941176470586 0.017391304347826087
2 0.11352941176470588 0.21980676328502416 0.10941176470588235 0.014492753623188406
2 0.5158823529411765 0.22028985507246376 0.08352941176470588 0.015458937198067632
2 0.09058823529411765 0.26811594202898553 0.06352941176470588 0.014492753623188406
2 0.10529411764705883 0.3188405797101449 0.09294117647058824 0.01932367149758454
3 0.19294117647058823 0.31932367149758456 0.047058823529411764 0.020289855072463767
2 0.1411764705882353 0.3676328502415459 0.16470588235294117 0.020289855072463767
2 0.11352941176470588 0.41304347826086957 0.10941176470588235 0.014492753623188406
3 0.2735294117647059 0.41835748792270533 0.17529411764705882 0.025120772946859903
2 0.5058823529411764 0.41304347826086957 0.06352941176470588 0.014492753623188406
2 0.11294117647058824 0.463768115942029 0.10823529411764705 0.01932367149758454
3 0.20647058823529413 0.4623188405797101 0.04352941176470588 0.01642512077294686
2 0.5552941176470588 0.4642512077294686 0.16470588235294117 0.020289855072463767
3 0.6694117647058824 0.4623188405797101 0.02823529411764706 0.01642512077294686
2 0.10882352941176471 0.5294685990338164 0.1 0.015458937198067632
5 0.24705882352941178 0.5362318840579711 0.023529411764705882 0.01932367149758454
2 0.29705882352941176 0.5289855072463768 0.052941176470588235 0.014492753623188406
4 0.4235294117647059 0.5362318840579711 0.023529411764705882 0.01932367149758454
2 0.46352941176470586 0.5289855072463768 0.03294117647058824 0.014492753623188406
1 0.2605882352941176 0.5884057971014492 0.40352941176470586 0.017391304347826087
2 0.6670588235294118 0.6381642512077295 0.15764705882352942 0.020289855072463767
1 0.6758823529411765 0.6608695652173913 0.1988235294117647 0.017391304347826087