0 0.5 0.057115198451113264 0.6423529411764706 0.017424975798644726
0 0.5 0.1345595353339787 0.28352941176470586 0.017424975798644726
2 0.10529411764705883 0.22265246853823814 0.09294117647058824 0.01936108422071636
3 0.19294117647058823 0.22313649564375604 0.047058823529411764 0.02032913843175218
2 0.1411764705882353 0.27153920619554694 0.16470588235294117 0.02032913843175218
3 0.25823529411764706 0.27057115198451115 0.03411764705882353 0.018393030009680542
2 0.11352941176470588 0.3170377541142304 0.10941176470588235 0.01452081316553727
3 0.26294117647058823 0.3194578896418199 0.15411764705882353 0.01936108422071636
2 0.5058823529411764 0.3170377541142304 0.06352941176470588 0.01452081316553727
2 0.09294117647058824 0.36834462729912876 0.06823529411764706 0.02032913843175218
2 0.10058823529411764 0.4143272023233301 0.08352941176470588 0.015488867376573089
2 0.11294117647058824 0.46466602129719264 0.10823529411764705 0.01936108422071636
3 0.22411764705882353 0.46563407550822844 0.07882352941176471 0.021297192642787996
2 0.10882352941176471 0.5304937076476283 0.1 0.015488867376573089
5 0.24705882352941178 0.537270087124879 0.023529411764705882 0.01936108422071636
2 0.29705882352941176 0.5300096805421104 0.052941176470588235 0.01452081316553727
4 0.4235294117647059 0.537270087124879 0.023529411764705882 0.01936108422071636
2 0.46352941176470586 0.5300096805421104 0.03294117647058824 0.01452081316553727
1 0.2605882352941176 0.5895450145208132 0.40352941176470586 0.017424975798644726
2 0.6670588235294118 0.6393998063891578 0.15764705882352942 0.02032913843175218
1 0.6758823529411765 0.6621490803484995 0.1988235294117647 0.017424975798644726