0 0.5 0.05029838022165388 0.6423529411764706 0.015345268542199489
0 0.5 0.1184995737425405 0.28352941176470586 0.015345268542199489
2 0.09058823529411765 0.1939471440750213 0.06352941176470588 0.01278772378516624
2 0.10529411764705883 0.23870417732310314 0.09294117647058824 0.017050298380221655
3 0.1923529411764706 0.236999147485081 0.04588235294117647 0.013640238704177323
2 0.10529411764705883 0.2813299232736573 0.09294117647058824 0.017050298380221655
3 0.19176470588235295 0.28005115089514065 0.04470588235294118 0.014492753623188406
2 0.10529411764705883 0.32395566922421143 0.09294117647058824 0.017050298380221655
3 0.19176470588235295 0.32225063938618925 0.04470588235294118 0.013640238704177323
2 0.11294117647058824 0.36658141517476556 0.10823529411764705 0.017050298380221655
3 0.2011764705882353 0.3670076726342711 0.03294117647058824 0.017902813299232736
2 0.11352941176470588 0.407075873827792 0.10941176470588235 0.01278772378516624
2 0.10882352941176471 0.46717817561807334 0.1 0.013640238704177323
5 0.24705882352941178 0.4731457800511509 0.023529411764705882 0.017050298380221655
2 0.29705882352941176 0.46675191815856776 0.052941176470588235 0.01278772378516624
4 0.4235294117647059 0.4731457800511509 0.023529411764705882 0.017050298380221655
2 0.46352941176470586 0.46675191815856776 0.03294117647058824 0.01278772378516624
1 0.2605882352941176 0.5191815856777494 0.40352941176470586 0.015345268542199489
2 0.6670588235294118 0.5630861040068201 0.15764705882352942 0.017902813299232736
1 0.6758823529411765 0.5831202046035806 0.1988235294117647 0.015345268542199489