0 0.5 0.050341296928327645 0.6423529411764706 0.015358361774744027
0 0.5 0.11860068259385666 0.28352941176470586 0.015358361774744027
2 0.09294117647058824 0.19667235494880547 0.06823529411764706 0.017918088737201365
2 0.48764705882352943 0.19411262798634812 0.10941176470588235 0.012798634812286689
2 0.08294117647058824 0.23890784982935154 0.04823529411764706 0.017064846416382253
2 0.11352941176470588 0.2794368600682594 0.10941176470588235 0.012798634812286689
2 0.10529411764705883 0.3242320819112628 0.09294117647058824 0.017064846416382253
2 0.11294117647058824 0.36689419795221845 0.10823529411764705 0.017064846416382253
2 0.5147058823529411 0.3651877133105802 0.08352941176470588 0.013651877133105802
2 0.10882352941176471 0.4249146757679181 0.1 0.013651877133105802
4 0.24705882352941178 0.4308873720136519 0.023529411764705882 0.017064846416382253
2 0.29705882352941176 0.42448805460750855 0.052941176470588235 0.012798634812286689
4 0.4235294117647059 0.4308873720136519 0.023529411764705882 0.017064846416382253
2 0.46352941176470586 0.42448805460750855 0.03294117647058824 0.012798634812286689
1 0.2605882352941176 0.47696245733788395 0.40352941176470586 0.015358361774744027
2 0.6670588235294118 0.5209044368600683 0.15764705882352942 0.017918088737201365
1 0.6758823529411765 0.5409556313993175 0.1988235294117647 0.015358361774744027