0 0.5 0.05296229802513465 0.6423529411764706 0.01615798922800718
0 0.5 0.12432675044883304 0.23294117647058823 0.01526032315978456
2 0.09058823529411765 0.20421903052064633 0.06352941176470588 0.013464991023339317
3 0.15411764705882353 0.20466786355475763 0.02823529411764706 0.01436265709156194
2 0.45235294117647057 0.20646319569120286 0.04823529411764706 0.017953321364452424
3 0.518235294117647 0.20466786355475763 0.04823529411764706 0.01436265709156194
2 0.11294117647058824 0.2513464991023339 0.10823529411764705 0.017953321364452424
3 0.19941176470588234 0.2517953321364452 0.029411764705882353 0.018850987432675045
2 0.5270588235294118 0.2513464991023339 0.10823529411764705 0.017953321364452424
3 0.6252941176470588 0.2495511669658887 0.052941176470588235 0.01436265709156194
2 0.1411764705882353 0.2966786355475763 0.16470588235294117 0.018850987432675045
3 0.2711764705882353 0.2957809694793537 0.06 0.017055655296229804
2 0.1411764705882353 0.34156193895870735 0.16470588235294117 0.018850987432675045
3 0.27941176470588236 0.34201077199281865 0.07647058823529412 0.019748653500897665
2 0.10882352941176471 0.4021543985637343 0.1 0.01436265709156194
4 0.24705882352941178 0.40843806104129265 0.023529411764705882 0.017953321364452424
2 0.29705882352941176 0.401705565529623 0.052941176470588235 0.013464991023339317
5 0.4235294117647059 0.40843806104129265 0.023529411764705882 0.017953321364452424
2 0.46352941176470586 0.401705565529623 0.03294117647058824 0.013464991023339317
1 0.2605882352941176 0.45691202872531417 0.40352941176470586 0.01615798922800718
2 0.6670588235294118 0.5031418312387792 0.15764705882352942 0.018850987432675045
1 0.6758823529411765 0.5242369838420108 0.1988235294117647 0.01615798922800718