0 0.5 0.055347091932457786 0.6423529411764706 0.016885553470919325
0 0.5 0.1299249530956848 0.24941176470588236 0.01594746716697936
2 0.1411764705882353 0.21622889305816134 0.16470588235294117 0.019699812382739212
3 0.27058823529411763 0.21435272045028142 0.058823529411764705 0.01594746716697936
2 0.09058823529411765 0.2603189493433396 0.06352941176470588 0.014071294559099437
2 0.10529411764705883 0.30956848030018763 0.09294117647058824 0.01876172607879925
3 0.19294117647058823 0.3100375234521576 0.047058823529411764 0.019699812382739212
2 0.09294117647058824 0.35694183864915574 0.06823529411764706 0.019699812382739212
3 0.16823529411764707 0.35694183864915574 0.047058823529411764 0.019699812382739212
2 0.45705882352941174 0.35647279549718575 0.04823529411764706 0.01876172607879925
2 0.10058823529411764 0.40150093808630394 0.08352941176470588 0.0150093808630394
2 0.08294117647058824 0.450281425891182 0.04823529411764706 0.01876172607879925
3 0.14823529411764705 0.449812382739212 0.047058823529411764 0.017823639774859287
2 0.49529411764705883 0.45075046904315197 0.16470588235294117 0.019699812382739212
3 0.6247058823529412 0.44887429643527205 0.058823529411764705 0.01594746716697936
2 0.10882352941176471 0.5140712945590994 0.1 0.0150093808630394
5 0.24705882352941178 0.5206378986866792 0.023529411764705882 0.01876172607879925
2 0.29705882352941176 0.5136022514071295 0.052941176470588235 0.014071294559099437
4 0.4235294117647059 0.5206378986866792 0.023529411764705882 0.01876172607879925
2 0.46352941176470586 0.5136022514071295 0.03294117647058824 0.014071294559099437
1 0.2605882352941176 0.5712945590994372 0.40352941176470586 0.016885553470919325
2 0.6670588235294118 0.6196060037523452 0.15764705882352942 0.019699812382739212
1 0.6758823529411765 0.6416510318949343 0.1988235294117647 0.016885553470919325