0 0.5 0.05193661971830986 0.6423529411764706 0.01584507042253521
0 0.5 0.12235915492957747 0.28352941176470586 0.01584507042253521
2 0.09058823529411765 0.20026408450704225 0.06352941176470588 0.013204225352112676
3 0.1623529411764706 0.2011443661971831 0.04470588235294118 0.014964788732394365
2 0.10058823529411764 0.24471830985915494 0.08352941176470588 0.014084507042253521
3 0.17705882352941177 0.2460387323943662 0.03411764705882353 0.016725352112676055
2 0.11294117647058824 0.2904929577464789 0.10823529411764705 0.017605633802816902
3 0.21058823529411766 0.2891725352112676 0.05176470588235294 0.014964788732394365
2 0.11352941176470588 0.332306338028169 0.10941176470588235 0.013204225352112676
3 0.27 0.3371478873239437 0.16823529411764707 0.022887323943661973
2 0.08294117647058824 0.3785211267605634 0.04823529411764706 0.017605633802816902
3 0.16 0.38116197183098594 0.07058823529411765 0.022887323943661973
2 0.4470588235294118 0.3789612676056338 0.06823529411764706 0.018485915492957746
3 0.5194117647058824 0.3772007042253521 0.041176470588235294 0.014964788732394365
2 0.10882352941176471 0.43838028169014087 0.1 0.014084507042253521
5 0.24705882352941178 0.44454225352112675 0.023529411764705882 0.017605633802816902
2 0.29705882352941176 0.43794014084507044 0.052941176470588235 0.013204225352112676
4 0.4235294117647059 0.44454225352112675 0.023529411764705882 0.017605633802816902
2 0.46352941176470586 0.43794014084507044 0.03294117647058824 0.013204225352112676
1 0.2605882352941176 0.4920774647887324 0.40352941176470586 0.01584507042253521
2 0.6670588235294118 0.5374119718309859 0.15764705882352942 0.018485915492957746
1 0.6758823529411765 0.5580985915492958 0.1988235294117647 0.01584507042253521