0 0.5 0.05864811133200795 0.6423529411764706 0.017892644135188866
0 0.5 0.13817097415506957 0.30470588235294116 0.017892644135188866
2 0.08294117647058824 0.2286282306163022 0.04823529411764706 0.019880715705765408
2 0.09294117647058824 0.2788270377733598 0.06823529411764706 0.020874751491053677
2 0.08294117647058824 0.32803180914512925 0.04823529411764706 0.019880715705765408
2 0.11352941176470588 0.37524850894632206 0.10941176470588235 0.014910536779324055
2 0.09294117647058824 0.4279324055666004 0.06823529411764706 0.020874751491053677
2 0.08294117647058824 0.47713717693836977 0.04823529411764706 0.019880715705765408
2 0.10882352941176471 0.5447316103379721 0.1 0.015904572564612324
4 0.24705882352941178 0.55168986083499 0.023529411764705882 0.019880715705765408
2 0.29705882352941176 0.544234592445328 0.052941176470588235 0.014910536779324055
4 0.4235294117647059 0.55168986083499 0.023529411764705882 0.019880715705765408
2 0.46352941176470586 0.544234592445328 0.03294117647058824 0.014910536779324055
1 0.2605882352941176 0.6053677932405567 0.40352941176470586 0.017892644135188866
2 0.6670588235294118 0.6565606361829026 0.15764705882352942 0.020874751491053677
1 0.6758823529411765 0.679920477137177 0.1988235294117647 0.017892644135188866