0 0.5 0.053297199638663056 0.6423529411764706 0.016260162601626018
0 0.5 0.12556458897922312 0.2647058823529412 0.016260162601626018
2 0.1411764705882353 0.2082204155374887 0.16470588235294117 0.018970189701897018
3 0.2647058823529412 0.2082204155374887 0.047058823529411764 0.018970189701897018
2 0.09058823529411765 0.2506775067750677 0.06352941176470588 0.013550135501355014
3 0.1623529411764706 0.25158084914182477 0.04470588235294118 0.015356820234869015
2 0.4823529411764706 0.2529358626919603 0.10823529411764705 0.018066847335140017
3 0.5741176470588235 0.25338753387533874 0.04 0.018970189701897018
2 0.09058823529411765 0.2958446251129178 0.06352941176470588 0.013550135501355014
3 0.1635294117647059 0.2985546522131888 0.047058823529411764 0.018970189701897018
2 0.10529411764705883 0.34327009936766034 0.09294117647058824 0.018066847335140017
3 0.18470588235294116 0.34146341463414637 0.03058823529411765 0.014453477868112014
2 0.49176470588235294 0.34372177055103886 0.06823529411764706 0.018970189701897018
3 0.5676470588235294 0.34372177055103886 0.04823529411764706 0.018970189701897018
2 0.09058823529411765 0.3861788617886179 0.06352941176470588 0.013550135501355014
3 0.16294117647058823 0.3866305329719964 0.04588235294117647 0.014453477868112014
2 0.10882352941176471 0.44986449864498645 0.1 0.014453477868112014
5 0.24705882352941178 0.4561878952122855 0.023529411764705882 0.018066847335140017
2 0.29705882352941176 0.44941282746160793 0.052941176470588235 0.013550135501355014
4 0.4235294117647059 0.4561878952122855 0.023529411764705882 0.018066847335140017
2 0.46352941176470586 0.44941282746160793 0.03294117647058824 0.013550135501355014
1 0.2605882352941176 0.5049683830171635 0.40352941176470586 0.016260162601626018
2 0.6670588235294118 0.551490514905149 0.15764705882352942 0.018970189701897018
1 0.6758823529411765 0.5727190605239386 0.1988235294117647 0.016260162601626018