0 0.5 0.0511265164644714 0.6423529411764706 0.01559792027729636
0 0.5 0.12045060658578856 0.30470588235294116 0.01559792027729636
2 0.11352941176470588 0.19714038128249567 0.10941176470588235 0.012998266897746967
3 0.27176470588235296 0.2001733102253033 0.17176470588235293 0.019064124783362217
2 0.10529411764705883 0.24263431542461006 0.09294117647058824 0.01733102253032929
3 0.1988235294117647 0.24133448873483535 0.058823529411764705 0.014731369150779897
2 0.10058823529411764 0.28422876949740034 0.08352941176470588 0.01386481802426343
3 0.17529411764705882 0.28422876949740034 0.03058823529411765 0.01386481802426343
2 0.09294117647058824 0.3297227036395147 0.06823529411764706 0.018197573656845753
3 0.17058823529411765 0.3279896013864818 0.05176470588235294 0.014731369150779897
2 0.5152941176470588 0.3297227036395147 0.16470588235294117 0.018197573656845753
3 0.6305882352941177 0.3275563258232236 0.03058823529411765 0.01386481802426343
2 0.10058823529411764 0.3708838821490468 0.08352941176470588 0.01386481802426343
3 0.17647058823529413 0.3708838821490468 0.03294117647058824 0.01386481802426343
2 0.10882352941176471 0.43154246100519933 0.1 0.01386481802426343
5 0.24705882352941178 0.4376083188908146 0.023529411764705882 0.01733102253032929
2 0.29705882352941176 0.4311091854419411 0.052941176470588235 0.012998266897746967
4 0.4235294117647059 0.4376083188908146 0.023529411764705882 0.01733102253032929
2 0.46352941176470586 0.4311091854419411 0.03294117647058824 0.012998266897746967
1 0.2605882352941176 0.48440207972270366 0.40352941176470586 0.01559792027729636
2 0.6670588235294118 0.5290294627383015 0.15764705882352942 0.018197573656845753
1 0.6758823529411765 0.5493934142114385 0.1988235294117647 0.01559792027729636