0 0.5 0.049413735343383586 0.6423529411764706 0.01507537688442211
0 0.5 0.11641541038525963 0.28352941176470586 0.01507537688442211
2 0.10529411764705883 0.19262981574539365 0.09294117647058824 0.01675041876046901
2 0.1411764705882353 0.23492462311557788 0.16470588235294117 0.017587939698492462
3 0.26176470588235295 0.233249581239531 0.041176470588235294 0.01423785594639866
2 0.611764705882353 0.23492462311557788 0.16470588235294117 0.017587939698492462
2 0.11352941176470588 0.27428810720268004 0.10941176470588235 0.01256281407035176
2 0.11294117647058824 0.31825795644891125 0.10823529411764705 0.01675041876046901
2 0.5047058823529412 0.3161641541038526 0.06352941176470588 0.01256281407035176
2 0.10882352941176471 0.37520938023450584 0.1 0.01340033500837521
5 0.24705882352941178 0.38107202680067004 0.023529411764705882 0.01675041876046901
2 0.29705882352941176 0.37479061976549416 0.052941176470588235 0.01256281407035176
4 0.4235294117647059 0.38107202680067004 0.023529411764705882 0.01675041876046901
2 0.46352941176470586 0.37479061976549416 0.03294117647058824 0.01256281407035176
1 0.2605882352941176 0.42629815745393634 0.40352941176470586 0.01507537688442211
2 0.6670588235294118 0.4694304857621441 0.15764705882352942 0.017587939698492462
1 0.6758823529411765 0.48911222780569513 0.1988235294117647 0.01507537688442211