0 0.5 0.04957983193277311 0.6423529411764706 0.015126050420168067
0 0.5 0.11680672268907563 0.30470588235294116 0.015126050420168067
2 0.11294117647058824 0.19327731092436976 0.10823529411764705 0.01680672268907563
3 0.20941176470588235 0.1915966386554622 0.04941176470588235 0.013445378151260505
2 0.09294117647058824 0.2357142857142857 0.06823529411764706 0.01764705882352941
3 0.17411764705882352 0.23403361344537815 0.058823529411764705 0.014285714285714285
2 0.4647058823529412 0.23319327731092437 0.06352941176470588 0.012605042016806723
3 0.5305882352941177 0.23361344537815126 0.03294117647058824 0.013445378151260505
2 0.1411764705882353 0.2777310924369748 0.16470588235294117 0.01764705882352941
3 0.26529411764705885 0.2777310924369748 0.04823529411764706 0.01764705882352941
2 0.5611764705882353 0.27521008403361347 0.06352941176470588 0.012605042016806723
3 0.6388235294117647 0.27605042016806725 0.05647058823529412 0.014285714285714285
2 0.10058823529411764 0.3176470588235294 0.08352941176470588 0.013445378151260505
3 0.19 0.31890756302521006 0.06 0.015966386554621848
2 0.48 0.3172268907563025 0.06352941176470588 0.012605042016806723
3 0.5505882352941176 0.3180672268907563 0.042352941176470586 0.014285714285714285
2 0.10529411764705883 0.36134453781512604 0.09294117647058824 0.01680672268907563
3 0.2076470588235294 0.3621848739495798 0.07647058823529412 0.018487394957983194
2 0.4894117647058824 0.3592436974789916 0.06352941176470588 0.012605042016806723
3 0.5629411764705883 0.36176470588235293 0.04823529411764706 0.01764705882352941
2 0.08294117647058824 0.40336134453781514 0.04823529411764706 0.01680672268907563
3 0.14882352941176472 0.403781512605042 0.04823529411764706 0.01764705882352941
2 0.10882352941176471 0.46050420168067224 0.1 0.013445378151260505
5 0.24705882352941178 0.46638655462184875 0.023529411764705882 0.01680672268907563
2 0.29705882352941176 0.46008403361344535 0.052941176470588235 0.012605042016806723
4 0.4235294117647059 0.46638655462184875 0.023529411764705882 0.01680672268907563
2 0.46352941176470586 0.46008403361344535 0.03294117647058824 0.012605042016806723
1 0.2605882352941176 0.5117647058823529 0.40352941176470586 0.015126050420168067
2 0.6670588235294118 0.5550420168067227 0.15764705882352942 0.01764705882352941
1 0.6758823529411765 0.5747899159663865 0.1988235294117647 0.015126050420168067