0 0.5 0.0560303893637227 0.6423529411764706 0.017094017094017096
0 0.5 0.13200379867046533 0.28352941176470586 0.017094017094017096
2 0.11352941176470588 0.21604938271604937 0.10941176470588235 0.014245014245014245
3 0.26823529411764707 0.21889838556505223 0.16470588235294117 0.019943019943019943
2 0.09294117647058824 0.26638176638176636 0.06823529411764706 0.019943019943019943
3 0.16647058823529412 0.2644824311490978 0.04352941176470588 0.016144349477682812
2 0.09294117647058824 0.3138651471984805 0.06823529411764706 0.019943019943019943
3 0.17588235294117646 0.3138651471984805 0.06235294117647059 0.019943019943019943
2 0.11352941176470588 0.3584995251661918 0.10941176470588235 0.014245014245014245
2 0.5205882352941177 0.36087369420702753 0.09294117647058824 0.01899335232668566
3 0.5988235294117648 0.35944919278252613 0.02823529411764706 0.016144349477682812
2 0.08294117647058824 0.4083570750237417 0.04823529411764706 0.01899335232668566
3 0.14823529411764705 0.4069325735992403 0.047058823529411764 0.016144349477682812
2 0.10882352941176471 0.47293447293447294 0.1 0.015194681861348529
5 0.24705882352941178 0.4795821462488129 0.023529411764705882 0.01899335232668566
2 0.29705882352941176 0.4724596391263058 0.052941176470588235 0.014245014245014245
4 0.4235294117647059 0.4795821462488129 0.023529411764705882 0.01899335232668566
2 0.46352941176470586 0.4724596391263058 0.03294117647058824 0.014245014245014245
1 0.2605882352941176 0.5308641975308642 0.40352941176470586 0.017094017094017096
2 0.6670588235294118 0.5797720797720798 0.15764705882352942 0.019943019943019943
1 0.6758823529411765 0.6020892687559354 0.1988235294117647 0.017094017094017096