0 0.5 0.055924170616113746 0.6423529411764706 0.017061611374407582
0 0.5 0.13175355450236967 0.30470588235294116 0.017061611374407582
2 0.10058823529411764 0.2161137440758294 0.08352941176470588 0.015165876777251185
3 0.18235294117647058 0.21658767772511847 0.04470588235294118 0.016113744075829384
2 0.48 0.2156398104265403 0.06352941176470588 0.014218009478672985
3 0.5523529411764706 0.21753554502369668 0.04588235294117647 0.01800947867298578
2 0.10529411764705883 0.26540284360189575 0.09294117647058824 0.018957345971563982
3 0.18588235294117647 0.26587677725118486 0.03294117647058824 0.01990521327014218
2 0.48176470588235293 0.26540284360189575 0.04823529411764706 0.018957345971563982
3 0.5429411764705883 0.26540284360189575 0.03882352941176471 0.018957345971563982
2 0.09058823529411765 0.3104265402843602 0.06352941176470588 0.014218009478672985
3 0.1635294117647059 0.3109004739336493 0.047058823529411764 0.015165876777251185
2 0.10058823529411764 0.3582938388625592 0.08352941176470588 0.015165876777251185
3 0.18411764705882352 0.36066350710900474 0.04823529411764706 0.01990521327014218
2 0.10882352941176471 0.4246445497630332 0.1 0.015165876777251185
5 0.24705882352941178 0.4312796208530806 0.023529411764705882 0.018957345971563982
2 0.29705882352941176 0.42417061611374407 0.052941176470588235 0.014218009478672985
4 0.4235294117647059 0.4312796208530806 0.023529411764705882 0.018957345971563982
2 0.46352941176470586 0.42417061611374407 0.03294117647058824 0.014218009478672985
1 0.2605882352941176 0.4824644549763033 0.40352941176470586 0.017061611374407582
2 0.6670588235294118 0.5312796208530806 0.15764705882352942 0.01990521327014218
1 0.6758823529411765 0.5535545023696683 0.1988235294117647 0.017061611374407582