0 0.5 0.05529522024367385 0.6423529411764706 0.016869728209934397
0 0.5 0.1302717900656045 0.30470588235294116 0.016869728209934397
2 0.1411764705882353 0.21602624179943766 0.16470588235294117 0.019681349578256794
3 0.2641176470588235 0.21368322399250234 0.04588235294117647 0.01499531396438613
2 0.5611764705882353 0.21321462043111528 0.06352941176470588 0.014058106841611996
3 0.6305882352941177 0.21415182755388942 0.04 0.015932521087160263
2 0.08294117647058824 0.2624179943767573 0.04823529411764706 0.01874414245548266
3 0.15058823529411763 0.26101218369259604 0.05176470588235294 0.015932521087160263
2 0.4470588235294118 0.26288659793814434 0.06823529411764706 0.019681349578256794
3 0.5152941176470588 0.260543580131209 0.03294117647058824 0.01499531396438613
2 0.08294117647058824 0.30927835051546393 0.04823529411764706 0.01874414245548266
3 0.14470588235294118 0.309746954076851 0.04 0.019681349578256794
2 0.4676470588235294 0.3069353327085286 0.10941176470588235 0.014058106841611996
3 0.6417647058823529 0.309746954076851 0.20352941176470588 0.019681349578256794
2 0.09058823529411765 0.3537956888472352 0.06352941176470588 0.014058106841611996
3 0.16470588235294117 0.3542642924086223 0.04941176470588235 0.01499531396438613
2 0.09058823529411765 0.4006560449859419 0.06352941176470588 0.014058106841611996
3 0.16117647058823528 0.40112464854732893 0.042352941176470586 0.01499531396438613
2 0.10882352941176471 0.46672914714151825 0.1 0.01499531396438613
5 0.24705882352941178 0.4732895970009372 0.023529411764705882 0.01874414245548266
2 0.29705882352941176 0.4662605435801312 0.052941176470588235 0.014058106841611996
4 0.4235294117647059 0.4732895970009372 0.023529411764705882 0.01874414245548266
2 0.46352941176470586 0.4662605435801312 0.03294117647058824 0.014058106841611996
1 0.2605882352941176 0.5238987816307404 0.40352941176470586 0.016869728209934397
2 0.6670588235294118 0.5721649484536082 0.15764705882352942 0.019681349578256794
1 0.6758823529411765 0.5941893158388004 0.1988235294117647 0.016869728209934397