0 0.5 0.052397868561278864 0.6423529411764706 0.015985790408525755
0 0.5 0.12344582593250444 0.2647058823529412 0.015985790408525755
2 0.09058823529411765 0.20204262877442272 0.06352941176470588 0.013321492007104795
3 0.16058823529411764 0.20293072824156305 0.041176470588235294 0.015097690941385435
2 0.4623529411764706 0.20470692717584368 0.06823529411764706 0.018650088809946713
3 0.5535294117647059 0.20515097690941386 0.07882352941176471 0.019538188277087035
2 0.10529411764705883 0.24866785079928952 0.09294117647058824 0.017761989342806393
3 0.18352941176470589 0.2468916518650089 0.02823529411764706 0.014209591474245116
2 0.5041176470588236 0.24866785079928952 0.09294117647058824 0.017761989342806393
3 0.5882352941176471 0.24733570159857904 0.04 0.015097690941385435
2 0.10058823529411764 0.2912966252220249 0.08352941176470588 0.014209591474245116
3 0.18411764705882352 0.2935168738898757 0.04823529411764706 0.018650088809946713
2 0.4723529411764706 0.29307282415630553 0.04823529411764706 0.017761989342806393
3 0.5447058823529412 0.2935168738898757 0.0611764705882353 0.018650088809946713
2 0.1411764705882353 0.33792184724689167 0.16470588235294117 0.018650088809946713
3 0.27058823529411763 0.3383658969804618 0.058823529411764705 0.019538188277087035
2 0.10882352941176471 0.3978685612788632 0.1 0.014209591474245116
5 0.24705882352941178 0.40408525754884544 0.023529411764705882 0.017761989342806393
2 0.29705882352941176 0.39742451154529307 0.052941176470588235 0.013321492007104795
4 0.4235294117647059 0.40408525754884544 0.023529411764705882 0.017761989342806393
2 0.46352941176470586 0.39742451154529307 0.03294117647058824 0.013321492007104795
1 0.2605882352941176 0.45204262877442275 0.40352941176470586 0.015985790408525755
2 0.6670588235294118 0.4977797513321492 0.15764705882352942 0.018650088809946713
1 0.6758823529411765 0.5186500888099467 0.1988235294117647 0.015985790408525755