0 0.5 0.05514018691588785 0.6423529411764706 0.016822429906542057
0 0.5 0.1294392523364486 0.24941176470588236 0.01588785046728972
2 0.09058823529411765 0.21261682242990654 0.06352941176470588 0.014018691588785047
2 0.10529411764705883 0.2616822429906542 0.09294117647058824 0.018691588785046728
2 0.08294117647058824 0.308411214953271 0.04823529411764706 0.018691588785046728
2 0.09294117647058824 0.355607476635514 0.06823529411764706 0.019626168224299065
2 0.47941176470588237 0.35514018691588783 0.09294117647058824 0.018691588785046728
2 0.09058823529411765 0.39953271028037385 0.06352941176470588 0.014018691588785047
2 0.10882352941176471 0.4654205607476635 0.1 0.014953271028037384
4 0.24705882352941178 0.4719626168224299 0.023529411764705882 0.018691588785046728
2 0.29705882352941176 0.4649532710280374 0.052941176470588235 0.014018691588785047
4 0.4235294117647059 0.4719626168224299 0.023529411764705882 0.018691588785046728
2 0.46352941176470586 0.4649532710280374 0.03294117647058824 0.014018691588785047
1 0.2605882352941176 0.5224299065420561 0.40352941176470586 0.016822429906542057
2 0.6670588235294118 0.5705607476635514 0.15764705882352942 0.019626168224299065
1 0.6758823529411765 0.5925233644859813 0.1988235294117647 0.016822429906542057