0 0.5 0.05402930402930403 0.6423529411764706 0.016483516483516484
0 0.5 0.12728937728937728 0.2647058823529412 0.016483516483516484
2 0.10058823529411764 0.2087912087912088 0.08352941176470588 0.014652014652014652
3 0.18 0.20924908424908426 0.04 0.015567765567765568
2 0.11294117647058824 0.2564102564102564 0.10823529411764705 0.018315018315018316
3 0.2088235294117647 0.25686813186813184 0.04823529411764706 0.019230769230769232
2 0.4970588235294118 0.2564102564102564 0.04823529411764706 0.018315018315018316
3 0.5623529411764706 0.25686813186813184 0.047058823529411764 0.019230769230769232
2 0.10529411764705883 0.3021978021978022 0.09294117647058824 0.018315018315018316
3 0.18588235294117647 0.30036630036630035 0.03294117647058824 0.014652014652014652
2 0.49176470588235294 0.30265567765567764 0.06823529411764706 0.019230769230769232
3 0.5664705882352942 0.30036630036630035 0.04588235294117647 0.014652014652014652
2 0.1411764705882353 0.3484432234432234 0.16470588235294117 0.019230769230769232
3 0.26705882352941174 0.3466117216117216 0.05176470588235294 0.015567765567765568
2 0.08294117647058824 0.39377289377289376 0.04823529411764706 0.018315018315018316
3 0.14470588235294118 0.3923992673992674 0.04 0.015567765567765568
2 0.10882352941176471 0.45604395604395603 0.1 0.014652014652014652
4 0.24705882352941178 0.4624542124542125 0.023529411764705882 0.018315018315018316
2 0.29705882352941176 0.4555860805860806 0.052941176470588235 0.013736263736263736
5 0.4235294117647059 0.4624542124542125 0.023529411764705882 0.018315018315018316
2 0.46352941176470586 0.4555860805860806 0.03294117647058824 0.013736263736263736
1 0.2605882352941176 0.5119047619047619 0.40352941176470586 0.016483516483516484
2 0.6670588235294118 0.5590659340659341 0.15764705882352942 0.019230769230769232
1 0.6758823529411765 0.5805860805860806 0.1988235294117647 0.016483516483516484