0 0.5 0.05258467023172905 0.6423529411764706 0.016042780748663103
0 0.5 0.12388591800356506 0.28352941176470586 0.016042780748663103
2 0.10529411764705883 0.20499108734402852 0.09294117647058824 0.017825311942959002
3 0.19117647058823528 0.20365418894830659 0.04352941176470588 0.015151515151515152
2 0.08294117647058824 0.24955436720142601 0.04823529411764706 0.017825311942959002
3 0.1476470588235294 0.24910873440285206 0.04588235294117647 0.01693404634581105
2 0.11294117647058824 0.29411764705882354 0.10823529411764705 0.017825311942959002
3 0.20588235294117646 0.29233511586452765 0.042352941176470586 0.0142602495543672
2 0.08294117647058824 0.33868092691622104 0.04823529411764706 0.017825311942959002
3 0.1411764705882353 0.33689839572192515 0.03294117647058824 0.0142602495543672
2 0.4676470588235294 0.33645276292335113 0.10941176470588235 0.013368983957219251
3 0.6135294117647059 0.33868092691622104 0.14705882352941177 0.017825311942959002
2 0.11352941176470588 0.3810160427807487 0.10941176470588235 0.013368983957219251
3 0.25176470588235295 0.3841354723707665 0.13176470588235295 0.0196078431372549
2 0.5205882352941177 0.38324420677361853 0.09294117647058824 0.017825311942959002
3 0.6094117647058823 0.38146167557932265 0.04941176470588235 0.0142602495543672
2 0.10882352941176471 0.44385026737967914 0.1 0.0142602495543672
5 0.24705882352941178 0.4500891265597148 0.023529411764705882 0.017825311942959002
2 0.29705882352941176 0.4434046345811052 0.052941176470588235 0.013368983957219251
4 0.4235294117647059 0.4500891265597148 0.023529411764705882 0.017825311942959002
2 0.46352941176470586 0.4434046345811052 0.03294117647058824 0.013368983957219251
1 0.2605882352941176 0.4982174688057041 0.40352941176470586 0.016042780748663103
2 0.6670588235294118 0.5441176470588235 0.15764705882352942 0.01871657754010695
1 0.6758823529411765 0.5650623885918004 0.1988235294117647 0.016042780748663103