0 0.5 0.05462962962962963 0.6423529411764706 0.016666666666666666
0 0.5 0.1287037037037037 0.2647058823529412 0.016666666666666666
2 0.11352941176470588 0.21064814814814814 0.10941176470588235 0.013888888888888888
2 0.5058823529411764 0.21064814814814814 0.06352941176470588 0.013888888888888888
2 0.10058823529411764 0.2574074074074074 0.08352941176470588 0.014814814814814815
2 0.11294117647058824 0.3055555555555556 0.10823529411764705 0.018518518518518517
2 0.4970588235294118 0.3055555555555556 0.04823529411764706 0.018518518518518517
2 0.09294117647058824 0.3523148148148148 0.06823529411764706 0.019444444444444445
2 0.10882352941176471 0.4148148148148148 0.1 0.014814814814814815
4 0.24705882352941178 0.4212962962962963 0.023529411764705882 0.018518518518518517
2 0.29705882352941176 0.41435185185185186 0.052941176470588235 0.013888888888888888
4 0.4235294117647059 0.4212962962962963 0.023529411764705882 0.018518518518518517
2 0.46352941176470586 0.41435185185185186 0.03294117647058824 0.013888888888888888
1 0.2605882352941176 0.47129629629629627 0.40352941176470586 0.016666666666666666
2 0.6670588235294118 0.5189814814814815 0.15764705882352942 0.019444444444444445
1 0.6758823529411765 0.5407407407407407 0.1988235294117647 0.016666666666666666