0 0.5 0.0528673835125448 0.6423529411764706 0.016129032258064516
0 0.5 0.12410394265232975 0.23294117647058823 0.015232974910394265
2 0.08294117647058824 0.2060931899641577 0.04823529411764706 0.017921146953405017
2 0.46705882352941175 0.2060931899641577 0.10823529411764705 0.017921146953405017
2 0.09058823529411765 0.24865591397849462 0.06352941176470588 0.013440860215053764
3 0.17470588235294118 0.2513440860215054 0.06941176470588235 0.01881720430107527
2 0.08294117647058824 0.2956989247311828 0.04823529411764706 0.017921146953405017
2 0.49529411764705883 0.2961469534050179 0.16470588235294117 0.01881720430107527
2 0.09058823529411765 0.3382616487455197 0.06352941176470588 0.013440860215053764
3 0.17 0.3400537634408602 0.06 0.017025089605734768
2 0.10058823529411764 0.3835125448028674 0.08352941176470588 0.014336917562724014
3 0.19470588235294117 0.385752688172043 0.06941176470588235 0.01881720430107527
2 0.10882352941176471 0.44623655913978494 0.1 0.014336917562724014
4 0.24705882352941178 0.4525089605734767 0.023529411764705882 0.017921146953405017
2 0.29705882352941176 0.4457885304659498 0.052941176470588235 0.013440860215053764
5 0.4235294117647059 0.4525089605734767 0.023529411764705882 0.017921146953405017
2 0.46352941176470586 0.4457885304659498 0.03294117647058824 0.013440860215053764
1 0.2605882352941176 0.5008960573476703 0.40352941176470586 0.016129032258064516
2 0.6670588235294118 0.5470430107526881 0.15764705882352942 0.01881720430107527
1 0.6758823529411765 0.568100358422939 0.1988235294117647 0.016129032258064516