0 0.5 0.05689488910318226 0.6423529411764706 0.017357762777242044
0 0.5 0.13404050144648022 0.2647058823529412 0.017357762777242044
2 0.11352941176470588 0.21938283510125361 0.10941176470588235 0.01446480231436837
2 0.528235294117647 0.22179363548698167 0.10823529411764705 0.019286403085824494
2 0.10529411764705883 0.2700096432015429 0.09294117647058824 0.019286403085824494
2 0.11352941176470588 0.3158148505303761 0.10941176470588235 0.01446480231436837
2 0.5288235294117647 0.3158148505303761 0.10941176470588235 0.01446480231436837
2 0.11352941176470588 0.3640308582449373 0.10941176470588235 0.01446480231436837
2 0.09058823529411765 0.41224686595949855 0.06352941176470588 0.01446480231436837
2 0.10882352941176471 0.4802314368370299 0.1 0.015429122468659595
4 0.24705882352941178 0.4869816779170685 0.023529411764705882 0.019286403085824494
2 0.29705882352941176 0.47974927675988427 0.052941176470588235 0.01446480231436837
4 0.4235294117647059 0.4869816779170685 0.023529411764705882 0.019286403085824494
2 0.46352941176470586 0.47974927675988427 0.03294117647058824 0.01446480231436837
1 0.2605882352941176 0.5390549662487946 0.40352941176470586 0.017357762777242044
2 0.6670588235294118 0.5887174541947927 0.15764705882352942 0.020250723240115717
1 0.6758823529411765 0.6113789778206364 0.1988235294117647 0.017357762777242044