0 0.5 0.05310531053105311 0.6423529411764706 0.016201620162016202
0 0.5 0.12466246624662466 0.24941176470588236 0.0153015301530153
2 0.11294117647058824 0.207020702070207 0.10823529411764705 0.018001800180018002
3 0.20470588235294118 0.20567056705670567 0.04 0.0153015301530153
2 0.5147058823529411 0.20522052205220523 0.08352941176470588 0.0144014401440144
3 0.5941176470588235 0.20567056705670567 0.04 0.0153015301530153
2 0.10058823529411764 0.2502250225022502 0.08352941176470588 0.0144014401440144
3 0.19470588235294117 0.2524752475247525 0.06941176470588235 0.018901890189018902
2 0.48 0.24977497749774977 0.06352941176470588 0.013501350135013501
3 0.5541176470588235 0.2502250225022502 0.04941176470588235 0.0144014401440144
2 0.11294117647058824 0.297029702970297 0.10823529411764705 0.018001800180018002
3 0.21941176470588236 0.2974797479747975 0.06941176470588235 0.018901890189018902
2 0.5194117647058824 0.297029702970297 0.09294117647058824 0.018001800180018002
3 0.6070588235294118 0.2965796579657966 0.047058823529411764 0.017101710171017102
2 0.1411764705882353 0.3424842484248425 0.16470588235294117 0.018901890189018902
3 0.2564705882352941 0.3402340234023402 0.03058823529411765 0.0144014401440144
2 0.5841176470588235 0.3397839783978398 0.10941176470588235 0.013501350135013501
3 0.7617647058823529 0.34473447344734476 0.21058823529411766 0.023402340234023402
2 0.10882352941176471 0.40324032403240323 0.1 0.0144014401440144
5 0.24705882352941178 0.4095409540954095 0.023529411764705882 0.018001800180018002
2 0.29705882352941176 0.40279027902790276 0.052941176470588235 0.013501350135013501
4 0.4235294117647059 0.4095409540954095 0.023529411764705882 0.018001800180018002
2 0.46352941176470586 0.40279027902790276 0.03294117647058824 0.013501350135013501
1 0.2605882352941176 0.45814581458145814 0.40352941176470586 0.016201620162016202
2 0.6670588235294118 0.5045004500450045 0.15764705882352942 0.018901890189018902
1 0.6758823529411765 0.5256525652565257 0.1988235294117647 0.016201620162016202