0 0.5 0.05148342059336824 0.6423529411764706 0.015706806282722512
0 0.5 0.1212914485165794 0.2647058823529412 0.015706806282722512
2 0.10529411764705883 0.2006980802792321 0.09294117647058824 0.017452006980802792
2 0.09294117647058824 0.24476439790575916 0.06823529411764706 0.01832460732984293
2 0.46705882352941175 0.24476439790575916 0.06823529411764706 0.01832460732984293
2 0.11352941176470588 0.2857766143106457 0.10941176470588235 0.013089005235602094
2 0.5288235294117647 0.2857766143106457 0.10941176470588235 0.013089005235602094
2 0.11352941176470588 0.3294066317626527 0.10941176470588235 0.013089005235602094
2 0.5158823529411765 0.3298429319371728 0.08352941176470588 0.013961605584642234
2 0.10529411764705883 0.37521815008726006 0.09294117647058824 0.017452006980802792
2 0.09294117647058824 0.4192844677137871 0.06823529411764706 0.01832460732984293
2 0.10882352941176471 0.4781849912739965 0.1 0.013961605584642234
4 0.24705882352941178 0.48429319371727747 0.023529411764705882 0.017452006980802792
2 0.29705882352941176 0.47774869109947643 0.052941176470588235 0.013089005235602094
4 0.4235294117647059 0.48429319371727747 0.023529411764705882 0.017452006980802792
2 0.46352941176470586 0.47774869109947643 0.03294117647058824 0.013089005235602094
1 0.2605882352941176 0.5314136125654451 0.40352941176470586 0.015706806282722512
2 0.6670588235294118 0.5763525305410122 0.15764705882352942 0.01832460732984293
1 0.6758823529411765 0.5968586387434555 0.1988235294117647 0.015706806282722512