0 0.5 0.05235137533274179 0.6423529411764706 0.015971606033717833
0 0.5 0.1233362910381544 0.30470588235294116 0.015971606033717833
2 0.08294117647058824 0.20408163265306123 0.04823529411764706 0.01774622892635315
2 0.4470588235294118 0.20452528837622005 0.06823529411764706 0.018633540372670808
2 0.09058823529411765 0.24622892635314997 0.06352941176470588 0.013309671694764862
2 0.10529411764705883 0.29281277728482696 0.09294117647058824 0.01774622892635315
2 0.08294117647058824 0.33717834960070986 0.04823529411764706 0.01774622892635315
2 0.10882352941176471 0.39751552795031053 0.1 0.01419698314108252
4 0.24705882352941178 0.40372670807453415 0.023529411764705882 0.01774622892635315
2 0.29705882352941176 0.39707187222715173 0.052941176470588235 0.013309671694764862
4 0.4235294117647059 0.40372670807453415 0.023529411764705882 0.01774622892635315
2 0.46352941176470586 0.39707187222715173 0.03294117647058824 0.013309671694764862
1 0.2605882352941176 0.45164152617568765 0.40352941176470586 0.015971606033717833
2 0.6670588235294118 0.49733806566104705 0.15764705882352942 0.018633540372670808
1 0.6758823529411765 0.518189884649512 0.1988235294117647 0.015971606033717833