0 0.5 0.05090595340811044 0.6423529411764706 0.015530629853321829
0 0.5 0.11993097497842968 0.30470588235294116 0.015530629853321829
2 0.10529411764705883 0.1984469370146678 0.09294117647058824 0.01725625539257981
3 0.1935294117647059 0.19887834339948232 0.04823529411764706 0.0181190681622088
2 0.4894117647058824 0.19628990509059535 0.06352941176470588 0.012942191544434857
3 0.5694117647058824 0.19887834339948232 0.0611764705882353 0.0181190681622088
2 0.10529411764705883 0.24158757549611734 0.09294117647058824 0.01725625539257981
3 0.18588235294117647 0.24201898188093185 0.03294117647058824 0.0181190681622088
2 0.49176470588235294 0.24201898188093185 0.06823529411764706 0.0181190681622088
3 0.5788235294117647 0.2441760138050043 0.07058823529411765 0.022433132010353754
2 0.11352941176470588 0.2825711820534944 0.10941176470588235 0.012942191544434857
3 0.27647058823529413 0.28472821397756687 0.1811764705882353 0.01725625539257981
2 0.09294117647058824 0.3283002588438309 0.06823529411764706 0.0181190681622088
3 0.17411764705882352 0.3265746333045729 0.058823529411764705 0.014667817083692839
2 0.10058823529411764 0.36928386540120794 0.08352941176470588 0.013805004314063849
3 0.19470588235294117 0.3714408973252804 0.06941176470588235 0.0181190681622088
2 0.49470588235294116 0.3710094909404659 0.09294117647058824 0.01725625539257981
3 0.5752941176470588 0.3714408973252804 0.03294117647058824 0.0181190681622088
2 0.1411764705882353 0.41458153580672996 0.16470588235294117 0.0181190681622088
3 0.27176470588235296 0.412855910267472 0.0611764705882353 0.014667817083692839
2 0.10882352941176471 0.4728213977566868 0.1 0.013805004314063849
4 0.24705882352941178 0.47886108714408976 0.023529411764705882 0.01725625539257981
2 0.29705882352941176 0.4723899913718723 0.052941176470588235 0.012942191544434857
5 0.4235294117647059 0.47886108714408976 0.023529411764705882 0.01725625539257981
2 0.46352941176470586 0.4723899913718723 0.03294117647058824 0.012942191544434857
1 0.2605882352941176 0.5254529767040552 0.40352941176470586 0.015530629853321829
2 0.6670588235294118 0.5698878343399483 0.15764705882352942 0.0181190681622088
1 0.6758823529411765 0.5901639344262295 0.1988235294117647 0.015530629853321829