0 0.5 0.05545112781954887 0.6423529411764706 0.016917293233082706
0 0.5 0.13016917293233082 0.23294117647058823 0.015977443609022556
2 0.11294117647058824 0.2161654135338346 0.10823529411764705 0.018796992481203006
3 0.2011764705882353 0.21663533834586465 0.03294117647058824 0.019736842105263157
2 0.09058823529411765 0.2608082706766917 0.06352941176470588 0.014097744360902255
3 0.1564705882352941 0.26362781954887216 0.03294117647058824 0.019736842105263157
2 0.1411764705882353 0.3106203007518797 0.16470588235294117 0.019736842105263157
3 0.2611764705882353 0.30874060150375937 0.04 0.015977443609022556
2 0.1411764705882353 0.3576127819548872 0.16470588235294117 0.019736842105263157
3 0.2647058823529412 0.3576127819548872 0.047058823529411764 0.019736842105263157
2 0.09294117647058824 0.40460526315789475 0.06823529411764706 0.019736842105263157
3 0.17529411764705882 0.40272556390977443 0.0611764705882353 0.015977443609022556
2 0.10058823529411764 0.4492481203007519 0.08352941176470588 0.015037593984962405
3 0.18058823529411766 0.44971804511278196 0.041176470588235294 0.015977443609022556
2 0.10882352941176471 0.5150375939849624 0.1 0.015037593984962405
4 0.24705882352941178 0.5216165413533834 0.023529411764705882 0.018796992481203006
2 0.29705882352941176 0.5145676691729323 0.052941176470588235 0.014097744360902255
5 0.4235294117647059 0.5216165413533834 0.023529411764705882 0.018796992481203006
2 0.46352941176470586 0.5145676691729323 0.03294117647058824 0.014097744360902255
1 0.2605882352941176 0.5723684210526315 0.40352941176470586 0.016917293233082706
2 0.6670588235294118 0.6207706766917294 0.15764705882352942 0.019736842105263157
1 0.6758823529411765 0.6428571428571429 0.1988235294117647 0.016917293233082706