0 0.5 0.05344202898550725 0.6423529411764706 0.016304347826086956
0 0.5 0.12590579710144928 0.2647058823529412 0.016304347826086956
2 0.09058823529411765 0.20606884057971014 0.06352941176470588 0.01358695652173913
3 0.1564705882352941 0.20652173913043478 0.03294117647058824 0.014492753623188406
2 0.09294117647058824 0.25407608695652173 0.06823529411764706 0.019021739130434784
3 0.16117647058823528 0.25181159420289856 0.03294117647058824 0.014492753623188406
2 0.11352941176470588 0.2966485507246377 0.10941176470588235 0.01358695652173913
3 0.2735294117647059 0.3016304347826087 0.17529411764705882 0.02355072463768116
2 0.11352941176470588 0.34193840579710144 0.10941176470588235 0.01358695652173913
3 0.2664705882352941 0.3446557971014493 0.16117647058823528 0.019021739130434784
2 0.5288235294117647 0.34193840579710144 0.10941176470588235 0.01358695652173913
3 0.6694117647058824 0.34692028985507245 0.13647058823529412 0.02355072463768116
2 0.10882352941176471 0.4057971014492754 0.1 0.014492753623188406
4 0.24705882352941178 0.4121376811594203 0.023529411764705882 0.018115942028985508
2 0.29705882352941176 0.4053442028985507 0.052941176470588235 0.01358695652173913
5 0.4235294117647059 0.4121376811594203 0.023529411764705882 0.018115942028985508
2 0.46352941176470586 0.4053442028985507 0.03294117647058824 0.01358695652173913
1 0.2605882352941176 0.46105072463768115 0.40352941176470586 0.016304347826086956
2 0.6670588235294118 0.5076992753623188 0.15764705882352942 0.019021739130434784
1 0.6758823529411765 0.5289855072463768 0.1988235294117647 0.016304347826086956