0 0.5 0.049663299663299666 0.6423529411764706 0.015151515151515152
0 0.5 0.117003367003367 0.2647058823529412 0.015151515151515152
2 0.11352941176470588 0.1914983164983165 0.10941176470588235 0.012626262626262626
2 0.11352941176470588 0.2335858585858586 0.10941176470588235 0.012626262626262626
3 0.22941176470588234 0.234006734006734 0.08705882352941176 0.013468013468013467
2 0.09058823529411765 0.2756734006734007 0.06352941176470588 0.012626262626262626
2 0.08294117647058824 0.31986531986531985 0.04823529411764706 0.016835016835016835
3 0.15235294117647058 0.3202861952861953 0.05529411764705883 0.017676767676767676
2 0.46705882352941175 0.31986531986531985 0.10823529411764705 0.016835016835016835
3 0.5552941176470588 0.3181818181818182 0.03294117647058824 0.013468013468013467
2 0.1411764705882353 0.36237373737373735 0.16470588235294117 0.017676767676767676
2 0.10882352941176471 0.41919191919191917 0.1 0.013468013468013467
5 0.24705882352941178 0.42508417508417506 0.023529411764705882 0.016835016835016835
2 0.29705882352941176 0.4187710437710438 0.052941176470588235 0.012626262626262626
4 0.4235294117647059 0.42508417508417506 0.023529411764705882 0.016835016835016835
2 0.46352941176470586 0.4187710437710438 0.03294117647058824 0.012626262626262626
1 0.2605882352941176 0.47053872053872053 0.40352941176470586 0.015151515151515152
2 0.6670588235294118 0.5138888888888888 0.15764705882352942 0.017676767676767676
1 0.6758823529411765 0.5336700336700336 0.1988235294117647 0.015151515151515152