0 0.5 0.05483271375464684 0.6423529411764706 0.016728624535315983
0 0.5 0.129182156133829 0.28352941176470586 0.016728624535315983
2 0.10529411764705883 0.2137546468401487 0.09294117647058824 0.01858736059479554
3 0.1864705882352941 0.21189591078066913 0.03411764705882353 0.01486988847583643
2 0.09058823529411765 0.2578996282527881 0.06352941176470588 0.013940520446096654
3 0.16470588235294117 0.258364312267658 0.04941176470588235 0.01486988847583643
2 0.4623529411764706 0.2606877323420074 0.06823529411764706 0.019516728624535316
3 0.5376470588235294 0.2606877323420074 0.047058823529411764 0.019516728624535316
2 0.11294117647058824 0.3066914498141264 0.10823529411764705 0.01858736059479554
3 0.20411764705882354 0.3066914498141264 0.03882352941176471 0.01858736059479554
2 0.1411764705882353 0.35362453531598514 0.16470588235294117 0.019516728624535316
3 0.27176470588235296 0.3517657992565056 0.0611764705882353 0.015799256505576207
2 0.10882352941176471 0.4163568773234201 0.1 0.01486988847583643
5 0.24705882352941178 0.4228624535315985 0.023529411764705882 0.01858736059479554
2 0.29705882352941176 0.4158921933085502 0.052941176470588235 0.013940520446096654
4 0.4235294117647059 0.4228624535315985 0.023529411764705882 0.01858736059479554
2 0.46352941176470586 0.4158921933085502 0.03294117647058824 0.013940520446096654
1 0.2605882352941176 0.47304832713754646 0.40352941176470586 0.016728624535315983
2 0.6670588235294118 0.520910780669145 0.15764705882352942 0.019516728624535316
1 0.6758823529411765 0.5427509293680297 0.1988235294117647 0.016728624535315983