0 0.5 0.05086206896551724 0.6423529411764706 0.015517241379310345
0 0.5 0.11982758620689656 0.2647058823529412 0.015517241379310345
2 0.11294117647058824 0.19827586206896552 0.10823529411764705 0.017241379310344827
3 0.21588235294117647 0.19870689655172413 0.06235294117647059 0.01810344827586207
2 0.09058823529411765 0.23922413793103448 0.06352941176470588 0.01293103448275862
3 0.16058823529411764 0.24008620689655172 0.041176470588235294 0.014655172413793103
2 0.11352941176470588 0.2823275862068966 0.10941176470588235 0.01293103448275862
3 0.23294117647058823 0.2831896551724138 0.09411764705882353 0.014655172413793103
2 0.08294117647058824 0.3275862068965517 0.04823529411764706 0.017241379310344827
3 0.1388235294117647 0.3258620689655172 0.02823529411764706 0.013793103448275862
2 0.4676470588235294 0.3254310344827586 0.10941176470588235 0.01293103448275862
3 0.6476470588235295 0.328448275862069 0.21529411764705883 0.01896551724137931
2 0.08294117647058824 0.3706896551724138 0.04823529411764706 0.017241379310344827
3 0.15529411764705883 0.3711206896551724 0.0611764705882353 0.01810344827586207
2 0.09058823529411765 0.41163793103448276 0.06352941176470588 0.01293103448275862
3 0.16294117647058823 0.41206896551724137 0.04588235294117647 0.013793103448275862
2 0.10882352941176471 0.4724137931034483 0.1 0.013793103448275862
4 0.24705882352941178 0.47844827586206895 0.023529411764705882 0.017241379310344827
2 0.29705882352941176 0.47198275862068967 0.052941176470588235 0.01293103448275862
5 0.4235294117647059 0.47844827586206895 0.023529411764705882 0.017241379310344827
2 0.46352941176470586 0.47198275862068967 0.03294117647058824 0.01293103448275862
1 0.2605882352941176 0.525 0.40352941176470586 0.015517241379310345
2 0.6670588235294118 0.569396551724138 0.15764705882352942 0.01810344827586207
1 0.6758823529411765 0.5896551724137931 0.1988235294117647 0.015517241379310345