0 0.5 0.051259774109470024 0.6423529411764706 0.015638575152041704
0 0.5 0.12076455256298871 0.30470588235294116 0.015638575152041704
2 0.08294117647058824 0.1998262380538662 0.04823529411764706 0.01737619461337967
3 0.14411764705882352 0.1998262380538662 0.03882352941176471 0.01737619461337967
2 0.11352941176470588 0.24109470026064292 0.10941176470588235 0.013032145960034752
3 0.29352941176470587 0.24413553431798435 0.21529411764705883 0.019113814074717638
2 0.09294117647058824 0.28714161598609905 0.06823529411764706 0.018245004344048653
3 0.16117647058823528 0.28714161598609905 0.03294117647058824 0.018245004344048653
2 0.09058823529411765 0.3279756733275413 0.06352941176470588 0.013032145960034752
3 0.1635294117647059 0.32971329278887923 0.047058823529411764 0.016507384882710686
2 0.10882352941176471 0.38922675933970463 0.1 0.013900955690703735
5 0.24705882352941178 0.3953084274543875 0.023529411764705882 0.01737619461337967
2 0.29705882352941176 0.3887923544743701 0.052941176470588235 0.013032145960034752
4 0.4235294117647059 0.3953084274543875 0.023529411764705882 0.01737619461337967
2 0.46352941176470586 0.3887923544743701 0.03294117647058824 0.013032145960034752
1 0.2605882352941176 0.4422241529105126 0.40352941176470586 0.015638575152041704
2 0.6670588235294118 0.48696785403996523 0.15764705882352942 0.018245004344048653
1 0.6758823529411765 0.5073848827106864 0.1988235294117647 0.015638575152041704