0 0.5 0.053009883198562445 0.6423529411764706 0.016172506738544475
0 0.5 0.12443845462713388 0.24941176470588236 0.015274034141958671
2 0.08294117647058824 0.20664869721473494 0.04823529411764706 0.017969451931716084
2 0.11352941176470588 0.24932614555256064 0.10941176470588235 0.013477088948787063
2 0.11352941176470588 0.2942497753818509 0.10941176470588235 0.013477088948787063
2 0.10058823529411764 0.33962264150943394 0.08352941176470588 0.014375561545372867
2 0.09294117647058824 0.3867924528301887 0.06823529411764706 0.018867924528301886
2 0.10058823529411764 0.42946990116801437 0.08352941176470588 0.014375561545372867
2 0.4823529411764706 0.43171608265947886 0.06823529411764706 0.018867924528301886
2 0.10882352941176471 0.49236298292902064 0.1 0.014375561545372867
4 0.24705882352941178 0.49865229110512127 0.023529411764705882 0.017969451931716084
2 0.29705882352941176 0.4919137466307278 0.052941176470588235 0.013477088948787063
4 0.4235294117647059 0.49865229110512127 0.023529411764705882 0.017969451931716084
2 0.46352941176470586 0.4919137466307278 0.03294117647058824 0.013477088948787063
1 0.2605882352941176 0.5471698113207547 0.40352941176470586 0.016172506738544475
2 0.6670588235294118 0.5934411500449236 0.15764705882352942 0.018867924528301886
1 0.6758823529411765 0.6145552560646901 0.1988235294117647 0.016172506738544475