0 0.5 0.05402930402930403 0.6423529411764706 0.016483516483516484
0 0.5 0.12683150183150182 0.24941176470588236 0.015567765567765568
2 0.10529411764705883 0.21062271062271062 0.09294117647058824 0.018315018315018316
3 0.18352941176470589 0.2087912087912088 0.02823529411764706 0.014652014652014652
2 0.10529411764705883 0.2564102564102564 0.09294117647058824 0.018315018315018316
3 0.19058823529411764 0.25503663003663 0.042352941176470586 0.015567765567765568
2 0.10058823529411764 0.30036630036630035 0.08352941176470588 0.014652014652014652
3 0.17470588235294118 0.30265567765567764 0.029411764705882353 0.019230769230769232
2 0.11352941176470588 0.3456959706959707 0.10941176470588235 0.013736263736263736
3 0.2611764705882353 0.3507326007326007 0.15058823529411763 0.023809523809523808
2 0.5564705882352942 0.3484432234432234 0.16470588235294117 0.019230769230769232
3 0.6911764705882353 0.3484432234432234 0.06941176470588235 0.019230769230769232
2 0.10529411764705883 0.39377289377289376 0.09294117647058824 0.018315018315018316
3 0.18823529411764706 0.39194139194139194 0.03764705882352941 0.014652014652014652
2 0.10882352941176471 0.45604395604395603 0.1 0.014652014652014652
4 0.24705882352941178 0.4624542124542125 0.023529411764705882 0.018315018315018316
2 0.29705882352941176 0.4555860805860806 0.052941176470588235 0.013736263736263736
5 0.4235294117647059 0.4624542124542125 0.023529411764705882 0.018315018315018316
2 0.46352941176470586 0.4555860805860806 0.03294117647058824 0.013736263736263736
1 0.2605882352941176 0.5119047619047619 0.40352941176470586 0.016483516483516484
2 0.6670588235294118 0.5590659340659341 0.15764705882352942 0.019230769230769232
1 0.6758823529411765 0.5805860805860806 0.1988235294117647 0.016483516483516484