0 0.5 0.05368516833484986 0.6423529411764706 0.01637852593266606
0 0.5 0.1264786169244768 0.2647058823529412 0.01637852593266606
2 0.10058823529411764 0.20746132848043677 0.08352941176470588 0.014558689717925387
3 0.18235294117647058 0.2097361237488626 0.04470588235294118 0.01910828025477707
2 0.09058823529411765 0.25250227479526843 0.06352941176470588 0.01364877161055505
3 0.17529411764705882 0.2575068243858053 0.07058823529411765 0.023657870791628753
2 0.09294117647058824 0.30072793448589624 0.06823529411764706 0.01910828025477707
3 0.16176470588235295 0.29981801637852595 0.03411764705882353 0.017288444040036398
2 0.09294117647058824 0.34622383985441313 0.06823529411764706 0.01910828025477707
3 0.16823529411764707 0.34440400363967244 0.047058823529411764 0.015468607825295723
2 0.09294117647058824 0.39171974522292996 0.06823529411764706 0.01910828025477707
3 0.1588235294117647 0.38989990900818927 0.02823529411764706 0.015468607825295723
2 0.46705882352941175 0.39171974522292996 0.06823529411764706 0.01910828025477707
3 0.5352941176470588 0.39171974522292996 0.03294117647058824 0.01910828025477707
2 0.10882352941176471 0.4531392174704277 0.1 0.014558689717925387
5 0.24705882352941178 0.45950864422202004 0.023529411764705882 0.018198362147406732
2 0.29705882352941176 0.4526842584167425 0.052941176470588235 0.01364877161055505
4 0.4235294117647059 0.45950864422202004 0.023529411764705882 0.018198362147406732
2 0.46352941176470586 0.4526842584167425 0.03294117647058824 0.01364877161055505
1 0.2605882352941176 0.5086442220200182 0.40352941176470586 0.01637852593266606
2 0.6670588235294118 0.5555050045495905 0.15764705882352942 0.01910828025477707
1 0.6758823529411765 0.5768880800727935 0.1988235294117647 0.01637852593266606