0 0.5 0.050341296928327645 0.6423529411764706 0.015358361774744027
0 0.5 0.11860068259385666 0.30470588235294116 0.015358361774744027
2 0.09058823529411765 0.19411262798634812 0.06352941176470588 0.012798634812286689
3 0.16058823529411764 0.19496587030716722 0.041176470588235294 0.014505119453924915
2 0.48294117647058826 0.19411262798634812 0.10941176470588235 0.012798634812286689
3 0.6058823529411764 0.19667235494880547 0.1011764705882353 0.017918088737201365
2 0.08294117647058824 0.23890784982935154 0.04823529411764706 0.017064846416382253
3 0.14470588235294118 0.23762798634812288 0.04 0.014505119453924915
2 0.4676470588235294 0.23677474402730375 0.10941176470588235 0.012798634812286689
3 0.6341176470588236 0.23976109215017063 0.18823529411764706 0.01877133105802048
2 0.09058823529411765 0.2794368600682594 0.06352941176470588 0.012798634812286689
3 0.17 0.2811433447098976 0.06 0.016211604095563138
2 0.10058823529411764 0.3225255972696246 0.08352941176470588 0.013651877133105802
3 0.17882352941176471 0.3225255972696246 0.03764705882352941 0.013651877133105802
2 0.4723529411764706 0.3242320819112628 0.04823529411764706 0.017064846416382253
3 0.5535294117647059 0.3250853242320819 0.07882352941176471 0.01877133105802048
2 0.10882352941176471 0.3822525597269625 0.1 0.013651877133105802
4 0.24705882352941178 0.38822525597269625 0.023529411764705882 0.017064846416382253
2 0.29705882352941176 0.3818259385665529 0.052941176470588235 0.012798634812286689
5 0.4235294117647059 0.38822525597269625 0.023529411764705882 0.017064846416382253
2 0.46352941176470586 0.3818259385665529 0.03294117647058824 0.012798634812286689
1 0.2605882352941176 0.43430034129692835 0.40352941176470586 0.015358361774744027
2 0.6670588235294118 0.4782423208191126 0.15764705882352942 0.017918088737201365
1 0.6758823529411765 0.49829351535836175 0.1988235294117647 0.015358361774744027