0 0.5 0.05629770992366412 0.6423529411764706 0.01717557251908397
0 0.5 0.13263358778625955 0.28352941176470586 0.01717557251908397
2 0.11294117647058824 0.21946564885496184 0.10823529411764705 0.019083969465648856
3 0.21058823529411766 0.21803435114503816 0.05176470588235294 0.016221374045801526
2 0.11352941176470588 0.26479007633587787 0.10941176470588235 0.01431297709923664
3 0.28647058823529414 0.2676526717557252 0.2011764705882353 0.020038167938931296
2 0.09058823529411765 0.3125 0.06352941176470588 0.01431297709923664
3 0.1588235294117647 0.31297709923664124 0.03764705882352941 0.015267175572519083
2 0.4747058823529412 0.3148854961832061 0.09294117647058824 0.019083969465648856
3 0.5694117647058824 0.31536259541984735 0.0611764705882353 0.020038167938931296
2 0.11352941176470588 0.36020992366412213 0.10941176470588235 0.01431297709923664
3 0.27176470588235296 0.3654580152671756 0.17176470588235293 0.02480916030534351
2 0.5158823529411765 0.3606870229007634 0.08352941176470588 0.015267175572519083
3 0.5976470588235294 0.36116412213740456 0.04470588235294118 0.016221374045801526
2 0.11294117647058824 0.41030534351145037 0.10823529411764705 0.019083969465648856
3 0.21529411764705883 0.4107824427480916 0.0611764705882353 0.020038167938931296
2 0.10882352941176471 0.4751908396946565 0.1 0.015267175572519083
4 0.24705882352941178 0.4818702290076336 0.023529411764705882 0.019083969465648856
2 0.29705882352941176 0.4747137404580153 0.052941176470588235 0.01431297709923664
5 0.4235294117647059 0.4818702290076336 0.023529411764705882 0.019083969465648856
2 0.46352941176470586 0.4747137404580153 0.03294117647058824 0.01431297709923664
1 0.2605882352941176 0.5333969465648855 0.40352941176470586 0.01717557251908397
2 0.6670588235294118 0.5825381679389313 0.15764705882352942 0.020038167938931296
1 0.6758823529411765 0.6049618320610687 0.1988235294117647 0.01717557251908397