0 0.5 0.05473098330241188 0.6423529411764706 0.016697588126159554
0 0.5 0.12894248608534323 0.28352941176470586 0.016697588126159554
2 0.10529411764705883 0.21335807050092764 0.09294117647058824 0.01855287569573284
2 0.48176470588235293 0.21335807050092764 0.04823529411764706 0.01855287569573284
2 0.11294117647058824 0.2597402597402597 0.10823529411764705 0.01855287569573284
2 0.5070588235294118 0.2602040816326531 0.06823529411764706 0.01948051948051948
2 0.09294117647058824 0.30658627087198514 0.06823529411764706 0.01948051948051948
2 0.08294117647058824 0.3525046382189239 0.04823529411764706 0.01855287569573284
2 0.10882352941176471 0.4155844155844156 0.1 0.014842300556586271
4 0.24705882352941178 0.42207792207792205 0.023529411764705882 0.01855287569573284
2 0.29705882352941176 0.41512059369202226 0.052941176470588235 0.013914656771799629
4 0.4235294117647059 0.42207792207792205 0.023529411764705882 0.01855287569573284
2 0.46352941176470586 0.41512059369202226 0.03294117647058824 0.013914656771799629
1 0.2605882352941176 0.47217068645640076 0.40352941176470586 0.016697588126159554
2 0.6670588235294118 0.5199443413729128 0.15764705882352942 0.01948051948051948
1 0.6758823529411765 0.5417439703153989 0.1988235294117647 0.016697588126159554