0 0.5 0.05539906103286385 0.6423529411764706 0.016901408450704224
0 0.5 0.13051643192488263 0.30470588235294116 0.016901408450704224
2 0.10058823529411764 0.2140845070422535 0.08352941176470588 0.015023474178403756
3 0.18058823529411766 0.21455399061032865 0.041176470588235294 0.01596244131455399
2 0.48 0.2136150234741784 0.06352941176470588 0.014084507042253521
3 0.5447058823529412 0.2140845070422535 0.03058823529411765 0.015023474178403756
2 0.09294117647058824 0.2633802816901408 0.06823529411764706 0.01971830985915493
3 0.16941176470588235 0.26103286384976526 0.04941176470588235 0.015023474178403756
2 0.48705882352941177 0.26291079812206575 0.10823529411764705 0.018779342723004695
3 0.5758823529411765 0.26103286384976526 0.03411764705882353 0.015023474178403756
2 0.09294117647058824 0.3103286384976526 0.06823529411764706 0.01971830985915493
3 0.16470588235294117 0.3084507042253521 0.04 0.01596244131455399
2 0.5152941176470588 0.3103286384976526 0.16470588235294117 0.01971830985915493
3 0.6294117647058823 0.307981220657277 0.02823529411764706 0.015023474178403756
2 0.08294117647058824 0.3568075117370892 0.04823529411764706 0.018779342723004695
3 0.15470588235294117 0.3563380281690141 0.06 0.01784037558685446
2 0.11294117647058824 0.40375586854460094 0.10823529411764705 0.018779342723004695
3 0.20823529411764705 0.4042253521126761 0.047058823529411764 0.01971830985915493
2 0.5552941176470588 0.4042253521126761 0.16470588235294117 0.01971830985915493
3 0.69 0.4042253521126761 0.06941176470588235 0.01971830985915493
2 0.10058823529411764 0.4488262910798122 0.08352941176470588 0.015023474178403756
3 0.18941176470588236 0.44929577464788734 0.058823529411764705 0.01596244131455399
2 0.10882352941176471 0.5145539906103287 0.1 0.015023474178403756
5 0.24705882352941178 0.5211267605633803 0.023529411764705882 0.018779342723004695
2 0.29705882352941176 0.5140845070422535 0.052941176470588235 0.014084507042253521
4 0.4235294117647059 0.5211267605633803 0.023529411764705882 0.018779342723004695
2 0.46352941176470586 0.5140845070422535 0.03294117647058824 0.014084507042253521
1 0.2605882352941176 0.571830985915493 0.40352941176470586 0.016901408450704224
2 0.6670588235294118 0.6201877934272301 0.15764705882352942 0.01971830985915493
1 0.6758823529411765 0.6422535211267606 0.1988235294117647 0.016901408450704224