0 0.5 0.04945515507124895 0.6423529411764706 0.015088013411567477
0 0.5 0.11609388097233864 0.23294117647058823 0.014249790444258172
2 0.08294117647058824 0.19279128248113997 0.04823529411764706 0.016764459346186086
3 0.14176470588235293 0.19111483654652137 0.03411764705882353 0.013411567476948869
2 0.4370588235294118 0.19279128248113997 0.04823529411764706 0.016764459346186086
3 0.5023529411764706 0.19321039396479464 0.047058823529411764 0.01760268231349539
2 0.10529411764705883 0.2347024308466052 0.09294117647058824 0.016764459346186086
3 0.1935294117647059 0.2330259849119866 0.04823529411764706 0.013411567476948869
2 0.5117647058823529 0.2347024308466052 0.10823529411764705 0.016764459346186086
3 0.6141176470588235 0.23512154233025984 0.0611764705882353 0.01760268231349539
2 0.1411764705882353 0.27703269069572506 0.16470588235294117 0.01760268231349539
3 0.2611764705882353 0.27703269069572506 0.04 0.01760268231349539
2 0.5758823529411765 0.2766135792120704 0.09294117647058824 0.016764459346186086
3 0.6611764705882353 0.2749371332774518 0.042352941176470586 0.013411567476948869
2 0.11352941176470588 0.31642917015926236 0.10941176470588235 0.012573344509639563
3 0.2776470588235294 0.3193629505448449 0.18352941176470589 0.018440905280804692
2 0.5058823529411764 0.31642917015926236 0.06352941176470588 0.012573344509639563
3 0.5811764705882353 0.31726739312657165 0.05176470588235294 0.014249790444258172
2 0.09294117647058824 0.3608549874266555 0.06823529411764706 0.01760268231349539
3 0.1635294117647059 0.35875943000838223 0.03764705882352941 0.013411567476948869
2 0.10882352941176471 0.41743503772003354 0.1 0.013411567476948869
5 0.24705882352941178 0.42330259849119867 0.023529411764705882 0.016764459346186086
2 0.29705882352941176 0.4170159262363789 0.052941176470588235 0.012573344509639563
4 0.4235294117647059 0.42330259849119867 0.023529411764705882 0.016764459346186086
2 0.46352941176470586 0.4170159262363789 0.03294117647058824 0.012573344509639563
1 0.2605882352941176 0.4685666387259011 0.40352941176470586 0.015088013411567477
2 0.6670588235294118 0.5117351215423303 0.15764705882352942 0.01760268231349539
1 0.6758823529411765 0.5314333612740989 0.1988235294117647 0.015088013411567477