0 0.5 0.05566037735849057 0.6423529411764706 0.016981132075471698
0 0.5 0.1311320754716981 0.30470588235294116 0.016981132075471698
2 0.09058823529411765 0.21462264150943397 0.06352941176470588 0.014150943396226415
3 0.17470588235294118 0.21745283018867925 0.06941176470588235 0.01981132075471698
2 0.4823529411764706 0.2169811320754717 0.10823529411764705 0.018867924528301886
3 0.5705882352941176 0.21745283018867925 0.03294117647058824 0.01981132075471698
2 0.10058823529411764 0.2622641509433962 0.08352941176470588 0.01509433962264151
3 0.18941176470588236 0.2650943396226415 0.058823529411764705 0.020754716981132074
2 0.11294117647058824 0.3113207547169811 0.10823529411764705 0.018867924528301886
3 0.1988235294117647 0.3099056603773585 0.02823529411764706 0.016037735849056604
2 0.10058823529411764 0.35660377358490564 0.08352941176470588 0.01509433962264151
3 0.17647058823529413 0.35660377358490564 0.03294117647058824 0.01509433962264151
2 0.49 0.35660377358490564 0.08352941176470588 0.01509433962264151
3 0.5752941176470588 0.3570754716981132 0.05176470588235294 0.016037735849056604
2 0.1411764705882353 0.4061320754716981 0.16470588235294117 0.01981132075471698
3 0.2647058823529412 0.4042452830188679 0.047058823529411764 0.016037735849056604
2 0.10882352941176471 0.469811320754717 0.1 0.01509433962264151
4 0.24705882352941178 0.47641509433962265 0.023529411764705882 0.018867924528301886
2 0.29705882352941176 0.4693396226415094 0.052941176470588235 0.014150943396226415
5 0.4235294117647059 0.47641509433962265 0.023529411764705882 0.018867924528301886
2 0.46352941176470586 0.4693396226415094 0.03294117647058824 0.014150943396226415
1 0.2605882352941176 0.5273584905660378 0.40352941176470586 0.016981132075471698
2 0.6670588235294118 0.5759433962264151 0.15764705882352942 0.01981132075471698
1 0.6758823529411765 0.5981132075471698 0.1988235294117647 0.016981132075471698