0 0.5 0.05608365019011407 0.6423529411764706 0.017110266159695818
0 0.5 0.13165399239543726 0.23294117647058823 0.016159695817490494
2 0.10058823529411764 0.21673003802281368 0.08352941176470588 0.015209125475285171
3 0.18294117647058825 0.21673003802281368 0.04588235294117647 0.015209125475285171
2 0.1411764705882353 0.2666349809885932 0.16470588235294117 0.019961977186311788
3 0.2576470588235294 0.2666349809885932 0.03294117647058824 0.019961977186311788
2 0.10529411764705883 0.31368821292775667 0.09294117647058824 0.019011406844106463
3 0.19294117647058823 0.3141634980988593 0.047058823529411764 0.019961977186311788
2 0.10529411764705883 0.3612167300380228 0.09294117647058824 0.019011406844106463
3 0.2 0.3616920152091255 0.0611764705882353 0.019961977186311788
2 0.09058823529411765 0.4063688212927757 0.06352941176470588 0.014258555133079848
3 0.1635294117647059 0.4068441064638783 0.047058823529411764 0.015209125475285171
2 0.48294117647058826 0.4063688212927757 0.10941176470588235 0.014258555133079848
3 0.6329411764705882 0.40922053231939165 0.15529411764705883 0.019961977186311788
2 0.10882352941176471 0.47338403041825095 0.1 0.015209125475285171
4 0.24705882352941178 0.48003802281368824 0.023529411764705882 0.019011406844106463
2 0.29705882352941176 0.47290874524714827 0.052941176470588235 0.014258555133079848
5 0.4235294117647059 0.48003802281368824 0.023529411764705882 0.019011406844106463
2 0.46352941176470586 0.47290874524714827 0.03294117647058824 0.014258555133079848
1 0.2605882352941176 0.5313688212927756 0.40352941176470586 0.017110266159695818
2 0.6670588235294118 0.5803231939163498 0.15764705882352942 0.019961977186311788
1 0.6758823529411765 0.6026615969581749 0.1988235294117647 0.017110266159695818