0 0.5 0.05324909747292419 0.6423529411764706 0.016245487364620937
0 0.5 0.12545126353790614 0.28352941176470586 0.016245487364620937
2 0.10058823529411764 0.20577617328519857 0.08352941176470588 0.01444043321299639
3 0.19058823529411764 0.20803249097472923 0.0611764705882353 0.01895306859205776
2 0.5023529411764706 0.2075812274368231 0.10823529411764705 0.018050541516245487
3 0.6123529411764705 0.20848375451263537 0.07647058823529412 0.019855595667870037
2 0.11352941176470588 0.25045126353790614 0.10941176470588235 0.013537906137184115
3 0.2988235294117647 0.2536101083032491 0.22588235294117648 0.019855595667870037
2 0.11352941176470588 0.29557761732851984 0.10941176470588235 0.013537906137184115
3 0.24411764705882352 0.30054151624548736 0.11647058823529412 0.023465703971119134
2 0.49823529411764705 0.29783393501805056 0.04823529411764706 0.018050541516245487
3 0.5570588235294117 0.296028880866426 0.03411764705882353 0.01444043321299639
2 0.09058823529411765 0.3407039711191336 0.06352941176470588 0.013537906137184115
3 0.16411764705882353 0.3434115523465704 0.04823529411764706 0.01895306859205776
2 0.09294117647058824 0.38853790613718414 0.06823529411764706 0.01895306859205776
3 0.16823529411764707 0.38853790613718414 0.047058823529411764 0.01895306859205776
2 0.45705882352941174 0.388086642599278 0.04823529411764706 0.018050541516245487
3 0.5335294117647059 0.38853790613718414 0.06941176470588235 0.01895306859205776
2 0.08294117647058824 0.4332129963898917 0.04823529411764706 0.018050541516245487
3 0.1476470588235294 0.4314079422382672 0.04588235294117647 0.01444043321299639
2 0.10882352941176471 0.49458483754512633 0.1 0.01444043321299639
4 0.24705882352941178 0.5009025270758123 0.023529411764705882 0.018050541516245487
2 0.29705882352941176 0.49413357400722024 0.052941176470588235 0.013537906137184115
5 0.4235294117647059 0.5009025270758123 0.023529411764705882 0.018050541516245487
2 0.46352941176470586 0.49413357400722024 0.03294117647058824 0.013537906137184115
1 0.2605882352941176 0.5496389891696751 0.40352941176470586 0.016245487364620937
2 0.6670588235294118 0.5961191335740073 0.15764705882352942 0.01895306859205776
1 0.6758823529411765 0.6173285198555957 0.1988235294117647 0.016245487364620937