0 0.5 0.05179982440737489 0.6423529411764706 0.015803336259877086
0 0.5 0.12203687445127305 0.30470588235294116 0.015803336259877086
2 0.09058823529411765 0.1997366110623354 0.06352941176470588 0.013169446883230905
2 0.1411764705882353 0.2462686567164179 0.16470588235294117 0.018437225636523266
3 0.27294117647058824 0.24539069359086918 0.06352941176470588 0.016681299385425813
2 0.5841176470588235 0.24363476733977174 0.10941176470588235 0.013169446883230905
2 0.08294117647058824 0.2897278314310799 0.04823529411764706 0.01755926251097454
3 0.14352941176470588 0.28797190517998245 0.03764705882352941 0.014047410008779631
2 0.09294117647058824 0.3340649692712906 0.06823529411764706 0.018437225636523266
3 0.16588235294117648 0.33187006145741876 0.042352941176470586 0.014047410008779631
2 0.4647058823529412 0.33143107989464443 0.06352941176470588 0.013169446883230905
3 0.5347058823529411 0.33230904302019315 0.041176470588235294 0.014925373134328358
2 0.1411764705882353 0.37796312554872696 0.16470588235294117 0.018437225636523266
2 0.10058823529411764 0.4196663740122915 0.08352941176470588 0.014047410008779631
3 0.18176470588235294 0.42010535557506584 0.04352941176470588 0.014925373134328358
2 0.10882352941176471 0.4811237928007024 0.1 0.014047410008779631
4 0.24705882352941178 0.4872695346795435 0.023529411764705882 0.01755926251097454
2 0.29705882352941176 0.480684811237928 0.052941176470588235 0.013169446883230905
5 0.4235294117647059 0.4872695346795435 0.023529411764705882 0.01755926251097454
2 0.46352941176470586 0.480684811237928 0.03294117647058824 0.013169446883230905
1 0.2605882352941176 0.5346795434591747 0.40352941176470586 0.015803336259877086
2 0.6670588235294118 0.5798946444249341 0.15764705882352942 0.018437225636523266
1 0.6758823529411765 0.6005267778753293 0.1988235294117647 0.015803336259877086