0 0.5 0.05427782888684453 0.6423529411764706 0.01655933762649494
0 0.5 0.12787488500459981 0.28352941176470586 0.01655933762649494
2 0.1411764705882353 0.21205151793928242 0.16470588235294117 0.019319227230910764
3 0.27588235294117647 0.21205151793928242 0.06941176470588235 0.019319227230910764
2 0.5841176470588235 0.20929162833486661 0.10941176470588235 0.013799448022079117
3 0.7370588235294118 0.21205151793928242 0.16117647058823528 0.019319227230910764
2 0.10529411764705883 0.2575896964121435 0.09294117647058824 0.01839926402943882
3 0.1935294117647059 0.25574977000919963 0.04823529411764706 0.014719411223551058
2 0.48176470588235293 0.2575896964121435 0.04823529411764706 0.01839926402943882
3 0.5476470588235294 0.2580496780128795 0.04823529411764706 0.019319227230910764
2 0.09294117647058824 0.30404783808647656 0.06823529411764706 0.019319227230910764
3 0.16117647058823528 0.30404783808647656 0.03294117647058824 0.019319227230910764
2 0.11352941176470588 0.3472861085556578 0.10941176470588235 0.013799448022079117
3 0.2852941176470588 0.35050597976080955 0.1988235294117647 0.020239190432382703
2 0.10058823529411764 0.3937442502299908 0.08352941176470588 0.014719411223551058
3 0.17705882352941177 0.3951241950321987 0.03411764705882353 0.017479300827966882
2 0.10882352941176471 0.45814167433302666 0.1 0.014719411223551058
5 0.24705882352941178 0.46458141674333026 0.023529411764705882 0.01839926402943882
2 0.29705882352941176 0.4576816927322907 0.052941176470588235 0.013799448022079117
4 0.4235294117647059 0.46458141674333026 0.023529411764705882 0.01839926402943882
2 0.46352941176470586 0.4576816927322907 0.03294117647058824 0.013799448022079117
1 0.2605882352941176 0.5142594296228151 0.40352941176470586 0.01655933762649494
2 0.6670588235294118 0.5616375344986201 0.15764705882352942 0.019319227230910764
1 0.6758823529411765 0.5832566697332107 0.1988235294117647 0.01655933762649494