0 0.5 0.05870646766169154 0.6423529411764706 0.01791044776119403
0 0.5 0.13781094527363183 0.24941176470588236 0.01691542288557214
2 0.11294117647058824 0.22885572139303484 0.10823529411764705 0.01990049751243781
3 0.1988235294117647 0.227363184079602 0.02823529411764706 0.01691542288557214
2 0.10058823529411764 0.2766169154228856 0.08352941176470588 0.015920398009950248
3 0.17647058823529413 0.2766169154228856 0.03294117647058824 0.015920398009950248
2 0.5305882352941177 0.2791044776119403 0.16470588235294117 0.020895522388059702
3 0.6535294117647059 0.2766169154228856 0.04588235294117647 0.015920398009950248
2 0.09058823529411765 0.32587064676616917 0.06352941176470588 0.014925373134328358
3 0.1635294117647059 0.3288557213930348 0.047058823529411764 0.020895522388059702
2 0.09058823529411765 0.3756218905472637 0.06352941176470588 0.014925373134328358
3 0.16 0.37661691542288556 0.04 0.01691542288557214
2 0.09058823529411765 0.4253731343283582 0.06352941176470588 0.014925373134328358
3 0.16588235294117648 0.4263681592039801 0.05176470588235294 0.01691542288557214
2 0.11294117647058824 0.47761194029850745 0.10823529411764705 0.01990049751243781
3 0.20411764705882354 0.47761194029850745 0.03882352941176471 0.01990049751243781
2 0.5276470588235294 0.47512437810945274 0.10941176470588235 0.014925373134328358
3 0.68 0.47761194029850745 0.16 0.01990049751243781
2 0.10882352941176471 0.545273631840796 0.1 0.015920398009950248
5 0.24705882352941178 0.5522388059701493 0.023529411764705882 0.01990049751243781
2 0.29705882352941176 0.5447761194029851 0.052941176470588235 0.014925373134328358
4 0.4235294117647059 0.5522388059701493 0.023529411764705882 0.01990049751243781
2 0.46352941176470586 0.5447761194029851 0.03294117647058824 0.014925373134328358
1 0.2605882352941176 0.6059701492537314 0.40352941176470586 0.01791044776119403
2 0.6670588235294118 0.6572139303482587 0.15764705882352942 0.020895522388059702
1 0.6758823529411765 0.6805970149253732 0.1988235294117647 0.01791044776119403