0 0.5 0.054528650646950096 0.6423529411764706 0.0166358595194085
0 0.5 0.12846580406654343 0.2647058823529412 0.0166358595194085
2 0.11294117647058824 0.21256931608133087 0.10823529411764705 0.018484288354898338
3 0.21941176470588236 0.21303142329020333 0.06941176470588235 0.019408502772643253
2 0.5270588235294118 0.21256931608133087 0.10823529411764705 0.018484288354898338
3 0.6205882352941177 0.2111829944547135 0.04352941176470588 0.015711645101663587
2 0.10529411764705883 0.2587800369685767 0.09294117647058824 0.018484288354898338
2 0.09294117647058824 0.305452865064695 0.06823529411764706 0.019408502772643253
3 0.1652941176470588 0.3036044362292052 0.041176470588235294 0.015711645101663587
2 0.09058823529411765 0.3488909426987061 0.06352941176470588 0.013863216266173753
3 0.16823529411764707 0.349815157116451 0.05647058823529412 0.015711645101663587
2 0.10882352941176471 0.41404805914972276 0.1 0.014787430683918669
5 0.24705882352941178 0.42051756007393715 0.023529411764705882 0.018484288354898338
2 0.29705882352941176 0.4135859519408503 0.052941176470588235 0.013863216266173753
4 0.4235294117647059 0.42051756007393715 0.023529411764705882 0.018484288354898338
2 0.46352941176470586 0.4135859519408503 0.03294117647058824 0.013863216266173753
1 0.2605882352941176 0.4704251386321627 0.40352941176470586 0.0166358595194085
2 0.6670588235294118 0.5180221811460258 0.15764705882352942 0.019408502772643253
1 0.6758823529411765 0.5397412199630314 0.1988235294117647 0.0166358595194085