0 0.5 0.05560791705937795 0.6423529411764706 0.016965127238454288
0 0.5 0.13053722902921772 0.23294117647058823 0.016022620169651274
2 0.11294117647058824 0.21677662582469368 0.10823529411764705 0.01885014137606032
3 0.20176470588235293 0.21489161168708765 0.03411764705882353 0.015080113100848256
2 0.4970588235294118 0.21677662582469368 0.04823529411764706 0.01885014137606032
2 0.09058823529411765 0.26154571159283696 0.06352941176470588 0.01413760603204524
2 0.5105882352941177 0.264373232799246 0.16470588235294117 0.019792648444863337
2 0.08294117647058824 0.3110273327049953 0.04823529411764706 0.01885014137606032
3 0.14823529411764705 0.3114985862393968 0.047058823529411764 0.019792648444863337
2 0.10058823529411764 0.35626767200754006 0.08352941176470588 0.015080113100848256
3 0.19058823529411764 0.3586239396795476 0.0611764705882353 0.019792648444863337
2 0.10882352941176471 0.4222431668237512 0.1 0.015080113100848256
4 0.24705882352941178 0.4288407163053723 0.023529411764705882 0.01885014137606032
2 0.29705882352941176 0.42177191328934965 0.052941176470588235 0.01413760603204524
5 0.4235294117647059 0.4288407163053723 0.023529411764705882 0.01885014137606032
2 0.46352941176470586 0.42177191328934965 0.03294117647058824 0.01413760603204524
1 0.2605882352941176 0.47973609802073514 0.40352941176470586 0.016965127238454288
2 0.6670588235294118 0.5282752120640904 0.15764705882352942 0.019792648444863337
1 0.6758823529411765 0.5504241281809613 0.1988235294117647 0.016965127238454288