0 0.5 0.04991539763113367 0.6423529411764706 0.015228426395939087
0 0.5 0.11717428087986463 0.23294117647058823 0.014382402707275803
2 0.11294117647058824 0.19458544839255498 0.10823529411764705 0.01692047377326565
3 0.21588235294117647 0.19500846023688664 0.06235294117647059 0.017766497461928935
2 0.5047058823529412 0.1924703891708968 0.06352941176470588 0.012690355329949238
3 0.5847058823529412 0.19331641285956006 0.0611764705882353 0.014382402707275803
2 0.11294117647058824 0.23688663282571912 0.10823529411764705 0.01692047377326565
3 0.20588235294117646 0.2356175972927242 0.042352941176470586 0.014382402707275803
2 0.09058823529411765 0.27707275803722503 0.06352941176470588 0.012690355329949238
3 0.17470588235294118 0.2796108291032149 0.06941176470588235 0.017766497461928935
2 0.1411764705882353 0.321912013536379 0.16470588235294117 0.017766497461928935
3 0.26176470588235295 0.32021996615905246 0.041176470588235294 0.014382402707275803
2 0.5841176470588235 0.3193739424703892 0.10941176470588235 0.012690355329949238
3 0.7429411764705882 0.3240270727580372 0.17294117647058824 0.021996615905245348
2 0.10882352941176471 0.3790186125211506 0.1 0.01353637901861252
5 0.24705882352941178 0.3849407783417936 0.023529411764705882 0.01692047377326565
2 0.29705882352941176 0.37859560067681897 0.052941176470588235 0.012690355329949238
4 0.4235294117647059 0.3849407783417936 0.023529411764705882 0.01692047377326565
2 0.46352941176470586 0.37859560067681897 0.03294117647058824 0.012690355329949238
1 0.2605882352941176 0.4306260575296108 0.40352941176470586 0.015228426395939087
2 0.6670588235294118 0.47419627749576987 0.15764705882352942 0.017766497461928935
1 0.6758823529411765 0.494077834179357 0.1988235294117647 0.015228426395939087