0 0.5 0.05503731343283582 0.6423529411764706 0.016791044776119403
0 0.5 0.1296641791044776 0.2647058823529412 0.016791044776119403
2 0.09294117647058824 0.2150186567164179 0.06823529411764706 0.01958955223880597
3 0.17529411764705882 0.2150186567164179 0.0611764705882353 0.01958955223880597
2 0.10058823529411764 0.2593283582089552 0.08352941176470588 0.014925373134328358
2 0.10529411764705883 0.30783582089552236 0.09294117647058824 0.018656716417910446
3 0.19294117647058823 0.30830223880597013 0.047058823529411764 0.01958955223880597
2 0.09294117647058824 0.35494402985074625 0.06823529411764706 0.01958955223880597
3 0.16117647058823528 0.35494402985074625 0.03294117647058824 0.01958955223880597
2 0.10529411764705883 0.40111940298507465 0.09294117647058824 0.018656716417910446
3 0.18588235294117647 0.40158582089552236 0.03294117647058824 0.01958955223880597
2 0.11352941176470588 0.4454291044776119 0.10941176470588235 0.013992537313432836
3 0.24294117647058824 0.44869402985074625 0.11411764705882353 0.020522388059701493
2 0.10882352941176471 0.5111940298507462 0.1 0.014925373134328358
5 0.24705882352941178 0.5177238805970149 0.023529411764705882 0.018656716417910446
2 0.29705882352941176 0.5107276119402985 0.052941176470588235 0.013992537313432836
4 0.4235294117647059 0.5177238805970149 0.023529411764705882 0.018656716417910446
2 0.46352941176470586 0.5107276119402985 0.03294117647058824 0.013992537313432836
1 0.2605882352941176 0.5680970149253731 0.40352941176470586 0.016791044776119403
2 0.6670588235294118 0.6161380597014925 0.15764705882352942 0.01958955223880597
1 0.6758823529411765 0.6380597014925373 0.1988235294117647 0.016791044776119403