0 0.5 0.05853174603174603 0.6423529411764706 0.017857142857142856
0 0.5 0.1378968253968254 0.2647058823529412 0.017857142857142856
2 0.11352941176470588 0.22569444444444445 0.10941176470588235 0.01488095238095238
3 0.28058823529411764 0.22916666666666666 0.18941176470588236 0.021825396825396824
2 0.09294117647058824 0.27827380952380953 0.06823529411764706 0.020833333333333332
3 0.16823529411764707 0.27827380952380953 0.047058823529411764 0.020833333333333332
2 0.45705882352941174 0.2777777777777778 0.04823529411764706 0.01984126984126984
3 0.528235294117647 0.27628968253968256 0.058823529411764705 0.016865079365079364
2 0.11294117647058824 0.3273809523809524 0.10823529411764705 0.01984126984126984
3 0.20529411764705882 0.32589285714285715 0.041176470588235294 0.016865079365079364
2 0.5147058823529411 0.3253968253968254 0.08352941176470588 0.015873015873015872
3 0.6035294117647059 0.32589285714285715 0.058823529411764705 0.016865079365079364
2 0.08294117647058824 0.376984126984127 0.04823529411764706 0.01984126984126984
3 0.1388235294117647 0.375 0.02823529411764706 0.015873015873015872
2 0.10882352941176471 0.4444444444444444 0.1 0.015873015873015872
5 0.24705882352941178 0.4513888888888889 0.023529411764705882 0.01984126984126984
2 0.29705882352941176 0.4439484126984127 0.052941176470588235 0.01488095238095238
4 0.4235294117647059 0.4513888888888889 0.023529411764705882 0.01984126984126984
2 0.46352941176470586 0.4439484126984127 0.03294117647058824 0.01488095238095238
1 0.2605882352941176 0.5049603174603174 0.40352941176470586 0.017857142857142856
2 0.6670588235294118 0.5560515873015873 0.15764705882352942 0.020833333333333332
1 0.6758823529411765 0.5793650793650794 0.1988235294117647 0.017857142857142856