0 0.5 0.051215277777777776 0.6423529411764706 0.015625
0 0.5 0.12022569444444445 0.24941176470588236 0.014756944444444444
2 0.1411764705882353 0.20008680555555555 0.16470588235294117 0.018229166666666668
2 0.5535294117647059 0.1996527777777778 0.04823529411764706 0.017361111111111112
2 0.09294117647058824 0.24348958333333334 0.06823529411764706 0.018229166666666668
3 0.1711764705882353 0.24131944444444445 0.052941176470588235 0.013888888888888888
2 0.10529411764705883 0.2864583333333333 0.09294117647058824 0.017361111111111112
3 0.19 0.28515625 0.041176470588235294 0.014756944444444444
2 0.09294117647058824 0.3302951388888889 0.06823529411764706 0.018229166666666668
3 0.1723529411764706 0.3302951388888889 0.05529411764705883 0.018229166666666668
2 0.5152941176470588 0.3302951388888889 0.16470588235294117 0.018229166666666668
3 0.6411764705882353 0.3285590277777778 0.05176470588235294 0.014756944444444444
2 0.10058823529411764 0.3715277777777778 0.08352941176470588 0.013888888888888888
2 0.4823529411764706 0.3736979166666667 0.06823529411764706 0.018229166666666668
3 0.5647058823529412 0.3736979166666667 0.0611764705882353 0.018229166666666668
2 0.11294117647058824 0.4166666666666667 0.10823529411764705 0.017361111111111112
3 0.1988235294117647 0.4153645833333333 0.02823529411764706 0.014756944444444444
2 0.10882352941176471 0.4756944444444444 0.1 0.013888888888888888
5 0.24705882352941178 0.4817708333333333 0.023529411764705882 0.017361111111111112
2 0.29705882352941176 0.4752604166666667 0.052941176470588235 0.013020833333333334
4 0.4235294117647059 0.4817708333333333 0.023529411764705882 0.017361111111111112
2 0.46352941176470586 0.4752604166666667 0.03294117647058824 0.013020833333333334
1 0.2605882352941176 0.5286458333333334 0.40352941176470586 0.015625
2 0.6670588235294118 0.5733506944444444 0.15764705882352942 0.018229166666666668
1 0.6758823529411765 0.59375 0.1988235294117647 0.015625