0 0.5 0.055977229601518026 0.6423529411764706 0.017077798861480076
0 0.5 0.13140417457305503 0.23294117647058823 0.016129032258064516
2 0.10058823529411764 0.21631878557874762 0.08352941176470588 0.015180265654648957
3 0.18352941176470589 0.21869070208728653 0.047058823529411764 0.019924098671726755
2 0.11352941176470588 0.26328273244781786 0.10941176470588235 0.014231499051233396
3 0.28411764705882353 0.2685009487666034 0.19647058823529412 0.024667931688804556
2 0.08294117647058824 0.31309297912713474 0.04823529411764706 0.018975332068311195
3 0.1411764705882353 0.3111954459203036 0.03294117647058824 0.015180265654648957
2 0.4676470588235294 0.31072106261859583 0.10941176470588235 0.014231499051233396
3 0.6194117647058823 0.31404174573055027 0.1588235294117647 0.020872865275142316
2 0.1411764705882353 0.3610056925996205 0.16470588235294117 0.019924098671726755
3 0.2647058823529412 0.3600569259962049 0.047058823529411764 0.018026565464895637
2 0.10529411764705883 0.4079696394686907 0.09294117647058824 0.018975332068311195
3 0.2076470588235294 0.4089184060721063 0.07647058823529412 0.020872865275142316
2 0.10882352941176471 0.47248576850094876 0.1 0.015180265654648957
5 0.24705882352941178 0.4791271347248577 0.023529411764705882 0.018975332068311195
2 0.29705882352941176 0.47201138519924096 0.052941176470588235 0.014231499051233396
4 0.4235294117647059 0.4791271347248577 0.023529411764705882 0.018975332068311195
2 0.46352941176470586 0.47201138519924096 0.03294117647058824 0.014231499051233396
1 0.2605882352941176 0.530360531309298 0.40352941176470586 0.017077798861480076
2 0.6670588235294118 0.5792220113851992 0.15764705882352942 0.019924098671726755
1 0.6758823529411765 0.6015180265654649 0.1988235294117647 0.017077798861480076