0 0.5 0.05587121212121212 0.6423529411764706 0.017045454545454544
0 0.5 0.13115530303030304 0.24941176470588236 0.016098484848484848
2 0.10058823529411764 0.2159090909090909 0.08352941176470588 0.015151515151515152
3 0.18235294117647058 0.21827651515151514 0.04470588235294118 0.019886363636363636
2 0.11294117647058824 0.26515151515151514 0.10823529411764705 0.01893939393939394
3 0.2011764705882353 0.265625 0.03294117647058824 0.019886363636363636
2 0.10529411764705883 0.3125 0.09294117647058824 0.01893939393939394
3 0.1935294117647059 0.31297348484848486 0.04823529411764706 0.019886363636363636
2 0.11294117647058824 0.35984848484848486 0.10823529411764705 0.01893939393939394
3 0.22176470588235295 0.36079545454545453 0.07411764705882352 0.020833333333333332
2 0.5270588235294118 0.35984848484848486 0.10823529411764705 0.01893939393939394
3 0.6152941176470588 0.35795454545454547 0.03294117647058824 0.015151515151515152
2 0.10882352941176471 0.42424242424242425 0.1 0.015151515151515152
4 0.24705882352941178 0.4308712121212121 0.023529411764705882 0.01893939393939394
2 0.29705882352941176 0.4237689393939394 0.052941176470588235 0.014204545454545454
5 0.4235294117647059 0.4308712121212121 0.023529411764705882 0.01893939393939394
2 0.46352941176470586 0.4237689393939394 0.03294117647058824 0.014204545454545454
1 0.2605882352941176 0.48200757575757575 0.40352941176470586 0.017045454545454544
2 0.6670588235294118 0.5307765151515151 0.15764705882352942 0.019886363636363636
1 0.6758823529411765 0.553030303030303 0.1988235294117647 0.017045454545454544