0 0.5 0.0575609756097561 0.6423529411764706 0.0175609756097561
0 0.5 0.13560975609756099 0.2647058823529412 0.0175609756097561
2 0.11352941176470588 0.22195121951219512 0.10941176470588235 0.014634146341463415
3 0.24823529411764705 0.22439024390243903 0.12470588235294118 0.01951219512195122
2 0.09058823529411765 0.2707317073170732 0.06352941176470588 0.014634146341463415
3 0.16823529411764707 0.27170731707317075 0.05647058823529412 0.016585365853658537
2 0.11352941176470588 0.3195121951219512 0.10941176470588235 0.014634146341463415
3 0.2535294117647059 0.3224390243902439 0.13529411764705881 0.02048780487804878
2 0.5158823529411765 0.32 0.08352941176470588 0.015609756097560976
3 0.6047058823529412 0.3229268292682927 0.058823529411764705 0.021463414634146343
2 0.11352941176470588 0.36829268292682926 0.10941176470588235 0.014634146341463415
3 0.2723529411764706 0.37170731707317073 0.17294117647058824 0.021463414634146343
2 0.10529411764705883 0.4195121951219512 0.09294117647058824 0.01951219512195122
3 0.19176470588235295 0.41804878048780486 0.04470588235294118 0.016585365853658537
2 0.11294117647058824 0.4682926829268293 0.10823529411764705 0.01951219512195122
3 0.20176470588235293 0.46634146341463417 0.03411764705882353 0.015609756097560976
2 0.5194117647058824 0.4682926829268293 0.09294117647058824 0.01951219512195122
3 0.6035294117647059 0.46682926829268295 0.04 0.016585365853658537
2 0.10882352941176471 0.5346341463414634 0.1 0.015609756097560976
5 0.24705882352941178 0.5414634146341464 0.023529411764705882 0.01951219512195122
2 0.29705882352941176 0.5341463414634147 0.052941176470588235 0.014634146341463415
4 0.4235294117647059 0.5414634146341464 0.023529411764705882 0.01951219512195122
2 0.46352941176470586 0.5341463414634147 0.03294117647058824 0.014634146341463415
1 0.2605882352941176 0.5941463414634146 0.40352941176470586 0.0175609756097561
2 0.6670588235294118 0.644390243902439 0.15764705882352942 0.02048780487804878
1 0.6758823529411765 0.6673170731707317 0.1988235294117647 0.0175609756097561