0 0.5 0.05684007707129094 0.6423529411764706 0.017341040462427744
0 0.5 0.13391136801541426 0.28352941176470586 0.017341040462427744
2 0.09294117647058824 0.2220616570327553 0.06823529411764706 0.02023121387283237
3 0.18411764705882352 0.22254335260115607 0.07882352941176471 0.02119460500963391
2 0.10529411764705883 0.2697495183044316 0.09294117647058824 0.019267822736030827
3 0.1888235294117647 0.2697495183044316 0.03882352941176471 0.019267822736030827
2 0.10058823529411764 0.3159922928709056 0.08352941176470588 0.015414258188824663
3 0.1811764705882353 0.3159922928709056 0.042352941176470586 0.015414258188824663
2 0.09058823529411765 0.36368015414258187 0.06352941176470588 0.014450867052023121
3 0.16294117647058823 0.36416184971098264 0.04588235294117647 0.015414258188824663
2 0.09058823529411765 0.41184971098265893 0.06352941176470588 0.014450867052023121
3 0.16294117647058823 0.4123314065510597 0.04588235294117647 0.015414258188824663
2 0.10882352941176471 0.4797687861271676 0.1 0.015414258188824663
4 0.24705882352941178 0.4865125240847784 0.023529411764705882 0.019267822736030827
2 0.29705882352941176 0.47928709055876684 0.052941176470588235 0.014450867052023121
5 0.4235294117647059 0.4865125240847784 0.023529411764705882 0.019267822736030827
2 0.46352941176470586 0.47928709055876684 0.03294117647058824 0.014450867052023121
1 0.2605882352941176 0.5385356454720617 0.40352941176470586 0.017341040462427744
2 0.6670588235294118 0.588150289017341 0.15764705882352942 0.02023121387283237
1 0.6758823529411765 0.6107899807321773 0.1988235294117647 0.017341040462427744