0 0.5 0.05021276595744681 0.6423529411764706 0.015319148936170212
0 0.5 0.11787234042553192 0.24941176470588236 0.01446808510638298
2 0.10058823529411764 0.19404255319148936 0.08352941176470588 0.013617021276595745
2 0.10529411764705883 0.23829787234042554 0.09294117647058824 0.01702127659574468
2 0.10058823529411764 0.27914893617021275 0.08352941176470588 0.013617021276595745
2 0.08294117647058824 0.32340425531914896 0.04823529411764706 0.01702127659574468
2 0.4547058823529412 0.32170212765957445 0.08352941176470588 0.013617021276595745
2 0.11294117647058824 0.3659574468085106 0.10823529411764705 0.01702127659574468
2 0.4970588235294118 0.3659574468085106 0.04823529411764706 0.01702127659574468
2 0.10882352941176471 0.4238297872340426 0.1 0.013617021276595745
4 0.24705882352941178 0.4297872340425532 0.023529411764705882 0.01702127659574468
2 0.29705882352941176 0.42340425531914894 0.052941176470588235 0.01276595744680851
4 0.4235294117647059 0.4297872340425532 0.023529411764705882 0.01702127659574468
2 0.46352941176470586 0.42340425531914894 0.03294117647058824 0.01276595744680851
1 0.2605882352941176 0.4757446808510638 0.40352941176470586 0.015319148936170212
2 0.6670588235294118 0.5195744680851064 0.15764705882352942 0.017872340425531916
1 0.6758823529411765 0.5395744680851063 0.1988235294117647 0.015319148936170212