0 0.5 0.054528650646950096 0.6423529411764706 0.0166358595194085
0 0.5 0.128003696857671 0.23294117647058823 0.015711645101663587
2 0.11294117647058824 0.21256931608133087 0.10823529411764705 0.018484288354898338
2 0.09058823529411765 0.25646950092421444 0.06352941176470588 0.013863216266173753
2 0.11352941176470588 0.30268022181146026 0.10941176470588235 0.013863216266173753
2 0.5288235294117647 0.30268022181146026 0.10941176470588235 0.013863216266173753
2 0.08294117647058824 0.3512014787430684 0.04823529411764706 0.018484288354898338
2 0.10882352941176471 0.41404805914972276 0.1 0.014787430683918669
4 0.24705882352941178 0.42051756007393715 0.023529411764705882 0.018484288354898338
2 0.29705882352941176 0.4135859519408503 0.052941176470588235 0.013863216266173753
4 0.4235294117647059 0.42051756007393715 0.023529411764705882 0.018484288354898338
2 0.46352941176470586 0.4135859519408503 0.03294117647058824 0.013863216266173753
1 0.2605882352941176 0.4704251386321627 0.40352941176470586 0.0166358595194085
2 0.6670588235294118 0.5180221811460258 0.15764705882352942 0.019408502772643253
1 0.6758823529411765 0.5397412199630314 0.1988235294117647 0.0166358595194085