0 0.5 0.05202821869488536 0.6423529411764706 0.015873015873015872
0 0.5 0.12213403880070546 0.23294117647058823 0.014991181657848324
2 0.11352941176470588 0.2006172839506173 0.10941176470588235 0.013227513227513227
3 0.2523529411764706 0.2054673721340388 0.13294117647058823 0.02292768959435626
2 0.09294117647058824 0.24735449735449735 0.06823529411764706 0.018518518518518517
3 0.1688235294117647 0.24735449735449735 0.04823529411764706 0.018518518518518517
2 0.11294117647058824 0.291005291005291 0.10823529411764705 0.01763668430335097
3 0.2076470588235294 0.2892416225749559 0.04588235294117647 0.014109347442680775
2 0.5070588235294118 0.2914462081128748 0.06823529411764706 0.018518518518518517
3 0.5788235294117647 0.2896825396825397 0.04 0.014991181657848324
2 0.09294117647058824 0.3355379188712522 0.06823529411764706 0.018518518518518517
3 0.1676470588235294 0.3333333333333333 0.04588235294117647 0.014109347442680775
2 0.09294117647058824 0.37962962962962965 0.06823529411764706 0.018518518518518517
3 0.1688235294117647 0.37962962962962965 0.04823529411764706 0.018518518518518517
2 0.10529411764705883 0.42328042328042326 0.09294117647058824 0.01763668430335097
3 0.2011764705882353 0.4228395061728395 0.06352941176470588 0.01675485008818342
2 0.54 0.4237213403880071 0.16470588235294117 0.018518518518518517
3 0.6752941176470588 0.4237213403880071 0.07058823529411765 0.018518518518518517
2 0.10882352941176471 0.48324514991181655 0.1 0.014109347442680775
4 0.24705882352941178 0.4894179894179894 0.023529411764705882 0.01763668430335097
2 0.29705882352941176 0.4828042328042328 0.052941176470588235 0.013227513227513227
5 0.4235294117647059 0.4894179894179894 0.023529411764705882 0.01763668430335097
2 0.46352941176470586 0.4828042328042328 0.03294117647058824 0.013227513227513227
1 0.2605882352941176 0.5370370370370371 0.40352941176470586 0.015873015873015872
2 0.6670588235294118 0.5824514991181657 0.15764705882352942 0.018518518518518517
1 0.6758823529411765 0.6031746031746031 0.1988235294117647 0.015873015873015872