0 0.5 0.05422794117647059 0.6423529411764706 0.016544117647058824
0 0.5 0.12729779411764705 0.23294117647058823 0.015625
2 0.1411764705882353 0.21185661764705882 0.16470588235294117 0.019301470588235295
3 0.27294117647058824 0.2109375 0.06352941176470588 0.017463235294117647
2 0.5841176470588235 0.20909926470588236 0.10941176470588235 0.013786764705882353
3 0.7047058823529412 0.21001838235294118 0.09647058823529411 0.015625
2 0.09294117647058824 0.2578125 0.06823529411764706 0.019301470588235295
3 0.16823529411764707 0.2578125 0.047058823529411764 0.019301470588235295
2 0.10058823529411764 0.3014705882352941 0.08352941176470588 0.014705882352941176
3 0.18823529411764706 0.30193014705882354 0.05647058823529412 0.015625
2 0.5029411764705882 0.3010110294117647 0.10941176470588235 0.013786764705882353
3 0.6670588235294118 0.30606617647058826 0.18352941176470589 0.02389705882352941
2 0.11294117647058824 0.3492647058823529 0.10823529411764705 0.01838235294117647
3 0.21941176470588236 0.34972426470588236 0.06941176470588235 0.019301470588235295
2 0.5070588235294118 0.34972426470588236 0.06823529411764706 0.019301470588235295
3 0.5823529411764706 0.34972426470588236 0.047058823529411764 0.019301470588235295
2 0.11294117647058824 0.3952205882352941 0.10823529411764705 0.01838235294117647
3 0.20823529411764705 0.39568014705882354 0.047058823529411764 0.019301470588235295
2 0.5276470588235294 0.3929227941176471 0.10941176470588235 0.013786764705882353
3 0.6505882352941177 0.3961397058823529 0.1011764705882353 0.02022058823529412
2 0.10882352941176471 0.4577205882352941 0.1 0.014705882352941176
4 0.24705882352941178 0.4641544117647059 0.023529411764705882 0.01838235294117647
2 0.29705882352941176 0.4572610294117647 0.052941176470588235 0.013786764705882353
5 0.4235294117647059 0.4641544117647059 0.023529411764705882 0.01838235294117647
2 0.46352941176470586 0.4572610294117647 0.03294117647058824 0.013786764705882353
1 0.2605882352941176 0.5137867647058824 0.40352941176470586 0.016544117647058824
2 0.6670588235294118 0.5611213235294118 0.15764705882352942 0.019301470588235295
1 0.6758823529411765 0.5827205882352942 0.1988235294117647 0.016544117647058824