0 0.5 0.05094991364421416 0.6423529411764706 0.015544041450777202
0 0.5 0.12003454231433507 0.28352941176470586 0.015544041450777202
2 0.09294117647058824 0.19905008635578583 0.06823529411764706 0.018134715025906734
3 0.17411764705882352 0.1973229706390328 0.058823529411764705 0.01468048359240069
2 0.10529411764705883 0.24179620034542315 0.09294117647058824 0.017271157167530225
3 0.2 0.24050086355785838 0.0611764705882353 0.01468048359240069
2 0.09294117647058824 0.28540587219343694 0.06823529411764706 0.018134715025906734
3 0.1688235294117647 0.28324697754749567 0.04823529411764706 0.013816925734024179
2 0.10529411764705883 0.3281519861830743 0.09294117647058824 0.017271157167530225
3 0.19294117647058823 0.3285837651122625 0.047058823529411764 0.018134715025906734
2 0.5123529411764706 0.32599309153713296 0.10941176470588235 0.012953367875647668
3 0.6629411764705883 0.33074265975820377 0.1564705882352941 0.022452504317789293
2 0.09294117647058824 0.37176165803108807 0.06823529411764706 0.018134715025906734
3 0.16823529411764707 0.37176165803108807 0.047058823529411764 0.018134715025906734
2 0.10058823529411764 0.41278065630397237 0.08352941176470588 0.013816925734024179
2 0.10882352941176471 0.47322970639032813 0.1 0.013816925734024179
4 0.24705882352941178 0.4792746113989637 0.023529411764705882 0.017271157167530225
2 0.29705882352941176 0.4727979274611399 0.052941176470588235 0.012953367875647668
5 0.4235294117647059 0.4792746113989637 0.023529411764705882 0.017271157167530225
2 0.46352941176470586 0.4727979274611399 0.03294117647058824 0.012953367875647668
1 0.2605882352941176 0.5259067357512953 0.40352941176470586 0.015544041450777202
2 0.6670588235294118 0.5703799654576857 0.15764705882352942 0.018134715025906734
1 0.6758823529411765 0.5906735751295337 0.1988235294117647 0.015544041450777202