0 0.5 0.05717054263565891 0.6423529411764706 0.01744186046511628
0 0.5 0.13468992248062014 0.28352941176470586 0.01744186046511628
2 0.09058823529411765 0.22044573643410853 0.06352941176470588 0.014534883720930232
3 0.1564705882352941 0.22093023255813954 0.03294117647058824 0.015503875968992248
2 0.08294117647058824 0.2713178294573643 0.04823529411764706 0.01937984496124031
3 0.14529411764705882 0.2698643410852713 0.041176470588235294 0.016472868217054265
2 0.11294117647058824 0.31976744186046513 0.10823529411764705 0.01937984496124031
2 0.08294117647058824 0.3682170542635659 0.04823529411764706 0.01937984496124031
2 0.4547058823529412 0.36627906976744184 0.08352941176470588 0.015503875968992248
3 0.5494117647058824 0.3687015503875969 0.07058823529411765 0.020348837209302327
2 0.11294117647058824 0.4166666666666667 0.10823529411764705 0.01937984496124031
3 0.2011764705882353 0.41472868217054265 0.03294117647058824 0.015503875968992248
2 0.10882352941176471 0.48255813953488375 0.1 0.015503875968992248
5 0.24705882352941178 0.4893410852713178 0.023529411764705882 0.01937984496124031
2 0.29705882352941176 0.48207364341085274 0.052941176470588235 0.014534883720930232
4 0.4235294117647059 0.4893410852713178 0.023529411764705882 0.01937984496124031
2 0.46352941176470586 0.48207364341085274 0.03294117647058824 0.014534883720930232
1 0.2605882352941176 0.5416666666666666 0.40352941176470586 0.01744186046511628
2 0.6670588235294118 0.5915697674418605 0.15764705882352942 0.020348837209302327
1 0.6758823529411765 0.6143410852713178 0.1988235294117647 0.01744186046511628