0 0.5 0.053009883198562445 0.6423529411764706 0.016172506738544475
0 0.5 0.12488769092542677 0.28352941176470586 0.016172506738544475
2 0.09058823529411765 0.20440251572327045 0.06352941176470588 0.013477088948787063
3 0.16470588235294117 0.20485175202156333 0.04941176470588235 0.014375561545372867
2 0.11352941176470588 0.24932614555256064 0.10941176470588235 0.013477088948787063
2 0.08294117647058824 0.29649595687331537 0.04823529411764706 0.017969451931716084
2 0.08294117647058824 0.3414195867026056 0.04823529411764706 0.017969451931716084
2 0.08294117647058824 0.3863432165318958 0.04823529411764706 0.017969451931716084
3 0.14529411764705882 0.38499550763701706 0.041176470588235294 0.015274034141958671
2 0.4676470588235294 0.38409703504043125 0.10941176470588235 0.013477088948787063
3 0.6164705882352941 0.3890386343216532 0.15294117647058825 0.02336028751123091
2 0.11352941176470588 0.42902066486972146 0.10941176470588235 0.013477088948787063
3 0.2541176470588235 0.431266846361186 0.13647058823529412 0.017969451931716084
2 0.5205882352941177 0.431266846361186 0.09294117647058824 0.017969451931716084
3 0.6076470588235294 0.42946990116801437 0.04588235294117647 0.014375561545372867
2 0.10882352941176471 0.49236298292902064 0.1 0.014375561545372867
4 0.24705882352941178 0.49865229110512127 0.023529411764705882 0.017969451931716084
2 0.29705882352941176 0.4919137466307278 0.052941176470588235 0.013477088948787063
5 0.4235294117647059 0.49865229110512127 0.023529411764705882 0.017969451931716084
2 0.46352941176470586 0.4919137466307278 0.03294117647058824 0.013477088948787063
1 0.2605882352941176 0.5471698113207547 0.40352941176470586 0.016172506738544475
2 0.6670588235294118 0.5934411500449236 0.15764705882352942 0.018867924528301886
1 0.6758823529411765 0.6145552560646901 0.1988235294117647 0.016172506738544475