0 0.5 0.05086206896551724 0.6423529411764706 0.015517241379310345
0 0.5 0.11939655172413793 0.23294117647058823 0.014655172413793103
2 0.09294117647058824 0.19870689655172413 0.06823529411764706 0.01810344827586207
3 0.16647058823529412 0.19698275862068965 0.04352941176470588 0.014655172413793103
2 0.08294117647058824 0.2413793103448276 0.04823529411764706 0.017241379310344827
2 0.4676470588235294 0.23922413793103448 0.10941176470588235 0.01293103448275862
3 0.6105882352941177 0.24224137931034484 0.1411764705882353 0.01896551724137931
2 0.08294117647058824 0.28448275862068967 0.04823529411764706 0.017241379310344827
3 0.14647058823529413 0.2831896551724138 0.04352941176470588 0.014655172413793103
2 0.11294117647058824 0.3275862068965517 0.10823529411764705 0.017241379310344827
3 0.21941176470588236 0.3280172413793103 0.06941176470588235 0.01810344827586207
2 0.5047058823529412 0.3254310344827586 0.06352941176470588 0.01293103448275862
3 0.5935294117647059 0.328448275862069 0.07882352941176471 0.01896551724137931
2 0.10882352941176471 0.38620689655172413 0.1 0.013793103448275862
5 0.24705882352941178 0.3922413793103448 0.023529411764705882 0.017241379310344827
2 0.29705882352941176 0.3857758620689655 0.052941176470588235 0.01293103448275862
4 0.4235294117647059 0.3922413793103448 0.023529411764705882 0.017241379310344827
2 0.46352941176470586 0.3857758620689655 0.03294117647058824 0.01293103448275862
1 0.2605882352941176 0.4387931034482759 0.40352941176470586 0.015517241379310345
2 0.6670588235294118 0.4831896551724138 0.15764705882352942 0.01810344827586207
1 0.6758823529411765 0.503448275862069 0.1988235294117647 0.015517241379310345