0 0.5 0.053636363636363635 0.6423529411764706 0.016363636363636365
0 0.5 0.12590909090909091 0.23294117647058823 0.015454545454545455
2 0.10058823529411764 0.20727272727272728 0.08352941176470588 0.014545454545454545
2 0.4823529411764706 0.20954545454545453 0.06823529411764706 0.019090909090909092
3 0.5576470588235294 0.20772727272727273 0.047058823529411764 0.015454545454545455
2 0.10058823529411764 0.25272727272727274 0.08352941176470588 0.014545454545454545
3 0.18294117647058825 0.2540909090909091 0.04588235294117647 0.017272727272727273
2 0.49470588235294116 0.2545454545454545 0.09294117647058824 0.01818181818181818
3 0.5847058823529412 0.2531818181818182 0.05176470588235294 0.015454545454545455
2 0.10058823529411764 0.29818181818181816 0.08352941176470588 0.014545454545454545
3 0.17647058823529413 0.29818181818181816 0.03294117647058824 0.014545454545454545
2 0.09058823529411765 0.3431818181818182 0.06352941176470588 0.013636363636363636
3 0.16117647058823528 0.3440909090909091 0.042352941176470586 0.015454545454545455
2 0.08294117647058824 0.39090909090909093 0.04823529411764706 0.01818181818181818
2 0.49529411764705883 0.39136363636363636 0.16470588235294117 0.019090909090909092
3 0.6176470588235294 0.38954545454545453 0.04470588235294118 0.015454545454545455
2 0.10882352941176471 0.4527272727272727 0.1 0.014545454545454545
5 0.24705882352941178 0.4590909090909091 0.023529411764705882 0.01818181818181818
2 0.29705882352941176 0.45227272727272727 0.052941176470588235 0.013636363636363636
4 0.4235294117647059 0.4590909090909091 0.023529411764705882 0.01818181818181818
2 0.46352941176470586 0.45227272727272727 0.03294117647058824 0.013636363636363636
1 0.2605882352941176 0.5081818181818182 0.40352941176470586 0.016363636363636365
2 0.6670588235294118 0.555 0.15764705882352942 0.019090909090909092
1 0.6758823529411765 0.5763636363636364 0.1988235294117647 0.016363636363636365