0 0.5 0.049372384937238493 0.6423529411764706 0.01506276150627615
0 0.5 0.11631799163179916 0.30470588235294116 0.01506276150627615
2 0.10529411764705883 0.19246861924686193 0.09294117647058824 0.016736401673640166
3 0.1923529411764706 0.1907949790794979 0.04588235294117647 0.013389121338912133
2 0.10529411764705883 0.23430962343096234 0.09294117647058824 0.016736401673640166
3 0.2 0.23472803347280335 0.0611764705882353 0.017573221757322177
2 0.4894117647058824 0.23221757322175732 0.06352941176470588 0.012552301255230125
3 0.5670588235294117 0.23305439330543934 0.05647058823529412 0.014225941422594143
2 0.10058823529411764 0.2744769874476987 0.08352941176470588 0.013389121338912133
3 0.18176470588235294 0.27489539748953973 0.04352941176470588 0.014225941422594143
2 0.11352941176470588 0.3158995815899582 0.10941176470588235 0.012552301255230125
3 0.2411764705882353 0.3188284518828452 0.11058823529411765 0.018410041841004185
2 0.11352941176470588 0.3577405857740586 0.10941176470588235 0.012552301255230125
3 0.28411764705882353 0.3623430962343096 0.19647058823529412 0.021757322175732216
2 0.09294117647058824 0.402092050209205 0.06823529411764706 0.017573221757322177
3 0.16176470588235295 0.4 0.03411764705882353 0.013389121338912133
2 0.48705882352941177 0.401673640167364 0.10823529411764705 0.016736401673640166
3 0.581764705882353 0.4 0.04588235294117647 0.013389121338912133
2 0.10882352941176471 0.4585774058577406 0.1 0.013389121338912133
4 0.24705882352941178 0.46443514644351463 0.023529411764705882 0.016736401673640166
2 0.29705882352941176 0.4581589958158996 0.052941176470588235 0.012552301255230125
5 0.4235294117647059 0.46443514644351463 0.023529411764705882 0.016736401673640166
2 0.46352941176470586 0.4581589958158996 0.03294117647058824 0.012552301255230125
1 0.2605882352941176 0.5096234309623431 0.40352941176470586 0.01506276150627615
2 0.6670588235294118 0.5527196652719665 0.15764705882352942 0.017573221757322177
1 0.6758823529411765 0.5723849372384937 0.1988235294117647 0.01506276150627615