0 0.5 0.05012744265080714 0.6423529411764706 0.015293118096856415
0 0.5 0.11809685641461343 0.30470588235294116 0.015293118096856415
2 0.09058823529411765 0.19328802039082413 0.06352941176470588 0.012744265080713678
3 0.1635294117647059 0.19583687340696687 0.047058823529411764 0.01784197111299915
2 0.5105882352941177 0.19583687340696687 0.16470588235294117 0.01784197111299915
2 0.09294117647058824 0.2383177570093458 0.06823529411764706 0.01784197111299915
2 0.09294117647058824 0.2807986406117247 0.06823529411764706 0.01784197111299915
3 0.16117647058823528 0.2786745964316058 0.03294117647058824 0.013593882752761258
2 0.1411764705882353 0.32327952421410366 0.16470588235294117 0.01784197111299915
2 0.5711764705882353 0.3211554800339847 0.08352941176470588 0.013593882752761258
2 0.1411764705882353 0.36576040781648256 0.16470588235294117 0.01784197111299915
2 0.10058823529411764 0.40611724723874254 0.08352941176470588 0.013593882752761258
2 0.10882352941176471 0.46559048428207306 0.1 0.013593882752761258
5 0.24705882352941178 0.4715378079864061 0.023529411764705882 0.016992353440951572
2 0.29705882352941176 0.46516567544604925 0.052941176470588235 0.012744265080713678
4 0.4235294117647059 0.4715378079864061 0.023529411764705882 0.016992353440951572
2 0.46352941176470586 0.46516567544604925 0.03294117647058824 0.012744265080713678
1 0.2605882352941176 0.5174171622769753 0.40352941176470586 0.015293118096856415
2 0.6670588235294118 0.5611724723874256 0.15764705882352942 0.01784197111299915
1 0.6758823529411765 0.5811384876805438 0.1988235294117647 0.015293118096856415