0 0.5 0.05694980694980695 0.6423529411764706 0.017374517374517374
0 0.5 0.1336872586872587 0.24941176470588236 0.016409266409266408
2 0.11352941176470588 0.2195945945945946 0.10941176470588235 0.01447876447876448
2 0.49823529411764705 0.222007722007722 0.04823529411764706 0.019305019305019305
2 0.1411764705882353 0.27075289575289574 0.16470588235294117 0.02027027027027027
2 0.09058823529411765 0.3161196911196911 0.06352941176470588 0.01447876447876448
2 0.08294117647058824 0.3667953667953668 0.04823529411764706 0.019305019305019305
2 0.10882352941176471 0.43243243243243246 0.1 0.015444015444015444
4 0.24705882352941178 0.4391891891891892 0.023529411764705882 0.019305019305019305
2 0.29705882352941176 0.43194980694980695 0.052941176470588235 0.01447876447876448
4 0.4235294117647059 0.4391891891891892 0.023529411764705882 0.019305019305019305
2 0.46352941176470586 0.43194980694980695 0.03294117647058824 0.01447876447876448
1 0.2605882352941176 0.49131274131274133 0.40352941176470586 0.017374517374517374
2 0.6670588235294118 0.541023166023166 0.15764705882352942 0.02027027027027027
1 0.6758823529411765 0.5637065637065637 0.1988235294117647 0.017374517374517374