0 0.5 0.05258467023172905 0.6423529411764706 0.016042780748663103
0 0.5 0.12388591800356506 0.2647058823529412 0.016042780748663103
2 0.10529411764705883 0.20499108734402852 0.09294117647058824 0.017825311942959002
2 0.5117647058823529 0.20499108734402852 0.10823529411764705 0.017825311942959002
2 0.11294117647058824 0.24955436720142601 0.10823529411764705 0.017825311942959002
2 0.08294117647058824 0.29411764705882354 0.04823529411764706 0.017825311942959002
2 0.10529411764705883 0.33868092691622104 0.09294117647058824 0.017825311942959002
2 0.10529411764705883 0.38324420677361853 0.09294117647058824 0.017825311942959002
2 0.1411764705882353 0.42825311942959 0.16470588235294117 0.01871657754010695
2 0.611764705882353 0.42825311942959 0.16470588235294117 0.01871657754010695
2 0.10882352941176471 0.48841354723707664 0.1 0.0142602495543672
4 0.24705882352941178 0.4946524064171123 0.023529411764705882 0.017825311942959002
2 0.29705882352941176 0.4879679144385027 0.052941176470588235 0.013368983957219251
4 0.4235294117647059 0.4946524064171123 0.023529411764705882 0.017825311942959002
2 0.46352941176470586 0.4879679144385027 0.03294117647058824 0.013368983957219251
1 0.2605882352941176 0.5427807486631016 0.40352941176470586 0.016042780748663103
2 0.6670588235294118 0.588680926916221 0.15764705882352942 0.01871657754010695
1 0.6758823529411765 0.6096256684491979 0.1988235294117647 0.016042780748663103