0 0.5 0.05344202898550725 0.6423529411764706 0.016304347826086956
0 0.5 0.12545289855072464 0.24941176470588236 0.015398550724637682
2 0.1411764705882353 0.20878623188405798 0.16470588235294117 0.019021739130434784
3 0.2647058823529412 0.20652173913043478 0.047058823529411764 0.014492753623188406
2 0.5711764705882353 0.20652173913043478 0.08352941176470588 0.014492753623188406
3 0.6658823529411765 0.20878623188405798 0.07058823529411765 0.019021739130434784
2 0.10058823529411764 0.25181159420289856 0.08352941176470588 0.014492753623188406
3 0.18470588235294116 0.25181159420289856 0.04941176470588235 0.014492753623188406
2 0.08294117647058824 0.29891304347826086 0.04823529411764706 0.018115942028985508
3 0.1388235294117647 0.2971014492753623 0.02823529411764706 0.014492753623188406
2 0.46705882352941175 0.29891304347826086 0.10823529411764705 0.018115942028985508
3 0.5623529411764706 0.297554347826087 0.047058823529411764 0.015398550724637682
2 0.10529411764705883 0.3442028985507246 0.09294117647058824 0.018115942028985508
3 0.1923529411764706 0.3423913043478261 0.04588235294117647 0.014492753623188406
2 0.10882352941176471 0.4057971014492754 0.1 0.014492753623188406
5 0.24705882352941178 0.4121376811594203 0.023529411764705882 0.018115942028985508
2 0.29705882352941176 0.4053442028985507 0.052941176470588235 0.01358695652173913
4 0.4235294117647059 0.4121376811594203 0.023529411764705882 0.018115942028985508
2 0.46352941176470586 0.4053442028985507 0.03294117647058824 0.01358695652173913
1 0.2605882352941176 0.46105072463768115 0.40352941176470586 0.016304347826086956
2 0.6670588235294118 0.5076992753623188 0.15764705882352942 0.019021739130434784
1 0.6758823529411765 0.5289855072463768 0.1988235294117647 0.016304347826086956