0 0.5 0.054377880184331796 0.6423529411764706 0.016589861751152075
0 0.5 0.12764976958525345 0.24941176470588236 0.01566820276497696
2 0.1411764705882353 0.21244239631336406 0.16470588235294117 0.01935483870967742
3 0.2647058823529412 0.21244239631336406 0.047058823529411764 0.01935483870967742
2 0.11352941176470588 0.2557603686635945 0.10941176470588235 0.013824884792626729
3 0.25941176470588234 0.2589861751152074 0.14705882352941177 0.020276497695852536
2 0.49823529411764705 0.25806451612903225 0.04823529411764706 0.018433179723502304
3 0.5705882352941176 0.2585253456221198 0.0611764705882353 0.01935483870967742
2 0.09058823529411765 0.30184331797235026 0.06352941176470588 0.013824884792626729
3 0.16 0.30276497695852533 0.04 0.01566820276497696
2 0.4623529411764706 0.3046082949308756 0.06823529411764706 0.01935483870967742
3 0.5305882352941177 0.30230414746543777 0.03294117647058824 0.014746543778801843
2 0.11294117647058824 0.35023041474654376 0.10823529411764705 0.018433179723502304
3 0.20823529411764705 0.35069124423963133 0.047058823529411764 0.01935483870967742
2 0.08294117647058824 0.39631336405529954 0.04823529411764706 0.018433179723502304
3 0.14823529411764705 0.3967741935483871 0.047058823529411764 0.01935483870967742
2 0.4676470588235294 0.39400921658986177 0.10941176470588235 0.013824884792626729
3 0.6111764705882353 0.39631336405529954 0.1423529411764706 0.018433179723502304
2 0.1411764705882353 0.44285714285714284 0.16470588235294117 0.01935483870967742
3 0.27176470588235296 0.44285714285714284 0.0611764705882353 0.01935483870967742
2 0.10882352941176471 0.5050691244239631 0.1 0.014746543778801843
4 0.24705882352941178 0.511520737327189 0.023529411764705882 0.018433179723502304
2 0.29705882352941176 0.5046082949308756 0.052941176470588235 0.013824884792626729
5 0.4235294117647059 0.511520737327189 0.023529411764705882 0.018433179723502304
2 0.46352941176470586 0.5046082949308756 0.03294117647058824 0.013824884792626729
1 0.2605882352941176 0.5612903225806452 0.40352941176470586 0.016589861751152075
2 0.6670588235294118 0.6087557603686636 0.15764705882352942 0.01935483870967742
1 0.6758823529411765 0.6304147465437788 0.1988235294117647 0.016589861751152075