0 0.5 0.05103806228373702 0.6423529411764706 0.015570934256055362
0 0.5 0.12024221453287197 0.28352941176470586 0.015570934256055362
2 0.11294117647058824 0.19896193771626297 0.10823529411764705 0.01730103806228374
3 0.22411764705882353 0.19982698961937717 0.07882352941176471 0.01903114186851211
2 0.10529411764705883 0.2422145328719723 0.09294117647058824 0.01730103806228374
3 0.2 0.24091695501730104 0.0611764705882353 0.014705882352941176
2 0.48176470588235293 0.2422145328719723 0.04823529411764706 0.01730103806228374
3 0.5458823529411765 0.24048442906574394 0.04470588235294118 0.01384083044982699
2 0.10058823529411764 0.2837370242214533 0.08352941176470588 0.01384083044982699
3 0.18352941176470589 0.2858996539792388 0.047058823529411764 0.018166089965397925
2 0.5305882352941177 0.2858996539792388 0.16470588235294117 0.018166089965397925
3 0.6523529411764706 0.2841695501730104 0.04352941176470588 0.014705882352941176
2 0.1411764705882353 0.3291522491349481 0.16470588235294117 0.018166089965397925
3 0.27058823529411763 0.3295847750865052 0.058823529411764705 0.01903114186851211
2 0.5835294117647059 0.328719723183391 0.10823529411764705 0.01730103806228374
3 0.6694117647058824 0.32698961937716264 0.02823529411764706 0.01384083044982699
2 0.08294117647058824 0.3719723183391003 0.04823529411764706 0.01730103806228374
3 0.15411764705882353 0.37067474048442905 0.058823529411764705 0.014705882352941176
2 0.10882352941176471 0.43079584775086505 0.1 0.01384083044982699
4 0.24705882352941178 0.43685121107266434 0.023529411764705882 0.01730103806228374
2 0.29705882352941176 0.430363321799308 0.052941176470588235 0.012975778546712802
5 0.4235294117647059 0.43685121107266434 0.023529411764705882 0.01730103806228374
2 0.46352941176470586 0.430363321799308 0.03294117647058824 0.012975778546712802
1 0.2605882352941176 0.4835640138408305 0.40352941176470586 0.015570934256055362
2 0.6670588235294118 0.528114186851211 0.15764705882352942 0.018166089965397925
1 0.6758823529411765 0.5484429065743944 0.1988235294117647 0.015570934256055362