0 0.5 0.05801376597836775 0.6423529411764706 0.017699115044247787
0 0.5 0.13618485742379546 0.24941176470588236 0.01671583087512291
2 0.09058823529411765 0.22369714847590955 0.06352941176470588 0.014749262536873156
2 0.08294117647058824 0.2753195673549656 0.04823529411764706 0.01966568338249754
2 0.1411764705882353 0.3249754178957719 0.16470588235294117 0.02064896755162242
2 0.09294117647058824 0.37413962635201575 0.06823529411764706 0.02064896755162242
2 0.10882352941176471 0.44051130776794495 0.1 0.015732546705998034
4 0.24705882352941178 0.4473942969518191 0.023529411764705882 0.01966568338249754
2 0.29705882352941176 0.4400196656833825 0.052941176470588235 0.014749262536873156
4 0.4235294117647059 0.4473942969518191 0.023529411764705882 0.01966568338249754
2 0.46352941176470586 0.4400196656833825 0.03294117647058824 0.014749262536873156
1 0.2605882352941176 0.5004916420845624 0.40352941176470586 0.017699115044247787
2 0.6670588235294118 0.5511307767944936 0.15764705882352942 0.02064896755162242
1 0.6758823529411765 0.5742379547689282 0.1988235294117647 0.017699115044247787