0 0.5 0.05678537054860443 0.6423529411764706 0.017324350336862367
0 0.5 0.1333012512030799 0.23294117647058823 0.016361886429258902
2 0.11352941176470588 0.21896053897978826 0.10941176470588235 0.014436958614051972
2 0.10529411764705883 0.2694898941289702 0.09294117647058824 0.019249278152069296
2 0.1411764705882353 0.31809432146294514 0.16470588235294117 0.02021174205967276
2 0.08294117647058824 0.36573628488931664 0.04823529411764706 0.019249278152069296
2 0.10882352941176471 0.43118383060635224 0.1 0.015399422521655439
4 0.24705882352941178 0.4379210779595765 0.023529411764705882 0.019249278152069296
2 0.29705882352941176 0.4307025986525505 0.052941176470588235 0.014436958614051972
4 0.4235294117647059 0.4379210779595765 0.023529411764705882 0.019249278152069296
2 0.46352941176470586 0.4307025986525505 0.03294117647058824 0.014436958614051972
1 0.2605882352941176 0.4898941289701636 0.40352941176470586 0.017324350336862367
2 0.6670588235294118 0.539461020211742 0.15764705882352942 0.02021174205967276
1 0.6758823529411765 0.5620789220404235 0.1988235294117647 0.017324350336862367