0 0.5 0.04983108108108108 0.6423529411764706 0.015202702702702704
0 0.5 0.11739864864864864 0.2647058823529412 0.015202702702702704
2 0.10058823529411764 0.19256756756756757 0.08352941176470588 0.013513513513513514
3 0.18352941176470589 0.19256756756756757 0.047058823529411764 0.013513513513513514
2 0.5029411764705882 0.19214527027027026 0.10941176470588235 0.01266891891891892
3 0.6352941176470588 0.19467905405405406 0.12 0.017736486486486486
2 0.1411764705882353 0.23690878378378377 0.16470588235294117 0.017736486486486486
3 0.26705882352941174 0.2352195945945946 0.05176470588235294 0.014358108108108109
2 0.5535294117647059 0.23648648648648649 0.04823529411764706 0.016891891891891893
3 0.6147058823529412 0.23648648648648649 0.03882352941176471 0.016891891891891893
2 0.10058823529411764 0.27702702702702703 0.08352941176470588 0.013513513513513514
3 0.19176470588235295 0.2782939189189189 0.06352941176470588 0.016047297297297296
2 0.10529411764705883 0.32094594594594594 0.09294117647058824 0.016891891891891893
3 0.19294117647058823 0.31967905405405406 0.047058823529411764 0.014358108108108109
2 0.08294117647058824 0.36317567567567566 0.04823529411764706 0.016891891891891893
3 0.14941176470588236 0.3614864864864865 0.04941176470588235 0.013513513513513514
2 0.09294117647058824 0.4058277027027027 0.06823529411764706 0.017736486486486486
3 0.16117647058823528 0.40371621621621623 0.03294117647058824 0.013513513513513514
2 0.10882352941176471 0.46283783783783783 0.1 0.013513513513513514
4 0.24705882352941178 0.46875 0.023529411764705882 0.016891891891891893
2 0.29705882352941176 0.4624155405405405 0.052941176470588235 0.01266891891891892
5 0.4235294117647059 0.46875 0.023529411764705882 0.016891891891891893
2 0.46352941176470586 0.4624155405405405 0.03294117647058824 0.01266891891891892
1 0.2605882352941176 0.5143581081081081 0.40352941176470586 0.015202702702702704
2 0.6670588235294118 0.5578547297297297 0.15764705882352942 0.017736486486486486
1 0.6758823529411765 0.5777027027027027 0.1988235294117647 0.015202702702702704