0 0.5 0.049789029535864976 0.6423529411764706 0.015189873417721518
0 0.5 0.11729957805907174 0.2647058823529412 0.015189873417721518
2 0.10058823529411764 0.19240506329113924 0.08352941176470588 0.01350210970464135
3 0.18352941176470589 0.19451476793248945 0.047058823529411764 0.017721518987341773
2 0.49 0.19240506329113924 0.08352941176470588 0.01350210970464135
2 0.09294117647058824 0.23670886075949368 0.06823529411764706 0.017721518987341773
2 0.46705882352941175 0.23670886075949368 0.06823529411764706 0.017721518987341773
3 0.5352941176470588 0.23670886075949368 0.03294117647058824 0.017721518987341773
2 0.09058823529411765 0.27637130801687765 0.06352941176470588 0.012658227848101266
3 0.16294117647058823 0.2767932489451477 0.04588235294117647 0.01350210970464135
2 0.09294117647058824 0.3210970464135021 0.06823529411764706 0.017721518987341773
3 0.17588235294117646 0.3210970464135021 0.06235294117647059 0.017721518987341773
2 0.5152941176470588 0.3210970464135021 0.16470588235294117 0.017721518987341773
2 0.10529411764705883 0.3628691983122363 0.09294117647058824 0.016877637130801686
2 0.10882352941176471 0.42025316455696204 0.1 0.01350210970464135
4 0.24705882352941178 0.42616033755274263 0.023529411764705882 0.016877637130801686
2 0.29705882352941176 0.41983122362869196 0.052941176470588235 0.012658227848101266
5 0.4235294117647059 0.42616033755274263 0.023529411764705882 0.016877637130801686
2 0.46352941176470586 0.41983122362869196 0.03294117647058824 0.012658227848101266
1 0.2605882352941176 0.47172995780590715 0.40352941176470586 0.015189873417721518
2 0.6670588235294118 0.5151898734177215 0.15764705882352942 0.017721518987341773
1 0.6758823529411765 0.5350210970464135 0.1988235294117647 0.015189873417721518