0 0.5 0.05108225108225108 0.6423529411764706 0.015584415584415584
0 0.5 0.11991341991341992 0.24941176470588236 0.01471861471861472
2 0.11352941176470588 0.19696969696969696 0.10941176470588235 0.012987012987012988
2 0.09294117647058824 0.24285714285714285 0.06823529411764706 0.01818181818181818
2 0.11294117647058824 0.2857142857142857 0.10823529411764705 0.017316017316017316
2 0.5070588235294118 0.28614718614718615 0.06823529411764706 0.01818181818181818
2 0.11352941176470588 0.3268398268398268 0.10941176470588235 0.012987012987012988
2 0.08294117647058824 0.3722943722943723 0.04823529411764706 0.017316017316017316
2 0.08294117647058824 0.4155844155844156 0.04823529411764706 0.017316017316017316
2 0.4547058823529412 0.41385281385281386 0.08352941176470588 0.013852813852813853
2 0.10882352941176471 0.47445887445887447 0.1 0.013852813852813853
4 0.24705882352941178 0.4805194805194805 0.023529411764705882 0.017316017316017316
2 0.29705882352941176 0.474025974025974 0.052941176470588235 0.012987012987012988
4 0.4235294117647059 0.4805194805194805 0.023529411764705882 0.017316017316017316
2 0.46352941176470586 0.474025974025974 0.03294117647058824 0.012987012987012988
1 0.2605882352941176 0.5272727272727272 0.40352941176470586 0.015584415584415584
2 0.6670588235294118 0.5718614718614718 0.15764705882352942 0.01818181818181818
1 0.6758823529411765 0.5922077922077922 0.1988235294117647 0.015584415584415584