0 0.5 0.04983108108108108 0.6423529411764706 0.015202702702702704
0 0.5 0.11697635135135136 0.24941176470588236 0.014358108108108109
2 0.11294117647058824 0.19425675675675674 0.10823529411764705 0.016891891891891893
2 0.08294117647058824 0.23648648648648649 0.04823529411764706 0.016891891891891893
3 0.1476470588235294 0.23479729729729729 0.04588235294117647 0.013513513513513514
2 0.08294117647058824 0.27871621621621623 0.04823529411764706 0.016891891891891893
3 0.14470588235294118 0.27744932432432434 0.04 0.014358108108108109
2 0.1411764705882353 0.32136824324324326 0.16470588235294117 0.017736486486486486
2 0.5635294117647058 0.32136824324324326 0.06823529411764706 0.017736486486486486
2 0.10882352941176471 0.3783783783783784 0.1 0.013513513513513514
4 0.24705882352941178 0.3842905405405405 0.023529411764705882 0.016891891891891893
2 0.29705882352941176 0.3779560810810811 0.052941176470588235 0.01266891891891892
5 0.4235294117647059 0.3842905405405405 0.023529411764705882 0.016891891891891893
2 0.46352941176470586 0.3779560810810811 0.03294117647058824 0.01266891891891892
1 0.2605882352941176 0.42989864864864863 0.40352941176470586 0.015202702702702704
2 0.6670588235294118 0.4733952702702703 0.15764705882352942 0.017736486486486486
1 0.6758823529411765 0.49324324324324326 0.1988235294117647 0.015202702702702704