0 0.5 0.05888223552894212 0.6423529411764706 0.017964071856287425
0 0.5 0.13822355289421157 0.24941176470588236 0.016966067864271458
2 0.11294117647058824 0.22954091816367264 0.10823529411764705 0.01996007984031936
3 0.21235294117647058 0.23003992015968064 0.05529411764705883 0.020958083832335328
2 0.11352941176470588 0.27694610778443113 0.10941176470588235 0.014970059880239521
3 0.2523529411764706 0.27944111776447106 0.13294117647058823 0.01996007984031936
2 0.49823529411764705 0.27944111776447106 0.04823529411764706 0.01996007984031936
3 0.5705882352941176 0.2779441117764471 0.0611764705882353 0.016966067864271458
2 0.1411764705882353 0.32984031936127745 0.16470588235294117 0.020958083832335328
3 0.27058823529411763 0.3278443113772455 0.058823529411764705 0.016966067864271458
2 0.5611764705882353 0.3268463073852295 0.06352941176470588 0.014970059880239521
3 0.6364705882352941 0.3278443113772455 0.05176470588235294 0.016966067864271458
2 0.10058823529411764 0.3772455089820359 0.08352941176470588 0.015968063872255488
3 0.17411764705882352 0.3772455089820359 0.02823529411764706 0.015968063872255488
2 0.48 0.37674650698602796 0.06352941176470588 0.014970059880239521
3 0.5647058823529412 0.38223552894211577 0.07058823529411765 0.02594810379241517
2 0.11294117647058824 0.4291417165668663 0.10823529411764705 0.01996007984031936
3 0.21941176470588236 0.4296407185628742 0.06941176470588235 0.020958083832335328
2 0.10058823529411764 0.47704590818363274 0.08352941176470588 0.015968063872255488
3 0.18411764705882352 0.47954091816367267 0.04823529411764706 0.020958083832335328
2 0.49 0.47704590818363274 0.08352941176470588 0.015968063872255488
3 0.5735294117647058 0.47954091816367267 0.04823529411764706 0.020958083832335328
2 0.10882352941176471 0.5469061876247505 0.1 0.015968063872255488
5 0.24705882352941178 0.5538922155688623 0.023529411764705882 0.01996007984031936
2 0.29705882352941176 0.5464071856287425 0.052941176470588235 0.014970059880239521
4 0.4235294117647059 0.5538922155688623 0.023529411764705882 0.01996007984031936
2 0.46352941176470586 0.5464071856287425 0.03294117647058824 0.014970059880239521
1 0.2605882352941176 0.6077844311377245 0.40352941176470586 0.017964071856287425
2 0.6670588235294118 0.659181636726547 0.15764705882352942 0.020958083832335328
1 0.6758823529411765 0.6826347305389222 0.1988235294117647 0.017964071856287425