0 0.5 0.058358061325420374 0.6423529411764706 0.017804154302670624
0 0.5 0.13748763600395647 0.28352941176470586 0.017804154302670624
2 0.10529411764705883 0.2274975272007913 0.09294117647058824 0.019782393669634024
3 0.18588235294117647 0.22799208704253215 0.03294117647058824 0.020771513353115726
2 0.09058823529411765 0.2744807121661721 0.06352941176470588 0.01483679525222552
2 0.46 0.2744807121661721 0.06352941176470588 0.01483679525222552
2 0.09294117647058824 0.3269040553907023 0.06823529411764706 0.020771513353115726
2 0.48705882352941177 0.3264094955489614 0.10823529411764705 0.019782393669634024
2 0.11352941176470588 0.3733926805143422 0.10941176470588235 0.01483679525222552
3 0.2747058823529412 0.3743818001978239 0.1776470588235294 0.016815034619188922
2 0.11294117647058824 0.42532146389713155 0.10823529411764705 0.019782393669634024
2 0.09058823529411765 0.4723046488625124 0.06352941176470588 0.01483679525222552
2 0.10882352941176471 0.5420375865479723 0.1 0.01582591493570722
5 0.24705882352941178 0.5489614243323442 0.023529411764705882 0.019782393669634024
2 0.29705882352941176 0.5415430267062314 0.052941176470588235 0.01483679525222552
4 0.4235294117647059 0.5489614243323442 0.023529411764705882 0.019782393669634024
2 0.46352941176470586 0.5415430267062314 0.03294117647058824 0.01483679525222552
1 0.2605882352941176 0.6023738872403561 0.40352941176470586 0.017804154302670624
2 0.6670588235294118 0.6533135509396637 0.15764705882352942 0.020771513353115726
1 0.6758823529411765 0.6765578635014837 0.1988235294117647 0.017804154302670624