0 0.5 0.05744888023369036 0.6423529411764706 0.017526777020447908
0 0.5 0.13534566699123662 0.2647058823529412 0.017526777020447908
2 0.08294117647058824 0.22395326192794549 0.04823529411764706 0.019474196689386564
3 0.1476470588235294 0.22200584225900682 0.04588235294117647 0.01557935735150925
2 0.1411764705882353 0.27312560856864654 0.16470588235294117 0.02044790652385589
3 0.27588235294117647 0.27312560856864654 0.06941176470588235 0.02044790652385589
2 0.09294117647058824 0.32181110029211296 0.06823529411764706 0.02044790652385589
3 0.16647058823529412 0.3198636806231743 0.04352941176470588 0.016553067185978577
2 0.5152941176470588 0.32181110029211296 0.16470588235294117 0.02044790652385589
3 0.6388235294117647 0.32181110029211296 0.047058823529411764 0.02044790652385589
2 0.08294117647058824 0.37000973709834467 0.04823529411764706 0.019474196689386564
3 0.14705882352941177 0.3704965920155794 0.04470588235294118 0.02044790652385589
2 0.10529411764705883 0.4186952288218111 0.09294117647058824 0.019474196689386564
3 0.18588235294117647 0.41918208373904575 0.03294117647058824 0.02044790652385589
2 0.10882352941176471 0.48490749756572543 0.1 0.01557935735150925
4 0.24705882352941178 0.4917234664070107 0.023529411764705882 0.019474196689386564
2 0.29705882352941176 0.4844206426484908 0.052941176470588235 0.014605647517039922
5 0.4235294117647059 0.4917234664070107 0.023529411764705882 0.019474196689386564
2 0.46352941176470586 0.4844206426484908 0.03294117647058824 0.014605647517039922
1 0.2605882352941176 0.5443037974683544 0.40352941176470586 0.017526777020447908
2 0.6670588235294118 0.5944498539435248 0.15764705882352942 0.02044790652385589
1 0.6758823529411765 0.617332035053554 0.1988235294117647 0.017526777020447908