0 0.5 0.049166666666666664 0.6423529411764706 0.015
0 0.5 0.11583333333333333 0.28352941176470586 0.015
2 0.11352941176470588 0.18958333333333333 0.10941176470588235 0.0125
2 0.5288235294117647 0.18958333333333333 0.10941176470588235 0.0125
3 0.72 0.19208333333333333 0.2376470588235294 0.0175
2 0.11294117647058824 0.23333333333333334 0.10823529411764705 0.016666666666666666
3 0.20941176470588235 0.23166666666666666 0.04941176470588235 0.013333333333333334
2 0.5147058823529411 0.23166666666666666 0.08352941176470588 0.013333333333333334
2 0.1411764705882353 0.27541666666666664 0.16470588235294117 0.0175
2 0.09058823529411765 0.3145833333333333 0.06352941176470588 0.0125
3 0.17058823529411765 0.31708333333333333 0.0611764705882353 0.0175
2 0.45235294117647057 0.31666666666666665 0.04823529411764706 0.016666666666666666
2 0.11294117647058824 0.35833333333333334 0.10823529411764705 0.016666666666666666
2 0.11352941176470588 0.39791666666666664 0.10941176470588235 0.0125
3 0.2647058823529412 0.4025 0.15764705882352942 0.021666666666666667
2 0.10882352941176471 0.45666666666666667 0.1 0.013333333333333334
4 0.24705882352941178 0.4625 0.023529411764705882 0.016666666666666666
2 0.29705882352941176 0.45625 0.052941176470588235 0.0125
5 0.4235294117647059 0.4625 0.023529411764705882 0.016666666666666666
2 0.46352941176470586 0.45625 0.03294117647058824 0.0125
1 0.2605882352941176 0.5075 0.40352941176470586 0.015
2 0.6670588235294118 0.5504166666666667 0.15764705882352942 0.0175
1 0.6758823529411765 0.57 0.1988235294117647 0.015