0 0.5 0.05373406193078324 0.6423529411764706 0.01639344262295082
0 0.5 0.1261384335154827 0.24941176470588236 0.015482695810564663
2 0.11352941176470588 0.20719489981785064 0.10941176470588235 0.01366120218579235
2 0.09058823529411765 0.2527322404371585 0.06352941176470588 0.01366120218579235
3 0.15411764705882353 0.25318761384335153 0.02823529411764706 0.014571948998178506
2 0.08294117647058824 0.3005464480874317 0.04823529411764706 0.018214936247723135
3 0.14882352941176472 0.30100182149362475 0.04823529411764706 0.01912568306010929
2 0.08294117647058824 0.3460837887067395 0.04823529411764706 0.018214936247723135
2 0.4470588235294118 0.3465391621129326 0.06823529411764706 0.01912568306010929
2 0.11352941176470588 0.38934426229508196 0.10941176470588235 0.01366120218579235
3 0.2488235294117647 0.38979963570127507 0.12588235294117647 0.014571948998178506
2 0.508235294117647 0.39207650273224043 0.06823529411764706 0.01912568306010929
3 0.5741176470588235 0.39025500910746813 0.02823529411764706 0.015482695810564663
2 0.09294117647058824 0.4376138433515483 0.06823529411764706 0.01912568306010929
2 0.48705882352941177 0.4371584699453552 0.10823529411764705 0.018214936247723135
2 0.10882352941176471 0.4990892531876138 0.1 0.014571948998178506
4 0.24705882352941178 0.505464480874317 0.023529411764705882 0.018214936247723135
2 0.29705882352941176 0.49863387978142076 0.052941176470588235 0.01366120218579235
5 0.4235294117647059 0.505464480874317 0.023529411764705882 0.018214936247723135
2 0.46352941176470586 0.49863387978142076 0.03294117647058824 0.01366120218579235
1 0.2605882352941176 0.5546448087431693 0.40352941176470586 0.01639344262295082
2 0.6670588235294118 0.6015482695810564 0.15764705882352942 0.01912568306010929
1 0.6758823529411765 0.6229508196721312 0.1988235294117647 0.01639344262295082