0 0.5 0.05038428693424424 0.6423529411764706 0.015371477369769428
0 0.5 0.11870196413321947 0.28352941176470586 0.015371477369769428
2 0.11352941176470588 0.1942783945345858 0.10941176470588235 0.012809564474807857
2 0.11352941176470588 0.23697694278394535 0.10941176470588235 0.012809564474807857
2 0.11294117647058824 0.28181041844577287 0.10823529411764705 0.017079419299743808
2 0.09294117647058824 0.32493595217762594 0.06823529411764706 0.017933390264730998
2 0.4747058823529412 0.322801024765158 0.08352941176470588 0.013663535439795047
2 0.10882352941176471 0.3825789923142613 0.1 0.013663535439795047
4 0.24705882352941178 0.3885567890691716 0.023529411764705882 0.017079419299743808
2 0.29705882352941176 0.3821520068317677 0.052941176470588235 0.012809564474807857
4 0.4235294117647059 0.3885567890691716 0.023529411764705882 0.017079419299743808
2 0.46352941176470586 0.3821520068317677 0.03294117647058824 0.012809564474807857
1 0.2605882352941176 0.43467122117847995 0.40352941176470586 0.015371477369769428
2 0.6670588235294118 0.47865072587532026 0.15764705882352942 0.017933390264730998
1 0.6758823529411765 0.4987190435525192 0.1988235294117647 0.015371477369769428