0 0.5 0.05296229802513465 0.6423529411764706 0.01615798922800718
0 0.5 0.12477558348294435 0.28352941176470586 0.01615798922800718
2 0.08294117647058824 0.20646319569120286 0.04823529411764706 0.017953321364452424
3 0.1388235294117647 0.20466786355475763 0.02823529411764706 0.01436265709156194
2 0.09058823529411765 0.2491023339317774 0.06352941176470588 0.013464991023339317
3 0.17058823529411765 0.25 0.0611764705882353 0.01526032315978456
2 0.10058823529411764 0.29443447037701975 0.08352941176470588 0.01436265709156194
3 0.17882352941176471 0.29443447037701975 0.03764705882352941 0.01436265709156194
2 0.10058823529411764 0.3393177737881508 0.08352941176470588 0.01436265709156194
3 0.18058823529411766 0.3397666068222621 0.041176470588235294 0.01526032315978456
2 0.4723529411764706 0.34111310592459604 0.04823529411764706 0.017953321364452424
3 0.54 0.3397666068222621 0.05176470588235294 0.01526032315978456
2 0.11352941176470588 0.38375224416517056 0.10941176470588235 0.013464991023339317
2 0.5564705882352942 0.3864452423698384 0.16470588235294117 0.018850987432675045
2 0.11352941176470588 0.4286355475763016 0.10941176470588235 0.013464991023339317
3 0.2876470588235294 0.43132854578096946 0.20352941176470588 0.018850987432675045
2 0.10882352941176471 0.4919210053859964 0.1 0.01436265709156194
5 0.24705882352941178 0.4982046678635548 0.023529411764705882 0.017953321364452424
2 0.29705882352941176 0.4914721723518851 0.052941176470588235 0.013464991023339317
4 0.4235294117647059 0.4982046678635548 0.023529411764705882 0.017953321364452424
2 0.46352941176470586 0.4914721723518851 0.03294117647058824 0.013464991023339317
1 0.2605882352941176 0.5466786355475763 0.40352941176470586 0.01615798922800718
2 0.6670588235294118 0.5929084380610413 0.15764705882352942 0.018850987432675045
1 0.6758823529411765 0.6140035906642729 0.1988235294117647 0.01615798922800718