0 0.5 0.05235137533274179 0.6423529411764706 0.015971606033717833
0 0.5 0.12289263531499556 0.23294117647058823 0.015084294587400177
2 0.10058823529411764 0.2023070097604259 0.08352941176470588 0.01419698314108252
3 0.18941176470588236 0.20275066548358472 0.058823529411764705 0.015084294587400177
2 0.11352941176470588 0.24622892635314997 0.10941176470588235 0.013309671694764862
3 0.23176470588235293 0.24711623779946762 0.09176470588235294 0.015084294587400177
2 0.508235294117647 0.24889086069210292 0.06823529411764706 0.018633540372670808
3 0.5994117647058823 0.24933451641526175 0.07882352941176471 0.019520851818988466
2 0.09058823529411765 0.2905944986690328 0.06352941176470588 0.013309671694764862
3 0.16294117647058823 0.29103815439219166 0.04588235294117647 0.01419698314108252
2 0.09058823529411765 0.3349600709849157 0.06352941176470588 0.013309671694764862
3 0.1635294117647059 0.33762200532386866 0.047058823529411764 0.018633540372670808
2 0.46 0.3349600709849157 0.06352941176470588 0.013309671694764862
3 0.5329411764705883 0.33584738243123335 0.047058823529411764 0.015084294587400177
2 0.10058823529411764 0.3797692990239574 0.08352941176470588 0.01419698314108252
3 0.18058823529411766 0.38021295474711625 0.041176470588235294 0.015084294587400177
2 0.09058823529411765 0.42369121561668144 0.06352941176470588 0.013309671694764862
3 0.1623529411764706 0.4245785270629991 0.04470588235294118 0.015084294587400177
2 0.10882352941176471 0.4862466725820763 0.1 0.01419698314108252
4 0.24705882352941178 0.49245785270629994 0.023529411764705882 0.01774622892635315
2 0.29705882352941176 0.48580301685891747 0.052941176470588235 0.013309671694764862
5 0.4235294117647059 0.49245785270629994 0.023529411764705882 0.01774622892635315
2 0.46352941176470586 0.48580301685891747 0.03294117647058824 0.013309671694764862
1 0.2605882352941176 0.5403726708074534 0.40352941176470586 0.015971606033717833
2 0.6670588235294118 0.5860692102928128 0.15764705882352942 0.018633540372670808
1 0.6758823529411765 0.6069210292812778 0.1988235294117647 0.015971606033717833