0 0.5 0.053832116788321165 0.6423529411764706 0.016423357664233577
0 0.5 0.12682481751824817 0.28352941176470586 0.016423357664233577
2 0.10529411764705883 0.20985401459854014 0.09294117647058824 0.01824817518248175
2 0.11352941176470588 0.2531934306569343 0.10941176470588235 0.013686131386861315
2 0.1411764705882353 0.30155109489051096 0.16470588235294117 0.01916058394160584
2 0.10529411764705883 0.3467153284671533 0.09294117647058824 0.01824817518248175
2 0.54 0.3471715328467153 0.16470588235294117 0.01916058394160584
2 0.08294117647058824 0.39233576642335766 0.04823529411764706 0.01824817518248175
2 0.4547058823529412 0.3905109489051095 0.08352941176470588 0.014598540145985401
2 0.08294117647058824 0.43795620437956206 0.04823529411764706 0.01824817518248175
2 0.10882352941176471 0.5 0.1 0.014598540145985401
4 0.24705882352941178 0.5063868613138686 0.023529411764705882 0.01824817518248175
2 0.29705882352941176 0.49954379562043794 0.052941176470588235 0.013686131386861315
4 0.4235294117647059 0.5063868613138686 0.023529411764705882 0.01824817518248175
2 0.46352941176470586 0.49954379562043794 0.03294117647058824 0.013686131386861315
1 0.2605882352941176 0.5556569343065694 0.40352941176470586 0.016423357664233577
2 0.6670588235294118 0.6026459854014599 0.15764705882352942 0.01916058394160584
1 0.6758823529411765 0.6240875912408759 0.1988235294117647 0.016423357664233577