0 0.5 0.05888223552894212 0.6423529411764706 0.017964071856287425
0 0.5 0.13822355289421157 0.24941176470588236 0.016966067864271458
2 0.08294117647058824 0.22954091816367264 0.04823529411764706 0.01996007984031936
3 0.14176470588235293 0.2275449101796407 0.03411764705882353 0.015968063872255488
2 0.10529411764705883 0.27944111776447106 0.09294117647058824 0.01996007984031936
3 0.1864705882352941 0.2774451097804391 0.03411764705882353 0.015968063872255488
2 0.11352941176470588 0.3268463073852295 0.10941176470588235 0.014970059880239521
3 0.2388235294117647 0.3278443113772455 0.10588235294117647 0.016966067864271458
2 0.5288235294117647 0.3268463073852295 0.10941176470588235 0.014970059880239521
3 0.711764705882353 0.32984031936127745 0.2211764705882353 0.020958083832335328
2 0.09294117647058824 0.37974051896207583 0.06823529411764706 0.020958083832335328
3 0.16823529411764707 0.37974051896207583 0.047058823529411764 0.020958083832335328
2 0.10882352941176471 0.4471057884231537 0.1 0.015968063872255488
4 0.24705882352941178 0.4540918163672655 0.023529411764705882 0.01996007984031936
2 0.29705882352941176 0.4466067864271457 0.052941176470588235 0.014970059880239521
5 0.4235294117647059 0.4540918163672655 0.023529411764705882 0.01996007984031936
2 0.46352941176470586 0.4466067864271457 0.03294117647058824 0.014970059880239521
1 0.2605882352941176 0.5079840319361277 0.40352941176470586 0.017964071856287425
2 0.6670588235294118 0.5593812375249501 0.15764705882352942 0.020958083832335328
1 0.6758823529411765 0.5828343313373253 0.1988235294117647 0.017964071856287425