0 0.5 0.053783044667274384 0.6423529411764706 0.016408386508659983
0 0.5 0.12625341841385598 0.24941176470588236 0.015496809480401094
2 0.11294117647058824 0.2096627164995442 0.10823529411764705 0.018231540565177756
3 0.19941176470588234 0.21011850501367366 0.029411764705882353 0.019143117593436645
2 0.08294117647058824 0.2552415679124886 0.04823529411764706 0.018231540565177756
3 0.14176470588235293 0.2534184138559708 0.03411764705882353 0.014585232452142206
2 0.4547058823529412 0.2534184138559708 0.08352941176470588 0.014585232452142206
3 0.5435294117647059 0.2538742023701003 0.058823529411764705 0.015496809480401094
2 0.09294117647058824 0.30127620783956244 0.06823529411764706 0.019143117593436645
3 0.18 0.30127620783956244 0.07058823529411765 0.019143117593436645
2 0.09058823529411765 0.3441203281677302 0.06352941176470588 0.013673655423883319
3 0.16294117647058823 0.3445761166818596 0.04588235294117647 0.014585232452142206
2 0.10058823529411764 0.390154968094804 0.08352941176470588 0.014585232452142206
3 0.18352941176470589 0.39243391066545125 0.047058823529411764 0.019143117593436645
2 0.10058823529411764 0.4357338195077484 0.08352941176470588 0.014585232452142206
3 0.18823529411764706 0.43618960802187784 0.05647058823529412 0.015496809480401094
2 0.48 0.43527803099361895 0.06352941176470588 0.013673655423883319
3 0.5523529411764706 0.4357338195077484 0.04588235294117647 0.014585232452142206
2 0.10882352941176471 0.4995442114858706 0.1 0.014585232452142206
4 0.24705882352941178 0.5059252506836828 0.023529411764705882 0.018231540565177756
2 0.29705882352941176 0.4990884229717411 0.052941176470588235 0.013673655423883319
5 0.4235294117647059 0.5059252506836828 0.023529411764705882 0.018231540565177756
2 0.46352941176470586 0.4990884229717411 0.03294117647058824 0.013673655423883319
1 0.2605882352941176 0.5551504102096627 0.40352941176470586 0.016408386508659983
2 0.6670588235294118 0.6020966271649955 0.15764705882352942 0.019143117593436645
1 0.6758823529411765 0.6235186873290793 0.1988235294117647 0.016408386508659983