0 0.5 0.05368516833484986 0.6423529411764706 0.01637852593266606
0 0.5 0.1264786169244768 0.30470588235294116 0.01637852593266606
2 0.10529411764705883 0.20928116469517744 0.09294117647058824 0.018198362147406732
2 0.49176470588235294 0.2097361237488626 0.06823529411764706 0.01910828025477707
3 0.5676470588235294 0.2097361237488626 0.04823529411764706 0.01910828025477707
2 0.11294117647058824 0.25477707006369427 0.10823529411764705 0.018198362147406732
2 0.5270588235294118 0.25477707006369427 0.10823529411764705 0.018198362147406732
2 0.1411764705882353 0.30072793448589624 0.16470588235294117 0.01910828025477707
3 0.26529411764705885 0.30072793448589624 0.04823529411764706 0.01910828025477707
2 0.09058823529411765 0.3434940855323021 0.06352941176470588 0.01364877161055505
2 0.08294117647058824 0.39126478616924476 0.04823529411764706 0.018198362147406732
3 0.14529411764705882 0.38989990900818927 0.041176470588235294 0.015468607825295723
2 0.4547058823529412 0.38944494995450407 0.08352941176470588 0.014558689717925387
2 0.09058823529411765 0.43448589626933576 0.06352941176470588 0.01364877161055505
3 0.16588235294117648 0.4353958143767061 0.05176470588235294 0.015468607825295723
2 0.10882352941176471 0.4986351228389445 0.1 0.014558689717925387
4 0.24705882352941178 0.5050045495905369 0.023529411764705882 0.018198362147406732
2 0.29705882352941176 0.4981801637852593 0.052941176470588235 0.01364877161055505
5 0.4235294117647059 0.5050045495905369 0.023529411764705882 0.018198362147406732
2 0.46352941176470586 0.4981801637852593 0.03294117647058824 0.01364877161055505
1 0.2605882352941176 0.554140127388535 0.40352941176470586 0.01637852593266606
2 0.6670588235294118 0.6010009099181074 0.15764705882352942 0.01910828025477707
1 0.6758823529411765 0.6223839854413102 0.1988235294117647 0.01637852593266606