0 0.5 0.049663299663299666 0.6423529411764706 0.015151515151515152
0 0.5 0.117003367003367 0.28352941176470586 0.015151515151515152
2 0.08294117647058824 0.1936026936026936 0.04823529411764706 0.016835016835016835
3 0.15058823529411763 0.19234006734006734 0.05176470588235294 0.01430976430976431
2 0.49529411764705883 0.19402356902356901 0.16470588235294117 0.017676767676767676
2 0.11352941176470588 0.2335858585858586 0.10941176470588235 0.012626262626262626
2 0.11294117647058824 0.2777777777777778 0.10823529411764705 0.016835016835016835
2 0.10058823529411764 0.3181818181818182 0.08352941176470588 0.013468013468013467
2 0.10882352941176471 0.3771043771043771 0.1 0.013468013468013467
5 0.24705882352941178 0.382996632996633 0.023529411764705882 0.016835016835016835
2 0.29705882352941176 0.3766835016835017 0.052941176470588235 0.012626262626262626
4 0.4235294117647059 0.382996632996633 0.023529411764705882 0.016835016835016835
2 0.46352941176470586 0.3766835016835017 0.03294117647058824 0.012626262626262626
1 0.2605882352941176 0.42845117845117847 0.40352941176470586 0.015151515151515152
2 0.6670588235294118 0.4718013468013468 0.15764705882352942 0.017676767676767676
1 0.6758823529411765 0.49158249158249157 0.1988235294117647 0.015151515151515152