0 0.5 0.05094991364421416 0.6423529411764706 0.015544041450777202
0 0.5 0.12003454231433507 0.30470588235294116 0.015544041450777202
2 0.09294117647058824 0.19905008635578583 0.06823529411764706 0.018134715025906734
3 0.17941176470588235 0.19905008635578583 0.06941176470588235 0.018134715025906734
2 0.08294117647058824 0.24179620034542315 0.04823529411764706 0.017271157167530225
3 0.14705882352941177 0.24050086355785838 0.04470588235294118 0.01468048359240069
2 0.08294117647058824 0.2849740932642487 0.04823529411764706 0.017271157167530225
3 0.16 0.28540587219343694 0.07058823529411765 0.018134715025906734
2 0.11352941176470588 0.32599309153713296 0.10941176470588235 0.012953367875647668
3 0.2541176470588235 0.33074265975820377 0.13647058823529412 0.022452504317789293
2 0.508235294117647 0.3285837651122625 0.06823529411764706 0.018134715025906734
3 0.5970588235294118 0.3290155440414508 0.07411764705882352 0.018998272884283247
2 0.08294117647058824 0.37132987910189985 0.04823529411764706 0.017271157167530225
3 0.14823529411764705 0.37176165803108807 0.047058823529411764 0.018134715025906734
2 0.10882352941176471 0.43005181347150256 0.1 0.013816925734024179
4 0.24705882352941178 0.43609671848013815 0.023529411764705882 0.017271157167530225
2 0.29705882352941176 0.42962003454231434 0.052941176470588235 0.012953367875647668
5 0.4235294117647059 0.43609671848013815 0.023529411764705882 0.017271157167530225
2 0.46352941176470586 0.42962003454231434 0.03294117647058824 0.012953367875647668
1 0.2605882352941176 0.48272884283246975 0.40352941176470586 0.015544041450777202
2 0.6670588235294118 0.5272020725388601 0.15764705882352942 0.018134715025906734
1 0.6758823529411765 0.5474956822107081 0.1988235294117647 0.015544041450777202