0 0.5 0.05673076923076923 0.6423529411764706 0.01730769230769231
0 0.5 0.13365384615384615 0.30470588235294116 0.01730769230769231
2 0.09058823529411765 0.21875 0.06352941176470588 0.014423076923076924
2 0.09058823529411765 0.2668269230769231 0.06352941176470588 0.014423076923076924
3 0.1635294117647059 0.26778846153846153 0.047058823529411764 0.016346153846153847
2 0.46 0.2668269230769231 0.06352941176470588 0.014423076923076924
3 0.5258823529411765 0.2673076923076923 0.03294117647058824 0.015384615384615385
2 0.08294117647058824 0.3173076923076923 0.04823529411764706 0.019230769230769232
3 0.14470588235294118 0.3158653846153846 0.04 0.016346153846153847
2 0.4447058823529412 0.31490384615384615 0.06352941176470588 0.014423076923076924
3 0.5188235294117647 0.3153846153846154 0.04941176470588235 0.015384615384615385
2 0.11294117647058824 0.36538461538461536 0.10823529411764705 0.019230769230769232
2 0.4970588235294118 0.36538461538461536 0.04823529411764706 0.019230769230769232
3 0.5647058823529412 0.3639423076923077 0.05176470588235294 0.016346153846153847
2 0.09294117647058824 0.41394230769230766 0.06823529411764706 0.020192307692307693
2 0.09294117647058824 0.4620192307692308 0.06823529411764706 0.020192307692307693
3 0.16705882352941176 0.4596153846153846 0.04470588235294118 0.015384615384615385
2 0.10882352941176471 0.5269230769230769 0.1 0.015384615384615385
4 0.24705882352941178 0.5336538461538461 0.023529411764705882 0.019230769230769232
2 0.29705882352941176 0.5264423076923077 0.052941176470588235 0.014423076923076924
5 0.4235294117647059 0.5336538461538461 0.023529411764705882 0.019230769230769232
2 0.46352941176470586 0.5264423076923077 0.03294117647058824 0.014423076923076924
1 0.2605882352941176 0.5855769230769231 0.40352941176470586 0.01730769230769231
2 0.6670588235294118 0.6350961538461538 0.15764705882352942 0.020192307692307693
1 0.6758823529411765 0.6576923076923077 0.1988235294117647 0.01730769230769231