0 0.5 0.055503292568203196 0.6423529411764706 0.016933207902163686
0 0.5 0.13029162746942616 0.24941176470588236 0.01599247412982126
2 0.10058823529411764 0.21448730009407338 0.08352941176470588 0.015051740357478834
3 0.17647058823529413 0.21448730009407338 0.03294117647058824 0.015051740357478834
2 0.49470588235294116 0.21636876763875823 0.09294117647058824 0.01881467544684854
3 0.5941176470588235 0.21919096895578552 0.07058823529411765 0.024459078080903106
2 0.10058823529411764 0.26152398871119475 0.08352941176470588 0.015051740357478834
3 0.19058823529411764 0.2638758231420508 0.0611764705882353 0.01975540921919097
2 0.1411764705882353 0.31091251175917217 0.16470588235294117 0.01975540921919097
3 0.27176470588235296 0.31091251175917217 0.0611764705882353 0.01975540921919097
2 0.5835294117647059 0.3104421448730009 0.10823529411764705 0.01881467544684854
3 0.6794117647058824 0.31091251175917217 0.04823529411764706 0.01975540921919097
2 0.11294117647058824 0.35747883349012227 0.10823529411764705 0.01881467544684854
3 0.20823529411764705 0.35606773283160864 0.047058823529411764 0.01599247412982126
2 0.10882352941176471 0.42144873000940736 0.1 0.015051740357478834
5 0.24705882352941178 0.4280338664158043 0.023529411764705882 0.01881467544684854
2 0.29705882352941176 0.4209783631232361 0.052941176470588235 0.014111006585136407
4 0.4235294117647059 0.4280338664158043 0.023529411764705882 0.01881467544684854
2 0.46352941176470586 0.4209783631232361 0.03294117647058824 0.014111006585136407
1 0.2605882352941176 0.47883349012229537 0.40352941176470586 0.016933207902163686
2 0.6670588235294118 0.5272812793979303 0.15764705882352942 0.01975540921919097
1 0.6758823529411765 0.5493885230479775 0.1988235294117647 0.016933207902163686