0 0.5 0.050556983718937444 0.6423529411764706 0.015424164524421594
0 0.5 0.11910882604970009 0.30470588235294116 0.015424164524421594
2 0.09058823529411765 0.19494430162810625 0.06352941176470588 0.012853470437017995
2 0.11352941176470588 0.2377892030848329 0.10941176470588235 0.012853470437017995
3 0.23176470588235293 0.23864610111396745 0.09176470588235294 0.01456726649528706
2 0.5158823529411765 0.23821765209940018 0.08352941176470588 0.013710368466152529
2 0.10058823529411764 0.2810625535561268 0.08352941176470588 0.013710368466152529
2 0.09294117647058824 0.3260497000856898 0.06823529411764706 0.017994858611825194
3 0.17529411764705882 0.3260497000856898 0.0611764705882353 0.017994858611825194
2 0.5152941176470588 0.3260497000856898 0.16470588235294117 0.017994858611825194
2 0.10882352941176471 0.3838903170522708 0.1 0.013710368466152529
4 0.24705882352941178 0.3898886032562125 0.023529411764705882 0.01713796058269066
2 0.29705882352941176 0.3834618680377035 0.052941176470588235 0.012853470437017995
5 0.4235294117647059 0.3898886032562125 0.023529411764705882 0.01713796058269066
2 0.46352941176470586 0.3834618680377035 0.03294117647058824 0.012853470437017995
1 0.2605882352941176 0.4361610968294773 0.40352941176470586 0.015424164524421594
2 0.6670588235294118 0.48029134532990575 0.15764705882352942 0.017994858611825194
1 0.6758823529411765 0.5004284490145673 0.1988235294117647 0.015424164524421594