0 0.5 0.051215277777777776 0.6423529411764706 0.015625
0 0.5 0.12022569444444445 0.24941176470588236 0.014756944444444444
2 0.08294117647058824 0.1996527777777778 0.04823529411764706 0.017361111111111112
3 0.15058823529411763 0.19835069444444445 0.05176470588235294 0.014756944444444444
2 0.09058823529411765 0.24088541666666666 0.06352941176470588 0.013020833333333334
3 0.1635294117647059 0.24348958333333334 0.047058823529411764 0.018229166666666668
2 0.46 0.24088541666666666 0.06352941176470588 0.013020833333333334
3 0.5441176470588235 0.24348958333333334 0.06941176470588235 0.018229166666666668
2 0.10529411764705883 0.2864583333333333 0.09294117647058824 0.017361111111111112
3 0.2 0.2868923611111111 0.0611764705882353 0.018229166666666668
2 0.1411764705882353 0.3302951388888889 0.16470588235294117 0.018229166666666668
3 0.27176470588235296 0.3302951388888889 0.0611764705882353 0.018229166666666668
2 0.11352941176470588 0.37109375 0.10941176470588235 0.013020833333333334
3 0.2964705882352941 0.3758680555555556 0.2211764705882353 0.022569444444444444
2 0.11352941176470588 0.4144965277777778 0.10941176470588235 0.013020833333333334
3 0.26823529411764707 0.4153645833333333 0.16470588235294117 0.014756944444444444
2 0.5205882352941177 0.4166666666666667 0.09294117647058824 0.017361111111111112
3 0.6241176470588236 0.4175347222222222 0.07882352941176471 0.019097222222222224
2 0.10882352941176471 0.4756944444444444 0.1 0.013888888888888888
5 0.24705882352941178 0.4817708333333333 0.023529411764705882 0.017361111111111112
2 0.29705882352941176 0.4752604166666667 0.052941176470588235 0.013020833333333334
4 0.4235294117647059 0.4817708333333333 0.023529411764705882 0.017361111111111112
2 0.46352941176470586 0.4752604166666667 0.03294117647058824 0.013020833333333334
1 0.2605882352941176 0.5286458333333334 0.40352941176470586 0.015625
2 0.6670588235294118 0.5733506944444444 0.15764705882352942 0.018229166666666668
1 0.6758823529411765 0.59375 0.1988235294117647 0.015625