0 0.5 0.04945515507124895 0.6423529411764706 0.015088013411567477
0 0.5 0.1165129924559933 0.28352941176470586 0.015088013411567477
2 0.09294117647058824 0.19321039396479464 0.06823529411764706 0.01760268231349539
2 0.11352941176470588 0.23260687342833195 0.10941176470588235 0.012573344509639563
2 0.11352941176470588 0.27451802179379714 0.10941176470588235 0.012573344509639563
2 0.11294117647058824 0.31852472757753564 0.10823529411764705 0.016764459346186086
2 0.4970588235294118 0.31852472757753564 0.04823529411764706 0.016764459346186086
2 0.1411764705882353 0.3608549874266555 0.16470588235294117 0.01760268231349539
2 0.1411764705882353 0.4027661357921207 0.16470588235294117 0.01760268231349539
2 0.5535294117647059 0.40234702430846603 0.04823529411764706 0.016764459346186086
2 0.10882352941176471 0.45934618608549876 0.1 0.013411567476948869
4 0.24705882352941178 0.4652137468566639 0.023529411764705882 0.016764459346186086
2 0.29705882352941176 0.45892707460184406 0.052941176470588235 0.012573344509639563
4 0.4235294117647059 0.4652137468566639 0.023529411764705882 0.016764459346186086
2 0.46352941176470586 0.45892707460184406 0.03294117647058824 0.012573344509639563
1 0.2605882352941176 0.5104777870913663 0.40352941176470586 0.015088013411567477
2 0.6670588235294118 0.5536462699077954 0.15764705882352942 0.01760268231349539
1 0.6758823529411765 0.5733445096395641 0.1988235294117647 0.015088013411567477