0 0.5 0.05012744265080714 0.6423529411764706 0.015293118096856415
0 0.5 0.11809685641461343 0.28352941176470586 0.015293118096856415
2 0.08294117647058824 0.19541206457094307 0.04823529411764706 0.016992353440951572
3 0.14176470588235293 0.1949872557349193 0.03411764705882353 0.016142735768903994
2 0.09058823529411765 0.23576890399320305 0.06352941176470588 0.012744265080713678
3 0.1635294117647059 0.2383177570093458 0.047058823529411764 0.01784197111299915
2 0.10529411764705883 0.2803738317757009 0.09294117647058824 0.016992353440951572
3 0.1888235294117647 0.2803738317757009 0.03882352941176471 0.016992353440951572
2 0.4894117647058824 0.278249787595582 0.06352941176470588 0.012744265080713678
3 0.5682352941176471 0.2812234494477485 0.058823529411764705 0.018691588785046728
2 0.11294117647058824 0.32285471537807986 0.10823529411764705 0.016992353440951572
3 0.21411764705882352 0.32370433305012747 0.058823529411764705 0.018691588785046728
2 0.5552941176470588 0.32327952421410366 0.16470588235294117 0.01784197111299915
3 0.6776470588235294 0.3215802888700085 0.04470588235294118 0.014443500424808835
2 0.08294117647058824 0.3653355989804588 0.04823529411764706 0.016992353440951572
3 0.14705882352941177 0.36576040781648256 0.04470588235294118 0.01784197111299915
2 0.1411764705882353 0.4082412914188615 0.16470588235294117 0.01784197111299915
3 0.27294117647058824 0.40739167374681395 0.06352941176470588 0.016142735768903994
2 0.10882352941176471 0.46559048428207306 0.1 0.013593882752761258
4 0.24705882352941178 0.4715378079864061 0.023529411764705882 0.016992353440951572
2 0.29705882352941176 0.46516567544604925 0.052941176470588235 0.012744265080713678
5 0.4235294117647059 0.4715378079864061 0.023529411764705882 0.016992353440951572
2 0.46352941176470586 0.46516567544604925 0.03294117647058824 0.012744265080713678
1 0.2605882352941176 0.5174171622769753 0.40352941176470586 0.015293118096856415
2 0.6670588235294118 0.5611724723874256 0.15764705882352942 0.01784197111299915
1 0.6758823529411765 0.5811384876805438 0.1988235294117647 0.015293118096856415