0 0.5 0.05427782888684453 0.6423529411764706 0.01655933762649494
0 0.5 0.12741490340386386 0.23294117647058823 0.015639374425023
2 0.08294117647058824 0.21159153633854647 0.04823529411764706 0.01839926402943882
2 0.09058823529411765 0.25528978840846367 0.06352941176470588 0.013799448022079117
3 0.1564705882352941 0.25574977000919963 0.03294117647058824 0.014719411223551058
2 0.1411764705882353 0.30404783808647656 0.16470588235294117 0.019319227230910764
2 0.11294117647058824 0.34958601655933763 0.10823529411764705 0.01839926402943882
2 0.11294117647058824 0.39558417663293466 0.10823529411764705 0.01839926402943882
3 0.2164705882352941 0.3951241950321987 0.06352941176470588 0.017479300827966882
2 0.5070588235294118 0.3960441582336707 0.06823529411764706 0.019319227230910764
3 0.5782352941176471 0.39558417663293466 0.03882352941176471 0.01839926402943882
2 0.10882352941176471 0.45814167433302666 0.1 0.014719411223551058
5 0.24705882352941178 0.46458141674333026 0.023529411764705882 0.01839926402943882
2 0.29705882352941176 0.4576816927322907 0.052941176470588235 0.013799448022079117
4 0.4235294117647059 0.46458141674333026 0.023529411764705882 0.01839926402943882
2 0.46352941176470586 0.4576816927322907 0.03294117647058824 0.013799448022079117
1 0.2605882352941176 0.5142594296228151 0.40352941176470586 0.01655933762649494
2 0.6670588235294118 0.5616375344986201 0.15764705882352942 0.019319227230910764
1 0.6758823529411765 0.5832566697332107 0.1988235294117647 0.01655933762649494