0 0.5 0.057729941291585124 0.6423529411764706 0.01761252446183953
0 0.5 0.1360078277886497 0.28352941176470586 0.01761252446183953
2 0.09058823529411765 0.2226027397260274 0.06352941176470588 0.014677103718199608
3 0.15941176470588236 0.22504892367906065 0.03882352941176471 0.019569471624266144
2 0.11294117647058824 0.273972602739726 0.10823529411764705 0.019569471624266144
3 0.20823529411764705 0.2744618395303327 0.047058823529411764 0.02054794520547945
2 0.5070588235294118 0.2744618395303327 0.06823529411764706 0.02054794520547945
3 0.5894117647058823 0.2744618395303327 0.0611764705882353 0.02054794520547945
2 0.1411764705882353 0.32338551859099807 0.16470588235294117 0.02054794520547945
3 0.26529411764705885 0.32093933463796476 0.04823529411764706 0.015655577299412915
2 0.5535294117647059 0.32289628180039137 0.04823529411764706 0.019569471624266144
3 0.611764705882353 0.32338551859099807 0.03294117647058824 0.02054794520547945
2 0.11294117647058824 0.37181996086105673 0.10823529411764705 0.019569471624266144
3 0.20411764705882354 0.37181996086105673 0.03882352941176471 0.019569471624266144
2 0.4970588235294118 0.37181996086105673 0.04823529411764706 0.019569471624266144
3 0.5682352941176471 0.37279843444227007 0.058823529411764705 0.021526418786692758
2 0.09294117647058824 0.4212328767123288 0.06823529411764706 0.02054794520547945
3 0.16117647058823528 0.4212328767123288 0.03294117647058824 0.02054794520547945
2 0.11352941176470588 0.4672211350293542 0.10941176470588235 0.014677103718199608
3 0.2635294117647059 0.4706457925636008 0.15529411764705883 0.021526418786692758
2 0.5288235294117647 0.4672211350293542 0.10941176470588235 0.014677103718199608
3 0.6841176470588235 0.46966731898238745 0.16588235294117648 0.019569471624266144
2 0.10882352941176471 0.5362035225048923 0.1 0.015655577299412915
4 0.24705882352941178 0.5430528375733855 0.023529411764705882 0.019569471624266144
2 0.29705882352941176 0.5357142857142857 0.052941176470588235 0.014677103718199608
5 0.4235294117647059 0.5430528375733855 0.023529411764705882 0.019569471624266144
2 0.46352941176470586 0.5357142857142857 0.03294117647058824 0.014677103718199608
1 0.2605882352941176 0.5958904109589042 0.40352941176470586 0.01761252446183953
2 0.6670588235294118 0.6462818003913894 0.15764705882352942 0.02054794520547945
1 0.6758823529411765 0.6692759295499021 0.1988235294117647 0.01761252446183953