0 0.5 0.05349048050770626 0.6423529411764706 0.016319129646418858
0 0.5 0.1255666364460562 0.24941176470588236 0.015412511332728921
2 0.11352941176470588 0.20625566636446055 0.10941176470588235 0.013599274705349048
3 0.26941176470588235 0.20897552130553038 0.16705882352941176 0.019038984587488667
2 0.11294117647058824 0.25385312783318226 0.10823529411764705 0.01813236627379873
3 0.20941176470588235 0.25203989120580234 0.04941176470588235 0.014505893019038985
2 0.11294117647058824 0.2991840435176791 0.10823529411764705 0.01813236627379873
3 0.20411764705882354 0.2991840435176791 0.03882352941176471 0.01813236627379873
2 0.1411764705882353 0.34496826835902084 0.16470588235294117 0.019038984587488667
3 0.26705882352941174 0.34315503173164097 0.05176470588235294 0.015412511332728921
2 0.5635294117647058 0.34496826835902084 0.06823529411764706 0.019038984587488667
3 0.6341176470588236 0.34270172257479603 0.03764705882352941 0.014505893019038985
2 0.08294117647058824 0.3898458748866727 0.04823529411764706 0.01813236627379873
3 0.15529411764705883 0.3884859474161378 0.0611764705882353 0.015412511332728921
2 0.45941176470588235 0.3898458748866727 0.09294117647058824 0.01813236627379873
3 0.5476470588235294 0.39029918404351766 0.04823529411764706 0.019038984587488667
2 0.1411764705882353 0.43563009972801453 0.16470588235294117 0.019038984587488667
3 0.2611764705882353 0.4338168631006346 0.04 0.015412511332728921
2 0.10882352941176471 0.4968268359020852 0.1 0.014505893019038985
5 0.24705882352941178 0.5031731640979148 0.023529411764705882 0.01813236627379873
2 0.29705882352941176 0.49637352674524027 0.052941176470588235 0.013599274705349048
4 0.4235294117647059 0.5031731640979148 0.023529411764705882 0.01813236627379873
2 0.46352941176470586 0.49637352674524027 0.03294117647058824 0.013599274705349048
1 0.2605882352941176 0.5521305530371714 0.40352941176470586 0.016319129646418858
2 0.6670588235294118 0.5988213961922031 0.15764705882352942 0.019038984587488667
1 0.6758823529411765 0.6201269265639165 0.1988235294117647 0.016319129646418858