0 0.5 0.0545790934320074 0.6423529411764706 0.016651248843663275
0 0.5 0.12858464384828863 0.30470588235294116 0.016651248843663275
2 0.09058823529411765 0.21045328399629973 0.06352941176470588 0.013876040703052728
3 0.16117647058823528 0.21137835337650324 0.042352941176470586 0.01572617946345976
2 0.11352941176470588 0.2567067530064755 0.10941176470588235 0.013876040703052728
3 0.2811764705882353 0.26179463459759483 0.19058823529411764 0.024051803885291396
2 0.11352941176470588 0.30296022201665124 0.10941176470588235 0.013876040703052728
2 0.5058823529411764 0.30296022201665124 0.06352941176470588 0.013876040703052728
3 0.58 0.303422756706753 0.04941176470588235 0.014801110083256245
2 0.1411764705882353 0.3519888991674376 0.16470588235294117 0.01942645698427382
2 0.5535294117647059 0.3515263644773358 0.04823529411764706 0.018501387604070305
3 0.6176470588235294 0.3519888991674376 0.04470588235294118 0.01942645698427382
2 0.10529411764705883 0.39777983348751156 0.09294117647058824 0.018501387604070305
2 0.5123529411764706 0.3954671600370028 0.10941176470588235 0.013876040703052728
2 0.10882352941176471 0.4606845513413506 0.1 0.014801110083256245
5 0.24705882352941178 0.4671600370027752 0.023529411764705882 0.018501387604070305
2 0.29705882352941176 0.46022201665124884 0.052941176470588235 0.013876040703052728
4 0.4235294117647059 0.4671600370027752 0.023529411764705882 0.018501387604070305
2 0.46352941176470586 0.46022201665124884 0.03294117647058824 0.013876040703052728
1 0.2605882352941176 0.517113783533765 0.40352941176470586 0.016651248843663275
2 0.6670588235294118 0.5647548566142461 0.15764705882352942 0.01942645698427382
1 0.6758823529411765 0.5864939870490287 0.1988235294117647 0.016651248843663275