0 0.5 0.05566037735849057 0.6423529411764706 0.016981132075471698
0 0.5 0.13066037735849056 0.24941176470588236 0.016037735849056604
2 0.09294117647058824 0.21745283018867925 0.06823529411764706 0.01981132075471698
3 0.16117647058823528 0.21745283018867925 0.03294117647058824 0.01981132075471698
2 0.47941176470588237 0.2169811320754717 0.09294117647058824 0.018867924528301886
3 0.56 0.21745283018867925 0.03294117647058824 0.01981132075471698
2 0.10529411764705883 0.2641509433962264 0.09294117647058824 0.018867924528301886
3 0.20411764705882354 0.264622641509434 0.06941176470588235 0.01981132075471698
2 0.10058823529411764 0.30943396226415093 0.08352941176470588 0.01509433962264151
3 0.19470588235294117 0.3117924528301887 0.06941176470588235 0.01981132075471698
2 0.08294117647058824 0.3584905660377358 0.04823529411764706 0.018867924528301886
3 0.15411764705882353 0.3570754716981132 0.058823529411764705 0.016037735849056604
2 0.1411764705882353 0.4061320754716981 0.16470588235294117 0.01981132075471698
3 0.2564705882352941 0.4037735849056604 0.03058823529411765 0.01509433962264151
2 0.10882352941176471 0.469811320754717 0.1 0.01509433962264151
5 0.24705882352941178 0.47641509433962265 0.023529411764705882 0.018867924528301886
2 0.29705882352941176 0.4693396226415094 0.052941176470588235 0.014150943396226415
4 0.4235294117647059 0.47641509433962265 0.023529411764705882 0.018867924528301886
2 0.46352941176470586 0.4693396226415094 0.03294117647058824 0.014150943396226415
1 0.2605882352941176 0.5273584905660378 0.40352941176470586 0.016981132075471698
2 0.6670588235294118 0.5759433962264151 0.15764705882352942 0.01981132075471698
1 0.6758823529411765 0.5981132075471698 0.1988235294117647 0.016981132075471698