0 0.5 0.0544280442804428 0.6423529411764706 0.016605166051660517
0 0.5 0.12776752767527674 0.24941176470588236 0.015682656826568265
2 0.1411764705882353 0.21263837638376384 0.16470588235294117 0.01937269372693727
3 0.27176470588235296 0.21079335793357934 0.0611764705882353 0.015682656826568265
2 0.1411764705882353 0.2587638376383764 0.16470588235294117 0.01937269372693727
3 0.26588235294117646 0.2564575645756458 0.04941176470588235 0.014760147601476014
2 0.5841176470588235 0.25599630996309963 0.10941176470588235 0.013837638376383764
3 0.7523529411764706 0.261070110701107 0.19176470588235295 0.023985239852398525
2 0.08294117647058824 0.3044280442804428 0.04823529411764706 0.01845018450184502
3 0.15529411764705883 0.30488929889298894 0.0611764705882353 0.01937269372693727
2 0.1411764705882353 0.35101476014760147 0.16470588235294117 0.01937269372693727
3 0.27294117647058824 0.35009225092250923 0.06352941176470588 0.017527675276752766
2 0.5635294117647058 0.35101476014760147 0.06823529411764706 0.01937269372693727
3 0.6458823529411765 0.35101476014760147 0.0611764705882353 0.01937269372693727
2 0.09294117647058824 0.397140221402214 0.06823529411764706 0.01937269372693727
3 0.16117647058823528 0.3948339483394834 0.03294117647058824 0.014760147601476014
2 0.10882352941176471 0.45940959409594095 0.1 0.014760147601476014
5 0.24705882352941178 0.46586715867158673 0.023529411764705882 0.01845018450184502
2 0.29705882352941176 0.4589483394833948 0.052941176470588235 0.013837638376383764
4 0.4235294117647059 0.46586715867158673 0.023529411764705882 0.01845018450184502
2 0.46352941176470586 0.4589483394833948 0.03294117647058824 0.013837638376383764
1 0.2605882352941176 0.5156826568265682 0.40352941176470586 0.016605166051660517
2 0.6670588235294118 0.5631918819188192 0.15764705882352942 0.01937269372693727
1 0.6758823529411765 0.584870848708487 0.1988235294117647 0.016605166051660517