0 0.5 0.04945515507124895 0.6423529411764706 0.015088013411567477
0 0.5 0.11609388097233864 0.23294117647058823 0.014249790444258172
2 0.10058823529411764 0.19111483654652137 0.08352941176470588 0.013411567476948869
3 0.18294117647058825 0.19111483654652137 0.04588235294117647 0.013411567476948869
2 0.48 0.19069572506286672 0.06352941176470588 0.012573344509639563
3 0.55 0.19153394803017604 0.041176470588235294 0.014249790444258172
2 0.11352941176470588 0.23260687342833195 0.10941176470588235 0.012573344509639563
3 0.2647058823529412 0.2372170997485331 0.15764705882352942 0.02179379715004191
2 0.5288235294117647 0.23260687342833195 0.10941176470588235 0.012573344509639563
3 0.6717647058823529 0.2355406538139145 0.1411764705882353 0.018440905280804692
2 0.11352941176470588 0.27451802179379714 0.10941176470588235 0.012573344509639563
3 0.2564705882352941 0.27912824811399833 0.1411764705882353 0.02179379715004191
2 0.528235294117647 0.2766135792120704 0.10823529411764705 0.016764459346186086
3 0.6235294117647059 0.27703269069572506 0.047058823529411764 0.01760268231349539
2 0.1411764705882353 0.3189438390611903 0.16470588235294117 0.01760268231349539
3 0.26705882352941174 0.31726739312657165 0.05176470588235294 0.014249790444258172
2 0.10882352941176471 0.3755238893545683 0.1 0.013411567476948869
5 0.24705882352941178 0.38139145012573344 0.023529411764705882 0.016764459346186086
2 0.29705882352941176 0.3751047778709137 0.052941176470588235 0.012573344509639563
4 0.4235294117647059 0.38139145012573344 0.023529411764705882 0.016764459346186086
2 0.46352941176470586 0.3751047778709137 0.03294117647058824 0.012573344509639563
1 0.2605882352941176 0.4266554903604359 0.40352941176470586 0.015088013411567477
2 0.6670588235294118 0.46982397317686503 0.15764705882352942 0.01760268231349539
1 0.6758823529411765 0.4895222129086337 0.1988235294117647 0.015088013411567477