0 0.5 0.05422794117647059 0.6423529411764706 0.016544117647058824
0 0.5 0.12729779411764705 0.23294117647058823 0.015625
2 0.08294117647058824 0.2113970588235294 0.04823529411764706 0.01838235294117647
3 0.14352941176470588 0.20955882352941177 0.03764705882352941 0.014705882352941176
2 0.11294117647058824 0.25735294117647056 0.10823529411764705 0.01838235294117647
2 0.09294117647058824 0.3037683823529412 0.06823529411764706 0.019301470588235295
3 0.16470588235294117 0.30193014705882354 0.04 0.015625
2 0.1411764705882353 0.34972426470588236 0.16470588235294117 0.019301470588235295
2 0.611764705882353 0.34972426470588236 0.16470588235294117 0.019301470588235295
2 0.10882352941176471 0.4117647058823529 0.1 0.014705882352941176
5 0.24705882352941178 0.4181985294117647 0.023529411764705882 0.01838235294117647
2 0.29705882352941176 0.41130514705882354 0.052941176470588235 0.013786764705882353
4 0.4235294117647059 0.4181985294117647 0.023529411764705882 0.01838235294117647
2 0.46352941176470586 0.41130514705882354 0.03294117647058824 0.013786764705882353
1 0.2605882352941176 0.4678308823529412 0.40352941176470586 0.016544117647058824
2 0.6670588235294118 0.5151654411764706 0.15764705882352942 0.019301470588235295
1 0.6758823529411765 0.5367647058823529 0.1988235294117647 0.016544117647058824