0 0.5 0.05571293673276676 0.6423529411764706 0.0169971671388102
0 0.5 0.13125590179414542 0.30470588235294116 0.0169971671388102
2 0.09058823529411765 0.21482530689329557 0.06352941176470588 0.014164305949008499
3 0.17705882352941177 0.21813031161473087 0.07411764705882352 0.02077431539187913
2 0.11294117647058824 0.26440037771482533 0.10823529411764705 0.018885741265344664
3 0.20941176470588235 0.26251180358829085 0.04941176470588235 0.015108593012275733
2 0.11352941176470588 0.3092540132200189 0.10941176470588235 0.014164305949008499
3 0.24823529411764705 0.31444759206798867 0.12470588235294118 0.024551463644948063
2 0.5564705882352942 0.3120868744098206 0.16470588235294117 0.019830028328611898
3 0.6788235294117647 0.3101983002832861 0.04470588235294118 0.016052880075542966
2 0.10058823529411764 0.35694050991501414 0.08352941176470588 0.015108593012275733
3 0.19470588235294117 0.3593012275731822 0.06941176470588235 0.019830028328611898
2 0.09058823529411765 0.40368271954674223 0.06352941176470588 0.014164305949008499
3 0.17823529411764705 0.40698772426817753 0.07647058823529412 0.02077431539187913
2 0.10882352941176471 0.4702549575070821 0.1 0.015108593012275733
4 0.24705882352941178 0.4768649669499528 0.023529411764705882 0.018885741265344664
2 0.29705882352941176 0.4697828139754485 0.052941176470588235 0.014164305949008499
5 0.4235294117647059 0.4768649669499528 0.023529411764705882 0.018885741265344664
2 0.46352941176470586 0.4697828139754485 0.03294117647058824 0.014164305949008499
1 0.2605882352941176 0.5278564683663833 0.40352941176470586 0.0169971671388102
2 0.6670588235294118 0.5764872521246459 0.15764705882352942 0.019830028328611898
1 0.6758823529411765 0.5986779981114259 0.1988235294117647 0.0169971671388102