0 0.5 0.05021276595744681 0.6423529411764706 0.015319148936170212
0 0.5 0.11829787234042553 0.30470588235294116 0.015319148936170212
2 0.08294117647058824 0.19574468085106383 0.04823529411764706 0.01702127659574468
3 0.14588235294117646 0.19404255319148936 0.042352941176470586 0.013617021276595745
2 0.09058823529411765 0.23617021276595745 0.06352941176470588 0.01276595744680851
3 0.17058823529411765 0.23702127659574468 0.0611764705882353 0.01446808510638298
2 0.1411764705882353 0.28127659574468084 0.16470588235294117 0.017872340425531916
3 0.27058823529411763 0.2795744680851064 0.058823529411764705 0.01446808510638298
2 0.10058823529411764 0.32170212765957445 0.08352941176470588 0.013617021276595745
3 0.18235294117647058 0.3221276595744681 0.04470588235294118 0.01446808510638298
2 0.48 0.32127659574468087 0.06352941176470588 0.01276595744680851
3 0.5529411764705883 0.32382978723404254 0.047058823529411764 0.017872340425531916
2 0.10882352941176471 0.38127659574468087 0.1 0.013617021276595745
4 0.24705882352941178 0.3872340425531915 0.023529411764705882 0.01702127659574468
2 0.29705882352941176 0.38085106382978723 0.052941176470588235 0.01276595744680851
5 0.4235294117647059 0.3872340425531915 0.023529411764705882 0.01702127659574468
2 0.46352941176470586 0.38085106382978723 0.03294117647058824 0.01276595744680851
1 0.2605882352941176 0.43319148936170215 0.40352941176470586 0.015319148936170212
2 0.6670588235294118 0.47702127659574467 0.15764705882352942 0.017872340425531916
1 0.6758823529411765 0.4970212765957447 0.1988235294117647 0.015319148936170212