0 0.5 0.05103806228373702 0.6423529411764706 0.015570934256055362
0 0.5 0.12024221453287197 0.2647058823529412 0.015570934256055362
2 0.11352941176470588 0.1967993079584775 0.10941176470588235 0.012975778546712802
3 0.29823529411764704 0.20155709342560554 0.22470588235294117 0.02249134948096886
2 0.508235294117647 0.19939446366782007 0.06823529411764706 0.018166089965397925
3 0.5835294117647059 0.19939446366782007 0.047058823529411764 0.018166089965397925
2 0.09058823529411765 0.24005190311418684 0.06352941176470588 0.012975778546712802
3 0.16411764705882353 0.2426470588235294 0.04823529411764706 0.018166089965397925
2 0.08294117647058824 0.28546712802768165 0.04823529411764706 0.01730103806228374
3 0.15529411764705883 0.2858996539792388 0.0611764705882353 0.018166089965397925
2 0.45941176470588235 0.28546712802768165 0.09294117647058824 0.01730103806228374
3 0.5476470588235294 0.2837370242214533 0.04823529411764706 0.01384083044982699
2 0.1411764705882353 0.3291522491349481 0.16470588235294117 0.018166089965397925
3 0.2635294117647059 0.3291522491349481 0.04470588235294118 0.018166089965397925
2 0.5711764705882353 0.32698961937716264 0.08352941176470588 0.01384083044982699
3 0.6476470588235295 0.3282871972318339 0.03411764705882353 0.01643598615916955
2 0.10529411764705883 0.3719723183391003 0.09294117647058824 0.01730103806228374
3 0.19294117647058823 0.37240484429065746 0.047058823529411764 0.018166089965397925
2 0.10882352941176471 0.43079584775086505 0.1 0.01384083044982699
5 0.24705882352941178 0.43685121107266434 0.023529411764705882 0.01730103806228374
2 0.29705882352941176 0.430363321799308 0.052941176470588235 0.012975778546712802
4 0.4235294117647059 0.43685121107266434 0.023529411764705882 0.01730103806228374
2 0.46352941176470586 0.430363321799308 0.03294117647058824 0.012975778546712802
1 0.2605882352941176 0.4835640138408305 0.40352941176470586 0.015570934256055362
2 0.6670588235294118 0.528114186851211 0.15764705882352942 0.018166089965397925
1 0.6758823529411765 0.5484429065743944 0.1988235294117647 0.015570934256055362