0 0.5 0.057729941291585124 0.6423529411764706 0.01761252446183953
0 0.5 0.1360078277886497 0.28352941176470586 0.01761252446183953
2 0.09058823529411765 0.2226027397260274 0.06352941176470588 0.014677103718199608
2 0.4823529411764706 0.22504892367906065 0.10823529411764705 0.019569471624266144
2 0.10058823529411764 0.2720156555772994 0.08352941176470588 0.015655577299412915
2 0.5029411764705882 0.27152641878669276 0.10941176470588235 0.014677103718199608
2 0.1411764705882353 0.32338551859099807 0.16470588235294117 0.02054794520547945
2 0.09058823529411765 0.3693737769080235 0.06352941176470588 0.014677103718199608
2 0.4823529411764706 0.37181996086105673 0.10823529411764705 0.019569471624266144
2 0.09058823529411765 0.41829745596868884 0.06352941176470588 0.014677103718199608
2 0.10882352941176471 0.487279843444227 0.1 0.015655577299412915
4 0.24705882352941178 0.49412915851272016 0.023529411764705882 0.019569471624266144
2 0.29705882352941176 0.48679060665362034 0.052941176470588235 0.014677103718199608
4 0.4235294117647059 0.49412915851272016 0.023529411764705882 0.019569471624266144
2 0.46352941176470586 0.48679060665362034 0.03294117647058824 0.014677103718199608
1 0.2605882352941176 0.5469667318982387 0.40352941176470586 0.01761252446183953
2 0.6670588235294118 0.5973581213307241 0.15764705882352942 0.02054794520547945
1 0.6758823529411765 0.6203522504892368 0.1988235294117647 0.01761252446183953