0 0.5 0.054528650646950096 0.6423529411764706 0.0166358595194085
0 0.5 0.128003696857671 0.24941176470588236 0.015711645101663587
2 0.09294117647058824 0.21303142329020333 0.06823529411764706 0.019408502772643253
3 0.18 0.21303142329020333 0.07058823529411765 0.019408502772643253
2 0.11294117647058824 0.2587800369685767 0.10823529411764705 0.018484288354898338
3 0.2076470588235294 0.25831792975970425 0.04588235294117647 0.01756007393715342
2 0.09058823529411765 0.30268022181146026 0.06352941176470588 0.013863216266173753
3 0.15705882352941178 0.3031423290203327 0.03411764705882353 0.014787430683918669
2 0.10529411764705883 0.3512014787430684 0.09294117647058824 0.018484288354898338
2 0.4894117647058824 0.3488909426987061 0.06352941176470588 0.013863216266173753
3 0.5647058823529412 0.349815157116451 0.05176470588235294 0.015711645101663587
2 0.10058823529411764 0.3955637707948244 0.08352941176470588 0.014787430683918669
2 0.49 0.3955637707948244 0.08352941176470588 0.014787430683918669
2 0.1411764705882353 0.44408502772643255 0.16470588235294117 0.019408502772643253
2 0.5711764705882353 0.4417744916820702 0.08352941176470588 0.014787430683918669
3 0.6541176470588236 0.4417744916820702 0.047058823529411764 0.014787430683918669
2 0.10882352941176471 0.5064695009242144 0.1 0.014787430683918669
4 0.24705882352941178 0.5129390018484289 0.023529411764705882 0.018484288354898338
2 0.29705882352941176 0.506007393715342 0.052941176470588235 0.013863216266173753
5 0.4235294117647059 0.5129390018484289 0.023529411764705882 0.018484288354898338
2 0.46352941176470586 0.506007393715342 0.03294117647058824 0.013863216266173753
1 0.2605882352941176 0.5628465804066544 0.40352941176470586 0.0166358595194085
2 0.6670588235294118 0.6104436229205176 0.15764705882352942 0.019408502772643253
1 0.6758823529411765 0.6321626617375231 0.1988235294117647 0.0166358595194085