0 0.5 0.0575609756097561 0.6423529411764706 0.0175609756097561
0 0.5 0.13560975609756099 0.2647058823529412 0.0175609756097561
2 0.11352941176470588 0.22195121951219512 0.10941176470588235 0.014634146341463415
3 0.23529411764705882 0.2229268292682927 0.0988235294117647 0.016585365853658537
2 0.09058823529411765 0.2707317073170732 0.06352941176470588 0.014634146341463415
3 0.1564705882352941 0.27121951219512197 0.03294117647058824 0.015609756097560976
2 0.10058823529411764 0.32 0.08352941176470588 0.015609756097560976
3 0.18941176470588236 0.3229268292682927 0.058823529411764705 0.021463414634146343
2 0.49 0.32 0.08352941176470588 0.015609756097560976
3 0.5841176470588235 0.3224390243902439 0.06941176470588235 0.02048780487804878
2 0.08294117647058824 0.37073170731707317 0.04823529411764706 0.01951219512195122
3 0.15058823529411763 0.3692682926829268 0.05176470588235294 0.016585365853658537
2 0.10882352941176471 0.4370731707317073 0.1 0.015609756097560976
5 0.24705882352941178 0.44390243902439025 0.023529411764705882 0.01951219512195122
2 0.29705882352941176 0.43658536585365854 0.052941176470588235 0.014634146341463415
4 0.4235294117647059 0.44390243902439025 0.023529411764705882 0.01951219512195122
2 0.46352941176470586 0.43658536585365854 0.03294117647058824 0.014634146341463415
1 0.2605882352941176 0.49658536585365853 0.40352941176470586 0.0175609756097561
2 0.6670588235294118 0.546829268292683 0.15764705882352942 0.02048780487804878
1 0.6758823529411765 0.5697560975609756 0.1988235294117647 0.0175609756097561