0 0.5 0.057392996108949414 0.6423529411764706 0.017509727626459144
0 0.5 0.13521400778210116 0.2647058823529412 0.017509727626459144
2 0.11352941176470588 0.22130350194552528 0.10941176470588235 0.014591439688715954
3 0.2511764705882353 0.22227626459143968 0.13058823529411764 0.016536964980544747
2 0.5158823529411765 0.22178988326848248 0.08352941176470588 0.01556420233463035
3 0.5941176470588235 0.22178988326848248 0.03764705882352941 0.01556420233463035
2 0.09058823529411765 0.2699416342412451 0.06352941176470588 0.014591439688715954
3 0.1564705882352941 0.2728599221789883 0.03294117647058824 0.020428015564202335
2 0.1411764705882353 0.3214980544747082 0.16470588235294117 0.020428015564202335
3 0.27588235294117647 0.3214980544747082 0.06941176470588235 0.020428015564202335
2 0.10058823529411764 0.36770428015564205 0.08352941176470588 0.01556420233463035
3 0.18235294117647058 0.37013618677042803 0.04470588235294118 0.020428015564202335
2 0.11352941176470588 0.4158560311284047 0.10941176470588235 0.014591439688715954
3 0.25470588235294117 0.41877431906614787 0.1376470588235294 0.020428015564202335
2 0.528235294117647 0.4182879377431907 0.10823529411764705 0.019455252918287938
3 0.6141176470588235 0.4163424124513619 0.02823529411764706 0.01556420233463035
2 0.10882352941176471 0.48443579766536965 0.1 0.01556420233463035
5 0.24705882352941178 0.4912451361867704 0.023529411764705882 0.019455252918287938
2 0.29705882352941176 0.48394941634241245 0.052941176470588235 0.014591439688715954
4 0.4235294117647059 0.4912451361867704 0.023529411764705882 0.019455252918287938
2 0.46352941176470586 0.48394941634241245 0.03294117647058824 0.014591439688715954
1 0.2605882352941176 0.5437743190661478 0.40352941176470586 0.017509727626459144
2 0.6670588235294118 0.5938715953307393 0.15764705882352942 0.020428015564202335
1 0.6758823529411765 0.6167315175097277 0.1988235294117647 0.017509727626459144