0 0.5 0.05417814508723599 0.6423529411764706 0.01652892561983471
0 0.5 0.12764003673094582 0.2647058823529412 0.01652892561983471
2 0.10529411764705883 0.21120293847566574 0.09294117647058824 0.018365472910927456
2 0.1411764705882353 0.25757575757575757 0.16470588235294117 0.01928374655647383
2 0.08294117647058824 0.30303030303030304 0.04823529411764706 0.018365472910927456
2 0.4547058823529412 0.3011937557392103 0.08352941176470588 0.014692378328741965
3 0.5423529411764706 0.30165289256198347 0.05647058823529412 0.015610651974288337
2 0.09058823529411765 0.3466483011937557 0.06352941176470588 0.013774104683195593
2 0.46 0.3466483011937557 0.06352941176470588 0.013774104683195593
3 0.54 0.34940312213039487 0.0611764705882353 0.01928374655647383
2 0.09294117647058824 0.3953168044077135 0.06823529411764706 0.01928374655647383
3 0.18294117647058825 0.3957759412304867 0.07647058823529412 0.020202020202020204
2 0.10882352941176471 0.4573002754820937 0.1 0.014692378328741965
4 0.24705882352941178 0.4637281910009183 0.023529411764705882 0.018365472910927456
2 0.29705882352941176 0.45684113865932047 0.052941176470588235 0.013774104683195593
5 0.4235294117647059 0.4637281910009183 0.023529411764705882 0.018365472910927456
2 0.46352941176470586 0.45684113865932047 0.03294117647058824 0.013774104683195593
1 0.2605882352941176 0.5133149678604224 0.40352941176470586 0.01652892561983471
2 0.6670588235294118 0.5606060606060606 0.15764705882352942 0.01928374655647383
1 0.6758823529411765 0.5821854912764004 0.1988235294117647 0.01652892561983471