0 0.5 0.05581835383159887 0.6423529411764706 0.017029328287606435
0 0.5 0.1315042573320719 0.30470588235294116 0.017029328287606435
2 0.09058823529411765 0.2152317880794702 0.06352941176470588 0.014191106906338695
3 0.17058823529411765 0.21807000946073793 0.0611764705882353 0.019867549668874173
2 0.10058823529411764 0.2630085146641438 0.08352941176470588 0.015137180700094607
3 0.18058823529411766 0.26348155156102177 0.041176470588235294 0.01608325449385052
2 0.1411764705882353 0.31267738883632923 0.16470588235294117 0.019867549668874173
3 0.26588235294117646 0.31031220435193946 0.04941176470588235 0.015137180700094607
2 0.5711764705882353 0.31031220435193946 0.08352941176470588 0.015137180700094607
3 0.6552941176470588 0.31031220435193946 0.04941176470588235 0.015137180700094607
2 0.11294117647058824 0.3595080416272469 0.10823529411764705 0.01892147587511826
3 0.21411764705882352 0.36045411542100286 0.058823529411764705 0.020813623462630087
2 0.11294117647058824 0.40681173131504256 0.10823529411764705 0.01892147587511826
3 0.19941176470588234 0.40728476821192056 0.029411764705882353 0.019867549668874173
2 0.5047058823529412 0.4044465468306528 0.06352941176470588 0.014191106906338695
3 0.5770588235294117 0.4063386944181646 0.04588235294117647 0.017975402081362345
2 0.09294117647058824 0.4545884578997162 0.06823529411764706 0.019867549668874173
3 0.17411764705882352 0.45269631031220436 0.058823529411764705 0.01608325449385052
2 0.10882352941176471 0.5184484389782403 0.1 0.015137180700094607
5 0.24705882352941178 0.5250709555345316 0.023529411764705882 0.01892147587511826
2 0.29705882352941176 0.5179754020813624 0.052941176470588235 0.014191106906338695
4 0.4235294117647059 0.5250709555345316 0.023529411764705882 0.01892147587511826
2 0.46352941176470586 0.5179754020813624 0.03294117647058824 0.014191106906338695
1 0.2605882352941176 0.5761589403973509 0.40352941176470586 0.017029328287606435
2 0.6670588235294118 0.6248817407757805 0.15764705882352942 0.019867549668874173
1 0.6758823529411765 0.6471144749290445 0.1988235294117647 0.017029328287606435