0 0.5 0.055977229601518026 0.6423529411764706 0.017077798861480076
0 0.5 0.1318785578747628 0.28352941176470586 0.017077798861480076
2 0.09058823529411765 0.21584440227703985 0.06352941176470588 0.014231499051233396
2 0.08294117647058824 0.2656546489563567 0.04823529411764706 0.018975332068311195
2 0.08294117647058824 0.31309297912713474 0.04823529411764706 0.018975332068311195
2 0.08294117647058824 0.3605313092979127 0.04823529411764706 0.018975332068311195
2 0.4547058823529412 0.3586337760910816 0.08352941176470588 0.015180265654648957
2 0.11352941176470588 0.4055977229601518 0.10941176470588235 0.014231499051233396
2 0.10882352941176471 0.47248576850094876 0.1 0.015180265654648957
4 0.24705882352941178 0.4791271347248577 0.023529411764705882 0.018975332068311195
2 0.29705882352941176 0.47201138519924096 0.052941176470588235 0.014231499051233396
4 0.4235294117647059 0.4791271347248577 0.023529411764705882 0.018975332068311195
2 0.46352941176470586 0.47201138519924096 0.03294117647058824 0.014231499051233396
1 0.2605882352941176 0.530360531309298 0.40352941176470586 0.017077798861480076
2 0.6670588235294118 0.5792220113851992 0.15764705882352942 0.019924098671726755
1 0.6758823529411765 0.6015180265654649 0.1988235294117647 0.017077798861480076