0 0.5 0.05417814508723599 0.6423529411764706 0.01652892561983471
0 0.5 0.12764003673094582 0.2647058823529412 0.01652892561983471
2 0.10058823529411764 0.209366391184573 0.08352941176470588 0.014692378328741965
3 0.17647058823529413 0.21166207529843895 0.03294117647058824 0.01928374655647383
2 0.1411764705882353 0.25757575757575757 0.16470588235294117 0.01928374655647383
3 0.2564705882352941 0.25528007346189163 0.03058823529411765 0.014692378328741965
2 0.09058823529411765 0.3007346189164371 0.06352941176470588 0.013774104683195593
3 0.16176470588235295 0.30165289256198347 0.04352941176470588 0.015610651974288337
2 0.10058823529411764 0.34710743801652894 0.08352941176470588 0.014692378328741965
3 0.19823529411764707 0.349862258953168 0.07647058823529412 0.020202020202020204
2 0.10882352941176471 0.411386593204775 0.1 0.014692378328741965
4 0.24705882352941178 0.41781450872359965 0.023529411764705882 0.018365472910927456
2 0.29705882352941176 0.41092745638200184 0.052941176470588235 0.013774104683195593
5 0.4235294117647059 0.41781450872359965 0.023529411764705882 0.018365472910927456
2 0.46352941176470586 0.41092745638200184 0.03294117647058824 0.013774104683195593
1 0.2605882352941176 0.4674012855831038 0.40352941176470586 0.01652892561983471
2 0.6670588235294118 0.5146923783287419 0.15764705882352942 0.01928374655647383
1 0.6758823529411765 0.5362718089990818 0.1988235294117647 0.01652892561983471