0 0.5 0.05230496453900709 0.6423529411764706 0.015957446808510637
0 0.5 0.12278368794326242 0.23294117647058823 0.015070921985815602
2 0.09058823529411765 0.20168439716312056 0.06352941176470588 0.013297872340425532
3 0.15941176470588236 0.20390070921985815 0.03882352941176471 0.01773049645390071
2 0.10529411764705883 0.24822695035460993 0.09294117647058824 0.01773049645390071
3 0.18470588235294116 0.24645390070921985 0.03058823529411765 0.014184397163120567
2 0.49176470588235294 0.24867021276595744 0.06823529411764706 0.018617021276595744
3 0.5735294117647058 0.24778368794326242 0.06 0.016843971631205674
2 0.10529411764705883 0.2925531914893617 0.09294117647058824 0.01773049645390071
3 0.18588235294117647 0.2907801418439716 0.03294117647058824 0.014184397163120567
2 0.1411764705882353 0.337322695035461 0.16470588235294117 0.018617021276595744
3 0.26176470588235295 0.3355496453900709 0.041176470588235294 0.015070921985815602
2 0.5841176470588235 0.3346631205673759 0.10941176470588235 0.013297872340425532
3 0.7270588235294118 0.3395390070921986 0.1411764705882353 0.02304964539007092
2 0.08294117647058824 0.38120567375886527 0.04823529411764706 0.01773049645390071
3 0.15411764705882353 0.3798758865248227 0.058823529411764705 0.015070921985815602
2 0.46705882352941175 0.38120567375886527 0.10823529411764705 0.01773049645390071
3 0.5623529411764706 0.37943262411347517 0.047058823529411764 0.014184397163120567
2 0.10882352941176471 0.44148936170212766 0.1 0.014184397163120567
4 0.24705882352941178 0.44769503546099293 0.023529411764705882 0.01773049645390071
2 0.29705882352941176 0.44104609929078015 0.052941176470588235 0.013297872340425532
5 0.4235294117647059 0.44769503546099293 0.023529411764705882 0.01773049645390071
2 0.46352941176470586 0.44104609929078015 0.03294117647058824 0.013297872340425532
1 0.2605882352941176 0.49556737588652483 0.40352941176470586 0.015957446808510637
2 0.6670588235294118 0.5412234042553191 0.15764705882352942 0.018617021276595744
1 0.6758823529411765 0.5620567375886525 0.1988235294117647 0.015957446808510637