0 0.5 0.05870646766169154 0.6423529411764706 0.01791044776119403
0 0.5 0.1383084577114428 0.28352941176470586 0.01791044776119403
2 0.10058823529411764 0.22686567164179106 0.08352941176470588 0.015920398009950248
2 0.09294117647058824 0.2791044776119403 0.06823529411764706 0.020895522388059702
2 0.11294117647058824 0.3283582089552239 0.10823529411764705 0.01990049751243781
2 0.08294117647058824 0.3781094527363184 0.04823529411764706 0.01990049751243781
3 0.14647058823529413 0.37661691542288556 0.04352941176470588 0.01691542288557214
2 0.4370588235294118 0.3781094527363184 0.04823529411764706 0.01990049751243781
3 0.5023529411764706 0.37860696517412934 0.047058823529411764 0.020895522388059702
2 0.10058823529411764 0.42587064676616915 0.08352941176470588 0.015920398009950248
3 0.18235294117647058 0.4263681592039801 0.04470588235294118 0.01691542288557214
2 0.5023529411764706 0.42786069651741293 0.10823529411764705 0.01990049751243781
2 0.11352941176470588 0.47512437810945274 0.10941176470588235 0.014925373134328358
2 0.10882352941176471 0.545273631840796 0.1 0.015920398009950248
5 0.24705882352941178 0.5522388059701493 0.023529411764705882 0.01990049751243781
2 0.29705882352941176 0.5447761194029851 0.052941176470588235 0.014925373134328358
4 0.4235294117647059 0.5522388059701493 0.023529411764705882 0.01990049751243781
2 0.46352941176470586 0.5447761194029851 0.03294117647058824 0.014925373134328358
1 0.2605882352941176 0.6059701492537314 0.40352941176470586 0.01791044776119403
2 0.6670588235294118 0.6572139303482587 0.15764705882352942 0.020895522388059702
1 0.6758823529411765 0.6805970149253732 0.1988235294117647 0.01791044776119403