0 0.5 0.05876494023904383 0.6423529411764706 0.017928286852589643
0 0.5 0.13844621513944222 0.28352941176470586 0.017928286852589643
2 0.10529411764705883 0.2290836653386454 0.09294117647058824 0.0199203187250996
3 0.1923529411764706 0.22858565737051792 0.04588235294117647 0.018924302788844622
2 0.09058823529411765 0.27639442231075695 0.06352941176470588 0.014940239043824702
2 0.08294117647058824 0.3286852589641434 0.04823529411764706 0.0199203187250996
3 0.14411764705882352 0.3286852589641434 0.03882352941176471 0.0199203187250996
2 0.11294117647058824 0.3784860557768924 0.10823529411764705 0.0199203187250996
3 0.20705882352941177 0.3789840637450199 0.04470588235294118 0.02091633466135458
2 0.5147058823529411 0.37649402390438247 0.08352941176470588 0.01593625498007968
3 0.5958823529411764 0.37699203187250996 0.04352941176470588 0.01693227091633466
2 0.08294117647058824 0.42828685258964144 0.04823529411764706 0.0199203187250996
3 0.1476470588235294 0.4262948207171315 0.04588235294117647 0.01593625498007968
2 0.10882352941176471 0.4960159362549801 0.1 0.01593625498007968
4 0.24705882352941178 0.5029880478087649 0.023529411764705882 0.0199203187250996
2 0.29705882352941176 0.4955179282868526 0.052941176470588235 0.014940239043824702
5 0.4235294117647059 0.5029880478087649 0.023529411764705882 0.0199203187250996
2 0.46352941176470586 0.4955179282868526 0.03294117647058824 0.014940239043824702
1 0.2605882352941176 0.5567729083665338 0.40352941176470586 0.017928286852589643
2 0.6670588235294118 0.6080677290836654 0.15764705882352942 0.02091633466135458
1 0.6758823529411765 0.6314741035856574 0.1988235294117647 0.017928286852589643