0 0.5 0.050774526678141134 0.6423529411764706 0.01549053356282272
0 0.5 0.11919104991394149 0.23294117647058823 0.014629948364888123
2 0.11294117647058824 0.19793459552495696 0.10823529411764705 0.01721170395869191
3 0.20588235294117646 0.1962134251290878 0.042352941176470586 0.013769363166953529
2 0.11294117647058824 0.24096385542168675 0.10823529411764705 0.01721170395869191
3 0.2011764705882353 0.23924268502581755 0.03294117647058824 0.013769363166953529
2 0.5147058823529411 0.23924268502581755 0.08352941176470588 0.013769363166953529
3 0.5911764705882353 0.23924268502581755 0.03411764705882353 0.013769363166953529
2 0.11352941176470588 0.28184165232358005 0.10941176470588235 0.012908777969018933
3 0.25 0.2848537005163511 0.12823529411764706 0.0189328743545611
2 0.508235294117647 0.2844234079173838 0.06823529411764706 0.018072289156626505
3 0.581764705882353 0.28270223752151463 0.04352941176470588 0.014629948364888123
2 0.10058823529411764 0.3253012048192771 0.08352941176470588 0.013769363166953529
3 0.17705882352941177 0.3253012048192771 0.03411764705882353 0.013769363166953529
2 0.5305882352941177 0.3274526678141136 0.16470588235294117 0.018072289156626505
3 0.6505882352941177 0.3257314974182444 0.04 0.014629948364888123
2 0.10882352941176471 0.3855421686746988 0.1 0.013769363166953529
5 0.24705882352941178 0.39156626506024095 0.023529411764705882 0.01721170395869191
2 0.29705882352941176 0.3851118760757315 0.052941176470588235 0.012908777969018933
4 0.4235294117647059 0.39156626506024095 0.023529411764705882 0.01721170395869191
2 0.46352941176470586 0.3851118760757315 0.03294117647058824 0.012908777969018933
1 0.2605882352941176 0.4380378657487091 0.40352941176470586 0.01549053356282272
2 0.6670588235294118 0.4823580034423408 0.15764705882352942 0.018072289156626505
1 0.6758823529411765 0.5025817555938038 0.1988235294117647 0.01549053356282272