0 0.5 0.058300395256917 0.6423529411764706 0.017786561264822136
0 0.5 0.1373517786561265 0.30470588235294116 0.017786561264822136
2 0.08294117647058824 0.22727272727272727 0.04823529411764706 0.019762845849802372
2 0.10529411764705883 0.2766798418972332 0.09294117647058824 0.019762845849802372
2 0.10529411764705883 0.32608695652173914 0.09294117647058824 0.019762845849802372
2 0.49176470588235294 0.3265810276679842 0.06823529411764706 0.020750988142292492
2 0.11352941176470588 0.3730237154150198 0.10941176470588235 0.014822134387351778
3 0.26941176470588235 0.3784584980237154 0.16705882352941176 0.025691699604743084
2 0.5205882352941177 0.37549407114624506 0.09294117647058824 0.019762845849802372
3 0.62 0.3784584980237154 0.07058823529411765 0.025691699604743084
2 0.10882352941176471 0.4426877470355731 0.1 0.015810276679841896
4 0.24705882352941178 0.44960474308300397 0.023529411764705882 0.019762845849802372
2 0.29705882352941176 0.44219367588932806 0.052941176470588235 0.014822134387351778
5 0.4235294117647059 0.44960474308300397 0.023529411764705882 0.019762845849802372
2 0.46352941176470586 0.44219367588932806 0.03294117647058824 0.014822134387351778
1 0.2605882352941176 0.5029644268774703 0.40352941176470586 0.017786561264822136
2 0.6670588235294118 0.5538537549407114 0.15764705882352942 0.020750988142292492
1 0.6758823529411765 0.5770750988142292 0.1988235294117647 0.017786561264822136