0 0.5 0.050774526678141134 0.6423529411764706 0.01549053356282272
0 0.5 0.11962134251290878 0.2647058823529412 0.01549053356282272
2 0.10529411764705883 0.19793459552495696 0.09294117647058824 0.01721170395869191
3 0.19588235294117648 0.1962134251290878 0.052941176470588235 0.013769363166953529
2 0.5041176470588236 0.19793459552495696 0.09294117647058824 0.01721170395869191
3 0.5847058823529412 0.19836488812392428 0.03294117647058824 0.018072289156626505
2 0.09058823529411765 0.23881239242685026 0.06352941176470588 0.012908777969018933
3 0.15411764705882353 0.23924268502581755 0.02823529411764706 0.013769363166953529
2 0.4747058823529412 0.24096385542168675 0.09294117647058824 0.01721170395869191
3 0.5605882352941176 0.23967297762478484 0.04352941176470588 0.014629948364888123
2 0.10529411764705883 0.28399311531841653 0.09294117647058824 0.01721170395869191
3 0.18470588235294116 0.2822719449225473 0.03058823529411765 0.013769363166953529
2 0.4894117647058824 0.28184165232358005 0.06352941176470588 0.012908777969018933
3 0.5605882352941176 0.28270223752151463 0.04352941176470588 0.014629948364888123
2 0.11294117647058824 0.3270223752151463 0.10823529411764705 0.01721170395869191
3 0.2088235294117647 0.3274526678141136 0.04823529411764706 0.018072289156626505
2 0.11352941176470588 0.36790017211703957 0.10941176470588235 0.012908777969018933
3 0.2564705882352941 0.3709122203098107 0.1411764705882353 0.0189328743545611
2 0.10882352941176471 0.42857142857142855 0.1 0.013769363166953529
5 0.24705882352941178 0.43459552495697074 0.023529411764705882 0.01721170395869191
2 0.29705882352941176 0.4281411359724613 0.052941176470588235 0.012908777969018933
4 0.4235294117647059 0.43459552495697074 0.023529411764705882 0.01721170395869191
2 0.46352941176470586 0.4281411359724613 0.03294117647058824 0.012908777969018933
1 0.2605882352941176 0.4810671256454389 0.40352941176470586 0.01549053356282272
2 0.6670588235294118 0.5253872633390706 0.15764705882352942 0.018072289156626505
1 0.6758823529411765 0.5456110154905336 0.1988235294117647 0.01549053356282272