0 0.5 0.04920767306088407 0.6423529411764706 0.015012510425354461
0 0.5 0.11551292743953294 0.24941176470588236 0.014178482068390326
2 0.1411764705882353 0.19224353628023352 0.16470588235294117 0.01751459549624687
3 0.2611764705882353 0.19057547956630524 0.04 0.014178482068390326
2 0.10529411764705883 0.2335279399499583 0.09294117647058824 0.016680567139282735
3 0.19941176470588234 0.23311092577147624 0.06 0.0158465387823186
2 0.09294117647058824 0.2756463719766472 0.06823529411764706 0.01751459549624687
3 0.16176470588235295 0.27481234361968304 0.03411764705882353 0.0158465387823186
2 0.10058823529411764 0.31526271893244373 0.08352941176470588 0.013344453711426188
3 0.18588235294117647 0.3156797331109258 0.05176470588235294 0.014178482068390326
2 0.10882352941176471 0.37364470391993326 0.1 0.013344453711426188
5 0.24705882352941178 0.3794829024186822 0.023529411764705882 0.016680567139282735
2 0.29705882352941176 0.3732276897414512 0.052941176470588235 0.012510425354462052
4 0.4235294117647059 0.3794829024186822 0.023529411764705882 0.016680567139282735
2 0.46352941176470586 0.3732276897414512 0.03294117647058824 0.012510425354462052
1 0.2605882352941176 0.4245204336947456 0.40352941176470586 0.015012510425354461
2 0.6670588235294118 0.46747289407839865 0.15764705882352942 0.01751459549624687
1 0.6758823529411765 0.4870725604670559 0.1988235294117647 0.015012510425354461