0 0.5 0.050556983718937444 0.6423529411764706 0.015424164524421594
0 0.5 0.11868037703513282 0.24941176470588236 0.01456726649528706
2 0.10529411764705883 0.19708654670094258 0.09294117647058824 0.01713796058269066
3 0.18588235294117647 0.1953727506426735 0.03294117647058824 0.013710368466152529
2 0.09294117647058824 0.2403598971722365 0.06823529411764706 0.017994858611825194
3 0.16176470588235295 0.23821765209940018 0.03411764705882353 0.013710368466152529
2 0.45705882352941174 0.23993144815766923 0.04823529411764706 0.01713796058269066
3 0.5152941176470588 0.2403598971722365 0.03294117647058824 0.017994858611825194
2 0.09294117647058824 0.28320479862896314 0.06823529411764706 0.017994858611825194
3 0.1588235294117647 0.2814910025706941 0.02823529411764706 0.01456726649528706
2 0.45705882352941174 0.2827763496143959 0.04823529411764706 0.01713796058269066
2 0.1411764705882353 0.3260497000856898 0.16470588235294117 0.017994858611825194
3 0.2564705882352941 0.32390745501285345 0.03058823529411765 0.013710368466152529
2 0.11294117647058824 0.3684661525278492 0.10823529411764705 0.01713796058269066
3 0.1988235294117647 0.3667523564695801 0.02823529411764706 0.013710368466152529
2 0.11352941176470588 0.4091688089117395 0.10941176470588235 0.012853470437017995
3 0.2535294117647059 0.4117395029991431 0.13529411764705881 0.017994858611825194
2 0.10882352941176471 0.4695801199657241 0.1 0.013710368466152529
5 0.24705882352941178 0.4755784061696658 0.023529411764705882 0.01713796058269066
2 0.29705882352941176 0.4691516709511568 0.052941176470588235 0.012853470437017995
4 0.4235294117647059 0.4755784061696658 0.023529411764705882 0.01713796058269066
2 0.46352941176470586 0.4691516709511568 0.03294117647058824 0.012853470437017995
1 0.2605882352941176 0.5218508997429306 0.40352941176470586 0.015424164524421594
2 0.6670588235294118 0.565981148243359 0.15764705882352942 0.017994858611825194
1 0.6758823529411765 0.5861182519280206 0.1988235294117647 0.015424164524421594