0 0.5 0.05221238938053097 0.6423529411764706 0.01592920353982301
0 0.5 0.12300884955752213 0.28352941176470586 0.01592920353982301
2 0.09058823529411765 0.2013274336283186 0.06352941176470588 0.01327433628318584
3 0.16 0.20221238938053096 0.04 0.01504424778761062
2 0.09294117647058824 0.2482300884955752 0.06823529411764706 0.018584070796460177
3 0.1635294117647059 0.24601769911504426 0.03764705882352941 0.01415929203539823
2 0.08294117647058824 0.2920353982300885 0.04823529411764706 0.017699115044247787
3 0.14823529411764705 0.2924778761061947 0.047058823529411764 0.018584070796460177
2 0.4370588235294118 0.2920353982300885 0.04823529411764706 0.017699115044247787
3 0.4976470588235294 0.2902654867256637 0.03764705882352941 0.01415929203539823
2 0.09058823529411765 0.334070796460177 0.06352941176470588 0.01327433628318584
3 0.16470588235294117 0.3345132743362832 0.04941176470588235 0.01415929203539823
2 0.45235294117647057 0.336283185840708 0.04823529411764706 0.017699115044247787
3 0.5170588235294118 0.3345132743362832 0.04588235294117647 0.01415929203539823
2 0.09294117647058824 0.38097345132743365 0.06823529411764706 0.018584070796460177
3 0.16823529411764707 0.38097345132743365 0.047058823529411764 0.018584070796460177
2 0.1411764705882353 0.4252212389380531 0.16470588235294117 0.018584070796460177
3 0.27176470588235296 0.4252212389380531 0.0611764705882353 0.018584070796460177
2 0.5635294117647058 0.4252212389380531 0.06823529411764706 0.018584070796460177
3 0.6317647058823529 0.4252212389380531 0.03294117647058824 0.018584070796460177
2 0.10882352941176471 0.4849557522123894 0.1 0.01415929203539823
4 0.24705882352941178 0.4911504424778761 0.023529411764705882 0.017699115044247787
2 0.29705882352941176 0.48451327433628316 0.052941176470588235 0.01327433628318584
5 0.4235294117647059 0.4911504424778761 0.023529411764705882 0.017699115044247787
2 0.46352941176470586 0.48451327433628316 0.03294117647058824 0.01327433628318584
1 0.2605882352941176 0.5389380530973451 0.40352941176470586 0.01592920353982301
2 0.6670588235294118 0.5845132743362832 0.15764705882352942 0.018584070796460177
1 0.6758823529411765 0.6053097345132743 0.1988235294117647 0.01592920353982301