0 0.5 0.058823529411764705 0.6423529411764706 0.01794616151545364
0 0.5 0.13858424725822532 0.28352941176470586 0.01794616151545364
2 0.09294117647058824 0.22981056829511465 0.06823529411764706 0.020937188434695914
3 0.16411764705882353 0.22931206380857427 0.03882352941176471 0.019940179461615155
2 0.48705882352941177 0.22931206380857427 0.10823529411764705 0.019940179461615155
3 0.5811764705882353 0.22781655034895315 0.04470588235294118 0.01694915254237288
2 0.1411764705882353 0.2796610169491525 0.16470588235294117 0.020937188434695914
3 0.2723529411764706 0.2796610169491525 0.06235294117647059 0.020937188434695914
2 0.5758823529411765 0.27916251246261214 0.09294117647058824 0.019940179461615155
3 0.6635294117647059 0.2796610169491525 0.047058823529411764 0.020937188434695914
2 0.1411764705882353 0.32951146560319045 0.16470588235294117 0.020937188434695914
3 0.2647058823529412 0.32951146560319045 0.047058823529411764 0.020937188434695914
2 0.5758823529411765 0.32901296111665007 0.09294117647058824 0.019940179461615155
3 0.6594117647058824 0.32901296111665007 0.03882352941176471 0.019940179461615155
2 0.08294117647058824 0.37886340977068794 0.04823529411764706 0.019940179461615155
3 0.15470588235294117 0.37836490528414757 0.06 0.018943170488534396
2 0.10058823529411764 0.4267198404785643 0.08352941176470588 0.015952143569292122
3 0.18352941176470589 0.42821535393818544 0.047058823529411764 0.018943170488534396
2 0.10882352941176471 0.4965104685942173 0.1 0.015952143569292122
5 0.24705882352941178 0.5034895314057827 0.023529411764705882 0.019940179461615155
2 0.29705882352941176 0.49601196410767695 0.052941176470588235 0.014955134596211365
4 0.4235294117647059 0.5034895314057827 0.023529411764705882 0.019940179461615155
2 0.46352941176470586 0.49601196410767695 0.03294117647058824 0.014955134596211365
1 0.2605882352941176 0.5573280159521435 0.40352941176470586 0.01794616151545364
2 0.6670588235294118 0.6086739780658026 0.15764705882352942 0.020937188434695914
1 0.6758823529411765 0.6321036889332003 0.1988235294117647 0.01794616151545364