0 0.5 0.05581835383159887 0.6423529411764706 0.017029328287606435
0 0.5 0.13103122043519394 0.24941176470588236 0.01608325449385052
2 0.1411764705882353 0.21807000946073793 0.16470588235294117 0.019867549668874173
3 0.2576470588235294 0.21807000946073793 0.03294117647058824 0.019867549668874173
2 0.611764705882353 0.21807000946073793 0.16470588235294117 0.019867549668874173
2 0.08294117647058824 0.26490066225165565 0.04823529411764706 0.01892147587511826
3 0.15529411764705883 0.26348155156102177 0.0611764705882353 0.01608325449385052
2 0.4547058823529412 0.2630085146641438 0.08352941176470588 0.015137180700094607
3 0.5376470588235294 0.2653736991485336 0.047058823529411764 0.019867549668874173
2 0.08294117647058824 0.3122043519394513 0.04823529411764706 0.01892147587511826
2 0.08294117647058824 0.3595080416272469 0.04823529411764706 0.01892147587511826
3 0.15411764705882353 0.35808893093661304 0.058823529411764705 0.01608325449385052
2 0.45941176470588235 0.3595080416272469 0.09294117647058824 0.01892147587511826
2 0.1411764705882353 0.40728476821192056 0.16470588235294117 0.019867549668874173
2 0.10882352941176471 0.47114474929044464 0.1 0.015137180700094607
5 0.24705882352941178 0.47776726584673607 0.023529411764705882 0.01892147587511826
2 0.29705882352941176 0.4706717123935667 0.052941176470588235 0.014191106906338695
4 0.4235294117647059 0.47776726584673607 0.023529411764705882 0.01892147587511826
2 0.46352941176470586 0.4706717123935667 0.03294117647058824 0.014191106906338695
1 0.2605882352941176 0.5288552507095553 0.40352941176470586 0.017029328287606435
2 0.6670588235294118 0.5775780510879849 0.15764705882352942 0.019867549668874173
1 0.6758823529411765 0.5998107852412489 0.1988235294117647 0.017029328287606435