0 0.5 0.05705996131528046 0.6423529411764706 0.017408123791102514
0 0.5 0.1344294003868472 0.2647058823529412 0.017408123791102514
2 0.09058823529411765 0.2200193423597679 0.06352941176470588 0.014506769825918761
2 0.11352941176470588 0.2683752417794971 0.10941176470588235 0.014506769825918761
3 0.24941176470588236 0.27176015473887816 0.12705882352941175 0.02127659574468085
2 0.09058823529411765 0.3167311411992263 0.06352941176470588 0.014506769825918761
2 0.09058823529411765 0.3650870406189555 0.06352941176470588 0.014506769825918761
2 0.10882352941176471 0.4332688588007737 0.1 0.015473887814313346
4 0.24705882352941178 0.4400386847195358 0.023529411764705882 0.019342359767891684
2 0.29705882352941176 0.43278529980657643 0.052941176470588235 0.014506769825918761
5 0.4235294117647059 0.4400386847195358 0.023529411764705882 0.019342359767891684
2 0.46352941176470586 0.43278529980657643 0.03294117647058824 0.014506769825918761
1 0.2605882352941176 0.4922630560928433 0.40352941176470586 0.017408123791102514
2 0.6670588235294118 0.5420696324951644 0.15764705882352942 0.020309477756286266
1 0.6758823529411765 0.5647969052224371 0.1988235294117647 0.017408123791102514