0 0.5 0.05117085862966175 0.6423529411764706 0.015611448395490026
0 0.5 0.12012142237640937 0.23294117647058823 0.014744145706851692
2 0.08294117647058824 0.199479618386817 0.04823529411764706 0.017346053772766695
3 0.1411764705882353 0.19774501300954034 0.03294117647058824 0.013876843018213356
2 0.46705882352941175 0.199479618386817 0.10823529411764705 0.017346053772766695
3 0.56 0.1981786643538595 0.042352941176470586 0.014744145706851692
2 0.09294117647058824 0.2432784041630529 0.06823529411764706 0.01821335646140503
3 0.17058823529411765 0.24154379878577623 0.05176470588235294 0.014744145706851692
2 0.09058823529411765 0.2840416305290546 0.06352941176470588 0.013009540329575022
3 0.16294117647058823 0.2844752818733738 0.04588235294117647 0.013876843018213356
2 0.45235294117647057 0.2862098872506505 0.04823529411764706 0.017346053772766695
3 0.5111764705882353 0.28577623590633133 0.03411764705882353 0.01647875108412836
2 0.10058823529411764 0.32784041630529054 0.08352941176470588 0.013876843018213356
3 0.19470588235294117 0.33000867302688636 0.06941176470588235 0.01821335646140503
2 0.11352941176470588 0.3707718993928881 0.10941176470588235 0.013009540329575022
3 0.25058823529411767 0.3738074588031223 0.12941176470588237 0.019080659150043366
2 0.5205882352941177 0.37294015611448394 0.09294117647058824 0.017346053772766695
3 0.6082352941176471 0.3712055507372073 0.047058823529411764 0.013876843018213356
2 0.10882352941176471 0.4319167389418907 0.1 0.013876843018213356
4 0.24705882352941178 0.43798785776235905 0.023529411764705882 0.017346053772766695
2 0.29705882352941176 0.43148308759757154 0.052941176470588235 0.013009540329575022
5 0.4235294117647059 0.43798785776235905 0.023529411764705882 0.017346053772766695
2 0.46352941176470586 0.43148308759757154 0.03294117647058824 0.013009540329575022
1 0.2605882352941176 0.48482220294882916 0.40352941176470586 0.015611448395490026
2 0.6670588235294118 0.5294882914137033 0.15764705882352942 0.01821335646140503
1 0.6758823529411765 0.5498699045967043 0.1988235294117647 0.015611448395490026