0 0.5 0.05166374781085814 0.6423529411764706 0.01576182136602452
0 0.5 0.1212784588441331 0.24941176470588236 0.0148861646234676
2 0.1411764705882353 0.20183887915936952 0.16470588235294117 0.01838879159369527
2 0.1411764705882353 0.2456217162872154 0.16470588235294117 0.01838879159369527
2 0.611764705882353 0.2456217162872154 0.16470588235294117 0.01838879159369527
2 0.08294117647058824 0.28896672504378285 0.04823529411764706 0.017513134851138354
2 0.4447058823529412 0.28677758318739055 0.06352941176470588 0.013134851138353765
2 0.10529411764705883 0.3327495621716287 0.09294117647058824 0.017513134851138354
2 0.10882352941176471 0.3922942206654991 0.1 0.014010507880910683
5 0.24705882352941178 0.39842381786339753 0.023529411764705882 0.017513134851138354
2 0.29705882352941176 0.39185639229422065 0.052941176470588235 0.013134851138353765
4 0.4235294117647059 0.39842381786339753 0.023529411764705882 0.017513134851138354
2 0.46352941176470586 0.39185639229422065 0.03294117647058824 0.013134851138353765
1 0.2605882352941176 0.4457092819614711 0.40352941176470586 0.01576182136602452
2 0.6670588235294118 0.4908056042031524 0.15764705882352942 0.01838879159369527
1 0.6758823529411765 0.51138353765324 0.1988235294117647 0.01576182136602452