0 0.5 0.05221238938053097 0.6423529411764706 0.01592920353982301
0 0.5 0.12300884955752213 0.30470588235294116 0.01592920353982301
2 0.11294117647058824 0.20353982300884957 0.10823529411764705 0.017699115044247787
3 0.21411764705882352 0.20221238938053096 0.058823529411764705 0.01504424778761062
2 0.09058823529411765 0.24557522123893805 0.06352941176470588 0.01327433628318584
2 0.46 0.24557522123893805 0.06352941176470588 0.01327433628318584
3 0.5258823529411765 0.2482300884955752 0.03294117647058824 0.018584070796460177
2 0.09058823529411765 0.28982300884955753 0.06352941176470588 0.01327433628318584
3 0.1635294117647059 0.2924778761061947 0.047058823529411764 0.018584070796460177
2 0.4623529411764706 0.2924778761061947 0.06823529411764706 0.018584070796460177
3 0.5441176470588235 0.2915929203539823 0.06 0.016814159292035398
2 0.1411764705882353 0.33672566371681417 0.16470588235294117 0.018584070796460177
3 0.2641176470588235 0.3345132743362832 0.04588235294117647 0.01415929203539823
2 0.10882352941176471 0.39646017699115044 0.1 0.01415929203539823
4 0.24705882352941178 0.4026548672566372 0.023529411764705882 0.017699115044247787
2 0.29705882352941176 0.39601769911504425 0.052941176470588235 0.01327433628318584
5 0.4235294117647059 0.4026548672566372 0.023529411764705882 0.017699115044247787
2 0.46352941176470586 0.39601769911504425 0.03294117647058824 0.01327433628318584
1 0.2605882352941176 0.4504424778761062 0.40352941176470586 0.01592920353982301
2 0.6670588235294118 0.49601769911504423 0.15764705882352942 0.018584070796460177
1 0.6758823529411765 0.5168141592920354 0.1988235294117647 0.01592920353982301