0 0.5 0.05103806228373702 0.6423529411764706 0.015570934256055362
0 0.5 0.11980968858131488 0.23294117647058823 0.014705882352941176
2 0.11352941176470588 0.1967993079584775 0.10941176470588235 0.012975778546712802
2 0.5564705882352942 0.19939446366782007 0.16470588235294117 0.018166089965397925
2 0.09058823529411765 0.24005190311418684 0.06352941176470588 0.012975778546712802
2 0.08294117647058824 0.28546712802768165 0.04823529411764706 0.01730103806228374
2 0.09294117647058824 0.3291522491349481 0.06823529411764706 0.018166089965397925
2 0.4647058823529412 0.3265570934256055 0.06352941176470588 0.012975778546712802
2 0.10882352941176471 0.3875432525951557 0.1 0.01384083044982699
4 0.24705882352941178 0.393598615916955 0.023529411764705882 0.01730103806228374
2 0.29705882352941176 0.38711072664359863 0.052941176470588235 0.012975778546712802
5 0.4235294117647059 0.393598615916955 0.023529411764705882 0.01730103806228374
2 0.46352941176470586 0.38711072664359863 0.03294117647058824 0.012975778546712802
1 0.2605882352941176 0.4403114186851211 0.40352941176470586 0.015570934256055362
2 0.6670588235294118 0.48486159169550175 0.15764705882352942 0.018166089965397925
1 0.6758823529411765 0.5051903114186851 0.1988235294117647 0.015570934256055362