0 0.5 0.04983108108108108 0.6423529411764706 0.015202702702702704
0 0.5 0.11697635135135136 0.24941176470588236 0.014358108108108109
2 0.10529411764705883 0.19425675675675674 0.09294117647058824 0.016891891891891893
3 0.2 0.19298986486486486 0.0611764705882353 0.014358108108108109
2 0.5117647058823529 0.19425675675675674 0.10823529411764705 0.016891891891891893
3 0.5976470588235294 0.19256756756756757 0.02823529411764706 0.013513513513513514
2 0.09058823529411765 0.234375 0.06352941176470588 0.01266891891891892
3 0.17470588235294118 0.23690878378378377 0.06941176470588235 0.017736486486486486
2 0.11352941176470588 0.2766047297297297 0.10941176470588235 0.01266891891891892
3 0.24058823529411766 0.27744932432432434 0.10941176470588235 0.014358108108108109
2 0.11352941176470588 0.3188344594594595 0.10941176470588235 0.01266891891891892
3 0.24588235294117647 0.31967905405405406 0.12 0.014358108108108109
2 0.5564705882352942 0.32136824324324326 0.16470588235294117 0.017736486486486486
3 0.6776470588235294 0.31967905405405406 0.042352941176470586 0.014358108108108109
2 0.11352941176470588 0.3610641891891892 0.10941176470588235 0.01266891891891892
3 0.27 0.36486486486486486 0.16823529411764707 0.02027027027027027
2 0.10529411764705883 0.40540540540540543 0.09294117647058824 0.016891891891891893
3 0.19411764705882353 0.40371621621621623 0.04941176470588235 0.013513513513513514
2 0.10882352941176471 0.46283783783783783 0.1 0.013513513513513514
5 0.24705882352941178 0.46875 0.023529411764705882 0.016891891891891893
2 0.29705882352941176 0.4624155405405405 0.052941176470588235 0.01266891891891892
4 0.4235294117647059 0.46875 0.023529411764705882 0.016891891891891893
2 0.46352941176470586 0.4624155405405405 0.03294117647058824 0.01266891891891892
1 0.2605882352941176 0.5143581081081081 0.40352941176470586 0.015202702702702704
2 0.6670588235294118 0.5578547297297297 0.15764705882352942 0.017736486486486486
1 0.6758823529411765 0.5777027027027027 0.1988235294117647 0.015202702702702704