0 0.5 0.05432780847145488 0.6423529411764706 0.016574585635359115
0 0.5 0.1279926335174954 0.30470588235294116 0.016574585635359115
2 0.1411764705882353 0.21224677716390425 0.16470588235294117 0.019337016574585635
2 0.5841176470588235 0.2094843462246777 0.10941176470588235 0.013812154696132596
2 0.09058823529411765 0.255524861878453 0.06352941176470588 0.013812154696132596
2 0.10058823529411764 0.3020257826887661 0.08352941176470588 0.014732965009208104
2 0.10058823529411764 0.34806629834254144 0.08352941176470588 0.014732965009208104
2 0.5029411764705882 0.34760589318600366 0.10941176470588235 0.013812154696132596
2 0.10529411764705883 0.39594843462246776 0.09294117647058824 0.01841620626151013
2 0.49941176470588233 0.39410681399631675 0.08352941176470588 0.014732965009208104
2 0.10882352941176471 0.4585635359116022 0.1 0.014732965009208104
4 0.24705882352941178 0.46500920810313073 0.023529411764705882 0.01841620626151013
2 0.29705882352941176 0.4581031307550645 0.052941176470588235 0.013812154696132596
4 0.4235294117647059 0.46500920810313073 0.023529411764705882 0.01841620626151013
2 0.46352941176470586 0.4581031307550645 0.03294117647058824 0.013812154696132596
1 0.2605882352941176 0.5147329650092081 0.40352941176470586 0.016574585635359115
2 0.6670588235294118 0.5621546961325967 0.15764705882352942 0.019337016574585635
1 0.6758823529411765 0.583793738489871 0.1988235294117647 0.016574585635359115