0 0.5 0.0545790934320074 0.6423529411764706 0.016651248843663275
0 0.5 0.12812210915818686 0.23294117647058823 0.01572617946345976
2 0.10058823529411764 0.21091581868640147 0.08352941176470588 0.014801110083256245
3 0.18235294117647058 0.21091581868640147 0.04470588235294118 0.014801110083256245
2 0.4823529411764706 0.21322849213691028 0.06823529411764706 0.01942645698427382
3 0.5576470588235294 0.21137835337650324 0.047058823529411764 0.01572617946345976
2 0.10058823529411764 0.25716928769657726 0.08352941176470588 0.014801110083256245
3 0.1811764705882353 0.25716928769657726 0.042352941176470586 0.014801110083256245
2 0.11352941176470588 0.30296022201665124 0.10941176470588235 0.013876040703052728
3 0.2741176470588235 0.3080481036077706 0.17647058823529413 0.024051803885291396
2 0.49823529411764705 0.30527289546716 0.04823529411764706 0.018501387604070305
3 0.5570588235294117 0.30481036077705825 0.03411764705882353 0.01757631822386679
2 0.11352941176470588 0.34921369102682703 0.10941176470588235 0.013876040703052728
3 0.2388235294117647 0.3515263644773358 0.10588235294117647 0.018501387604070305
2 0.5158823529411765 0.34967622571692875 0.08352941176470588 0.014801110083256245
3 0.591764705882353 0.3519888991674376 0.03294117647058824 0.01942645698427382
2 0.08294117647058824 0.39777983348751156 0.04823529411764706 0.018501387604070305
3 0.14941176470588236 0.39592969472710454 0.04941176470588235 0.014801110083256245
2 0.49529411764705883 0.3982423681776133 0.16470588235294117 0.01942645698427382
3 0.6170588235294118 0.3963922294172063 0.04352941176470588 0.01572617946345976
2 0.08294117647058824 0.4440333024976873 0.04823529411764706 0.018501387604070305
3 0.15529411764705883 0.44449583718778907 0.0611764705882353 0.01942645698427382
2 0.49529411764705883 0.44449583718778907 0.16470588235294117 0.01942645698427382
3 0.6176470588235294 0.4421831637372803 0.04470588235294118 0.014801110083256245
2 0.10882352941176471 0.5069380203515264 0.1 0.014801110083256245
4 0.24705882352941178 0.513413506012951 0.023529411764705882 0.018501387604070305
2 0.29705882352941176 0.5064754856614246 0.052941176470588235 0.013876040703052728
5 0.4235294117647059 0.513413506012951 0.023529411764705882 0.018501387604070305
2 0.46352941176470586 0.5064754856614246 0.03294117647058824 0.013876040703052728
1 0.2605882352941176 0.5633672525439408 0.40352941176470586 0.016651248843663275
2 0.6670588235294118 0.6110083256244219 0.15764705882352942 0.01942645698427382
1 0.6758823529411765 0.6327474560592045 0.1988235294117647 0.016651248843663275