0 0.5 0.05629770992366412 0.6423529411764706 0.01717557251908397
0 0.5 0.1321564885496183 0.24941176470588236 0.016221374045801526
2 0.10058823529411764 0.21755725190839695 0.08352941176470588 0.015267175572519083
3 0.19705882352941176 0.22041984732824427 0.07411764705882352 0.02099236641221374
2 0.5023529411764706 0.21946564885496184 0.10823529411764705 0.019083969465648856
3 0.6088235294117647 0.21994274809160305 0.06941176470588235 0.020038167938931296
2 0.08294117647058824 0.26717557251908397 0.04823529411764706 0.019083969465648856
3 0.14529411764705882 0.2657442748091603 0.041176470588235294 0.016221374045801526
2 0.1411764705882353 0.31536259541984735 0.16470588235294117 0.020038167938931296
3 0.25529411764705884 0.31345419847328243 0.02823529411764706 0.016221374045801526
2 0.611764705882353 0.31536259541984735 0.16470588235294117 0.020038167938931296
3 0.7423529411764705 0.31536259541984735 0.0611764705882353 0.020038167938931296
2 0.08294117647058824 0.36259541984732824 0.04823529411764706 0.019083969465648856
3 0.16176470588235295 0.36354961832061067 0.07411764705882352 0.02099236641221374
2 0.10529411764705883 0.41030534351145037 0.09294117647058824 0.019083969465648856
3 0.1923529411764706 0.4098282442748092 0.04588235294117647 0.01812977099236641
2 0.10882352941176471 0.4751908396946565 0.1 0.015267175572519083
5 0.24705882352941178 0.4818702290076336 0.023529411764705882 0.019083969465648856
2 0.29705882352941176 0.4747137404580153 0.052941176470588235 0.01431297709923664
4 0.4235294117647059 0.4818702290076336 0.023529411764705882 0.019083969465648856
2 0.46352941176470586 0.4747137404580153 0.03294117647058824 0.01431297709923664
1 0.2605882352941176 0.5333969465648855 0.40352941176470586 0.01717557251908397
2 0.6670588235294118 0.5825381679389313 0.15764705882352942 0.020038167938931296
1 0.6758823529411765 0.6049618320610687 0.1988235294117647 0.01717557251908397