0 0.5 0.05468025949953661 0.6423529411764706 0.016682113067655237
0 0.5 0.1283595922150139 0.23294117647058823 0.015755329008341055
2 0.11294117647058824 0.21316033364226136 0.10823529411764705 0.018535681186283594
3 0.2011764705882353 0.211306765523633 0.03294117647058824 0.014828544949026877
2 0.5276470588235294 0.21084337349397592 0.10941176470588235 0.013901760889712697
2 0.08294117647058824 0.2594995366079703 0.04823529411764706 0.018535681186283594
2 0.45941176470588235 0.2594995366079703 0.09294117647058824 0.018535681186283594
2 0.11352941176470588 0.3035217794253939 0.10941176470588235 0.013901760889712697
3 0.25 0.3086190917516219 0.12823529411764706 0.024096385542168676
2 0.11294117647058824 0.35217794253938833 0.10823529411764705 0.018535681186283594
3 0.20823529411764705 0.3526413345690454 0.047058823529411764 0.019462465245597776
2 0.10529411764705883 0.3985171455050973 0.09294117647058824 0.018535681186283594
2 0.1411764705882353 0.4453197405004634 0.16470588235294117 0.019462465245597776
3 0.2576470588235294 0.4453197405004634 0.03294117647058824 0.019462465245597776
2 0.10882352941176471 0.5078776645041705 0.1 0.014828544949026877
4 0.24705882352941178 0.5143651529193698 0.023529411764705882 0.018535681186283594
2 0.29705882352941176 0.5074142724745134 0.052941176470588235 0.013901760889712697
5 0.4235294117647059 0.5143651529193698 0.023529411764705882 0.018535681186283594
2 0.46352941176470586 0.5074142724745134 0.03294117647058824 0.013901760889712697
1 0.2605882352941176 0.5644114921223355 0.40352941176470586 0.016682113067655237
2 0.6670588235294118 0.6121408711770158 0.15764705882352942 0.019462465245597776
1 0.6758823529411765 0.633920296570899 0.1988235294117647 0.016682113067655237