0 0.5 0.05086206896551724 0.6423529411764706 0.015517241379310345
0 0.5 0.11982758620689656 0.28352941176470586 0.015517241379310345
2 0.10058823529411764 0.19655172413793104 0.08352941176470588 0.013793103448275862
2 0.10529411764705883 0.2413793103448276 0.09294117647058824 0.017241379310344827
2 0.48176470588235293 0.2413793103448276 0.04823529411764706 0.017241379310344827
2 0.10529411764705883 0.28448275862068967 0.09294117647058824 0.017241379310344827
2 0.4894117647058824 0.2823275862068966 0.06352941176470588 0.01293103448275862
2 0.10529411764705883 0.3275862068965517 0.09294117647058824 0.017241379310344827
2 0.09058823529411765 0.36853448275862066 0.06352941176470588 0.01293103448275862
2 0.10882352941176471 0.42931034482758623 0.1 0.013793103448275862
4 0.24705882352941178 0.4353448275862069 0.023529411764705882 0.017241379310344827
2 0.29705882352941176 0.42887931034482757 0.052941176470588235 0.01293103448275862
4 0.4235294117647059 0.4353448275862069 0.023529411764705882 0.017241379310344827
2 0.46352941176470586 0.42887931034482757 0.03294117647058824 0.01293103448275862
1 0.2605882352941176 0.4818965517241379 0.40352941176470586 0.015517241379310345
2 0.6670588235294118 0.5262931034482758 0.15764705882352942 0.01810344827586207
1 0.6758823529411765 0.5465517241379311 0.1988235294117647 0.015517241379310345