0 0.5 0.05853174603174603 0.6423529411764706 0.017857142857142856
0 0.5 0.13740079365079366 0.24941176470588236 0.016865079365079364
2 0.1411764705882353 0.2286706349206349 0.16470588235294117 0.020833333333333332
2 0.10529411764705883 0.2777777777777778 0.09294117647058824 0.01984126984126984
3 0.19294117647058823 0.27827380952380953 0.047058823529411764 0.020833333333333332
2 0.11294117647058824 0.3273809523809524 0.10823529411764705 0.01984126984126984
3 0.20823529411764705 0.32589285714285715 0.047058823529411764 0.016865079365079364
2 0.11294117647058824 0.376984126984127 0.10823529411764705 0.01984126984126984
2 0.08294117647058824 0.42658730158730157 0.04823529411764706 0.01984126984126984
2 0.46705882352941175 0.42658730158730157 0.10823529411764705 0.01984126984126984
2 0.10882352941176471 0.49404761904761907 0.1 0.015873015873015872
4 0.24705882352941178 0.5009920634920635 0.023529411764705882 0.01984126984126984
2 0.29705882352941176 0.4935515873015873 0.052941176470588235 0.01488095238095238
5 0.4235294117647059 0.5009920634920635 0.023529411764705882 0.01984126984126984
2 0.46352941176470586 0.4935515873015873 0.03294117647058824 0.01488095238095238
1 0.2605882352941176 0.5545634920634921 0.40352941176470586 0.017857142857142856
2 0.6670588235294118 0.6056547619047619 0.15764705882352942 0.020833333333333332
1 0.6758823529411765 0.628968253968254 0.1988235294117647 0.017857142857142856