0 0.5 0.05629770992366412 0.6423529411764706 0.01717557251908397
0 0.5 0.13263358778625955 0.30470588235294116 0.01717557251908397
2 0.10529411764705883 0.21946564885496184 0.09294117647058824 0.019083969465648856
3 0.18941176470588236 0.21994274809160305 0.04 0.020038167938931296
2 0.48176470588235293 0.21946564885496184 0.04823529411764706 0.019083969465648856
3 0.538235294117647 0.21994274809160305 0.029411764705882353 0.020038167938931296
2 0.10058823529411764 0.2652671755725191 0.08352941176470588 0.015267175572519083
3 0.18588235294117647 0.2657442748091603 0.05176470588235294 0.016221374045801526
2 0.49470588235294116 0.26717557251908397 0.09294117647058824 0.019083969465648856
3 0.581764705882353 0.2652671755725191 0.04588235294117647 0.015267175572519083
2 0.1411764705882353 0.31536259541984735 0.16470588235294117 0.020038167938931296
3 0.2576470588235294 0.31536259541984735 0.03294117647058824 0.020038167938931296
2 0.5835294117647059 0.3148854961832061 0.10823529411764705 0.019083969465648856
3 0.6717647058823529 0.31297709923664124 0.03294117647058824 0.015267175572519083
2 0.10058823529411764 0.3606870229007634 0.08352941176470588 0.015267175572519083
3 0.17647058823529413 0.3606870229007634 0.03294117647058824 0.015267175572519083
2 0.11294117647058824 0.41030534351145037 0.10823529411764705 0.019083969465648856
3 0.2011764705882353 0.4107824427480916 0.03294117647058824 0.020038167938931296
2 0.11294117647058824 0.4580152671755725 0.10823529411764705 0.019083969465648856
3 0.21058823529411766 0.45658396946564883 0.05176470588235294 0.016221374045801526
2 0.10882352941176471 0.5229007633587787 0.1 0.015267175572519083
4 0.24705882352941178 0.5295801526717557 0.023529411764705882 0.019083969465648856
2 0.29705882352941176 0.5224236641221374 0.052941176470588235 0.01431297709923664
5 0.4235294117647059 0.5295801526717557 0.023529411764705882 0.019083969465648856
2 0.46352941176470586 0.5224236641221374 0.03294117647058824 0.01431297709923664
1 0.2605882352941176 0.5811068702290076 0.40352941176470586 0.01717557251908397
2 0.6670588235294118 0.6302480916030534 0.15764705882352942 0.020038167938931296
1 0.6758823529411765 0.6526717557251909 0.1988235294117647 0.01717557251908397