0 0.5 0.04920767306088407 0.6423529411764706 0.015012510425354461
0 0.5 0.11592994161801501 0.28352941176470586 0.015012510425354461
2 0.10529411764705883 0.19182652210175147 0.09294117647058824 0.016680567139282735
3 0.19294117647058823 0.19224353628023352 0.047058823529411764 0.01751459549624687
2 0.1411764705882353 0.23394495412844038 0.16470588235294117 0.01751459549624687
3 0.26176470588235295 0.2322768974145121 0.041176470588235294 0.014178482068390326
2 0.09058823529411765 0.2731442869057548 0.06352941176470588 0.012510425354462052
3 0.15705882352941178 0.2735613010842369 0.03411764705882353 0.013344453711426188
2 0.11294117647058824 0.31693077564637195 0.10823529411764705 0.016680567139282735
3 0.2088235294117647 0.31734778982485407 0.04823529411764706 0.01751459549624687
2 0.5047058823529412 0.3148457047539616 0.06352941176470588 0.012510425354462052
3 0.58 0.3156797331109258 0.05176470588235294 0.014178482068390326
2 0.08294117647058824 0.3586321934945788 0.04823529411764706 0.016680567139282735
3 0.15058823529411763 0.3573811509591326 0.05176470588235294 0.014178482068390326
2 0.10882352941176471 0.4153461217681401 0.1 0.013344453711426188
4 0.24705882352941178 0.42118432026688907 0.023529411764705882 0.016680567139282735
2 0.29705882352941176 0.41492910758965806 0.052941176470588235 0.012510425354462052
5 0.4235294117647059 0.42118432026688907 0.023529411764705882 0.016680567139282735
2 0.46352941176470586 0.41492910758965806 0.03294117647058824 0.012510425354462052
1 0.2605882352941176 0.4662218515429525 0.40352941176470586 0.015012510425354461
2 0.6670588235294118 0.5091743119266054 0.15764705882352942 0.01751459549624687
1 0.6758823529411765 0.5287739783152627 0.1988235294117647 0.015012510425354461