0 0.5 0.05004240882103478 0.6423529411764706 0.015267175572519083
0 0.5 0.11789652247667515 0.30470588235294116 0.015267175572519083
2 0.10058823529411764 0.19338422391857507 0.08352941176470588 0.013570822731128074
3 0.18352941176470589 0.19338422391857507 0.047058823529411764 0.013570822731128074
2 0.08294117647058824 0.23748939779474132 0.04823529411764706 0.016963528413910092
2 0.1411764705882353 0.28032230703986427 0.16470588235294117 0.017811704834605598
2 0.5611764705882353 0.2777777777777778 0.06352941176470588 0.01272264631043257
2 0.08294117647058824 0.32230703986429177 0.04823529411764706 0.016963528413910092
3 0.15411764705882353 0.3210347752332485 0.058823529411764705 0.01441899915182358
2 0.4547058823529412 0.32061068702290074 0.08352941176470588 0.013570822731128074
3 0.5341176470588235 0.3210347752332485 0.04 0.01441899915182358
2 0.08294117647058824 0.364715860899067 0.04823529411764706 0.016963528413910092
3 0.14588235294117646 0.363019508057676 0.042352941176470586 0.013570822731128074
2 0.10882352941176471 0.4223918575063613 0.1 0.013570822731128074
4 0.24705882352941178 0.42832909245122985 0.023529411764705882 0.016963528413910092
2 0.29705882352941176 0.4219677692960136 0.052941176470588235 0.01272264631043257
5 0.4235294117647059 0.42832909245122985 0.023529411764705882 0.016963528413910092
2 0.46352941176470586 0.4219677692960136 0.03294117647058824 0.01272264631043257
1 0.2605882352941176 0.4741306191687871 0.40352941176470586 0.015267175572519083
2 0.6670588235294118 0.5178117048346056 0.15764705882352942 0.017811704834605598
1 0.6758823529411765 0.53774385072095 0.1988235294117647 0.015267175572519083