0 0.5 0.05624404194470925 0.6423529411764706 0.017159199237368923
0 0.5 0.1325071496663489 0.28352941176470586 0.017159199237368923
2 0.08294117647058824 0.219256434699714 0.04823529411764706 0.019065776930409915
3 0.14882352941176472 0.21973307912297427 0.04823529411764706 0.02001906577693041
2 0.11294117647058824 0.2669208770257388 0.10823529411764705 0.019065776930409915
3 0.21529411764705883 0.26739752144899903 0.0611764705882353 0.02001906577693041
2 0.09294117647058824 0.3150619637750238 0.06823529411764706 0.02001906577693041
3 0.16176470588235295 0.3126787416587226 0.03411764705882353 0.015252621544327931
2 0.4747058823529412 0.3126787416587226 0.08352941176470588 0.015252621544327931
3 0.5647058823529412 0.3150619637750238 0.0611764705882353 0.02001906577693041
2 0.09294117647058824 0.3627264061010486 0.06823529411764706 0.02001906577693041
3 0.1588235294117647 0.3603431839847474 0.02823529411764706 0.015252621544327931
2 0.10058823529411764 0.40800762631077214 0.08352941176470588 0.015252621544327931
3 0.18294117647058825 0.40800762631077214 0.04588235294117647 0.015252621544327931
2 0.5023529411764706 0.4099142040038132 0.10823529411764705 0.019065776930409915
3 0.6135294117647059 0.41086749285033364 0.07882352941176471 0.020972354623450904
2 0.10529411764705883 0.45757864632983797 0.09294117647058824 0.019065776930409915
3 0.2 0.4580552907530982 0.0611764705882353 0.02001906577693041
2 0.10882352941176471 0.5224022878932316 0.1 0.015252621544327931
5 0.24705882352941178 0.5290753098188751 0.023529411764705882 0.019065776930409915
2 0.29705882352941176 0.5219256434699714 0.052941176470588235 0.014299332697807437
4 0.4235294117647059 0.5290753098188751 0.023529411764705882 0.019065776930409915
2 0.46352941176470586 0.5219256434699714 0.03294117647058824 0.014299332697807437
1 0.2605882352941176 0.5805529075309819 0.40352941176470586 0.017159199237368923
2 0.6670588235294118 0.6296472831267874 0.15764705882352942 0.02001906577693041
1 0.6758823529411765 0.652049571020019 0.1988235294117647 0.017159199237368923