0 0.5 0.0575609756097561 0.6423529411764706 0.0175609756097561
0 0.5 0.1351219512195122 0.23294117647058823 0.016585365853658537
2 0.09294117647058824 0.2248780487804878 0.06823529411764706 0.02048780487804878
3 0.1588235294117647 0.2229268292682927 0.02823529411764706 0.016585365853658537
2 0.45705882352941174 0.22439024390243903 0.04823529411764706 0.01951219512195122
3 0.5370588235294118 0.2253658536585366 0.07647058823529412 0.021463414634146343
2 0.11294117647058824 0.2731707317073171 0.10823529411764705 0.01951219512195122
3 0.1988235294117647 0.27121951219512197 0.02823529411764706 0.015609756097560976
2 0.09058823529411765 0.3195121951219512 0.06352941176470588 0.014634146341463415
3 0.1564705882352941 0.3224390243902439 0.03294117647058824 0.02048780487804878
2 0.46 0.3195121951219512 0.06352941176470588 0.014634146341463415
3 0.5388235294117647 0.3204878048780488 0.058823529411764705 0.016585365853658537
2 0.1411764705882353 0.37121951219512195 0.16470588235294117 0.02048780487804878
3 0.2605882352941176 0.37073170731707317 0.03882352941176471 0.01951219512195122
2 0.09294117647058824 0.42 0.06823529411764706 0.02048780487804878
3 0.16941176470588235 0.4175609756097561 0.04941176470588235 0.015609756097560976
2 0.11294117647058824 0.4682926829268293 0.10823529411764705 0.01951219512195122
3 0.20823529411764705 0.468780487804878 0.047058823529411764 0.02048780487804878
2 0.5070588235294118 0.468780487804878 0.06823529411764706 0.02048780487804878
3 0.5935294117647059 0.468780487804878 0.06941176470588235 0.02048780487804878
2 0.10882352941176471 0.5346341463414634 0.1 0.015609756097560976
5 0.24705882352941178 0.5414634146341464 0.023529411764705882 0.01951219512195122
2 0.29705882352941176 0.5341463414634147 0.052941176470588235 0.014634146341463415
4 0.4235294117647059 0.5414634146341464 0.023529411764705882 0.01951219512195122
2 0.46352941176470586 0.5341463414634147 0.03294117647058824 0.014634146341463415
1 0.2605882352941176 0.5941463414634146 0.40352941176470586 0.0175609756097561
2 0.6670588235294118 0.644390243902439 0.15764705882352942 0.02048780487804878
1 0.6758823529411765 0.6673170731707317 0.1988235294117647 0.0175609756097561