0 0.5 0.05184534270650264 0.6423529411764706 0.015817223198594025
0 0.5 0.12170474516695957 0.24941176470588236 0.014938488576449912
2 0.11352941176470588 0.1999121265377856 0.10941176470588235 0.013181019332161687
2 0.10529411764705883 0.2460456942003515 0.09294117647058824 0.01757469244288225
2 0.5123529411764706 0.2438488576449912 0.10941176470588235 0.013181019332161687
3 0.6594117647058824 0.24868189806678384 0.14941176470588236 0.022847100175746926
2 0.11352941176470588 0.28778558875219684 0.10941176470588235 0.013181019332161687
2 0.09058823529411765 0.3317223198594025 0.06352941176470588 0.013181019332161687
3 0.16588235294117648 0.3326010544815466 0.05176470588235294 0.014938488576449912
2 0.48294117647058826 0.3317223198594025 0.10941176470588235 0.013181019332161687
3 0.6394117647058823 0.3347978910369069 0.16823529411764707 0.019332161687170474
2 0.10529411764705883 0.37785588752196836 0.09294117647058824 0.01757469244288225
3 0.18941176470588236 0.37653778558875217 0.04 0.014938488576449912
2 0.5123529411764706 0.37565905096660807 0.10941176470588235 0.013181019332161687
2 0.09294117647058824 0.422231985940246 0.06823529411764706 0.01845342706502636
2 0.47941176470588237 0.421792618629174 0.09294117647058824 0.01757469244288225
3 0.5829411764705882 0.4226713532513181 0.07882352941176471 0.019332161687170474
2 0.10882352941176471 0.48154657293497366 0.1 0.014059753954305799
5 0.24705882352941178 0.4876977152899824 0.023529411764705882 0.01757469244288225
2 0.29705882352941176 0.4811072056239016 0.052941176470588235 0.013181019332161687
4 0.4235294117647059 0.4876977152899824 0.023529411764705882 0.01757469244288225
2 0.46352941176470586 0.4811072056239016 0.03294117647058824 0.013181019332161687
1 0.2605882352941176 0.5351493848857645 0.40352941176470586 0.015817223198594025
2 0.6670588235294118 0.5804042179261862 0.15764705882352942 0.01845342706502636
1 0.6758823529411765 0.6010544815465729 0.1988235294117647 0.015817223198594025