0 0.5 0.051709027169149865 0.6423529411764706 0.015775635407537247
0 0.5 0.12138475021910605 0.23294117647058823 0.014899211218229623
2 0.11352941176470588 0.19938650306748465 0.10941176470588235 0.013146362839614373
3 0.23294117647058823 0.2002629272567923 0.09411764705882353 0.014899211218229623
2 0.11352941176470588 0.2432077125328659 0.10941176470588235 0.013146362839614373
3 0.23058823529411765 0.24583698510078877 0.08941176470588236 0.018404907975460124
2 0.10058823529411764 0.287467134092901 0.08352941176470588 0.014022787028921999
3 0.19823529411764707 0.2900964066608238 0.07647058823529412 0.019281332164767746
2 0.5029411764705882 0.28702892199824714 0.10941176470588235 0.013146362839614373
3 0.6188235294117647 0.28790534618755476 0.08705882352941176 0.014899211218229623
2 0.1411764705882353 0.3334794040315513 0.16470588235294117 0.018404907975460124
3 0.25823529411764706 0.3312883435582822 0.03411764705882353 0.014022787028921999
2 0.10882352941176471 0.39263803680981596 0.1 0.014022787028921999
5 0.24705882352941178 0.3987730061349693 0.023529411764705882 0.017528483786152498
2 0.29705882352941176 0.3921998247151621 0.052941176470588235 0.013146362839614373
4 0.4235294117647059 0.3987730061349693 0.023529411764705882 0.017528483786152498
2 0.46352941176470586 0.3921998247151621 0.03294117647058824 0.013146362839614373
1 0.2605882352941176 0.44609991235758106 0.40352941176470586 0.015775635407537247
2 0.6670588235294118 0.49123575810692377 0.15764705882352942 0.018404907975460124
1 0.6758823529411765 0.5118317265556529 0.1988235294117647 0.015775635407537247