0 0.5 0.050818260120585705 0.6423529411764706 0.015503875968992248
0 0.5 0.11972437553832903 0.2647058823529412 0.015503875968992248
2 0.11294117647058824 0.19810508182601205 0.10823529411764705 0.017226528854435832
3 0.20352941176470588 0.19638242894056848 0.03764705882352941 0.013781223083548665
2 0.09058823529411765 0.23901808785529716 0.06352941176470588 0.012919896640826873
3 0.16411764705882353 0.24160206718346253 0.04823529411764706 0.01808785529715762
2 0.4823529411764706 0.24117140396210163 0.10823529411764705 0.017226528854435832
3 0.58 0.23987941429801896 0.05176470588235294 0.014642549526270457
2 0.1411764705882353 0.28466838931955213 0.16470588235294117 0.01808785529715762
3 0.2647058823529412 0.28466838931955213 0.047058823529411764 0.01808785529715762
2 0.11352941176470588 0.3251507321274763 0.10941176470588235 0.012919896640826873
3 0.28823529411764703 0.3281653746770026 0.20470588235294118 0.018949181739879414
2 0.09058823529411765 0.3682170542635659 0.06352941176470588 0.012919896640826873
3 0.1635294117647059 0.3708010335917313 0.047058823529411764 0.01808785529715762
2 0.10882352941176471 0.4289405684754522 0.1 0.013781223083548665
4 0.24705882352941178 0.43496985357450474 0.023529411764705882 0.017226528854435832
2 0.29705882352941176 0.42850990525409133 0.052941176470588235 0.012919896640826873
5 0.4235294117647059 0.43496985357450474 0.023529411764705882 0.017226528854435832
2 0.46352941176470586 0.42850990525409133 0.03294117647058824 0.012919896640826873
1 0.2605882352941176 0.48148148148148145 0.40352941176470586 0.015503875968992248
2 0.6670588235294118 0.5258397932816538 0.15764705882352942 0.01808785529715762
1 0.6758823529411765 0.5460809646856158 0.1988235294117647 0.015503875968992248