0 0.5 0.05117085862966175 0.6423529411764706 0.015611448395490026
0 0.5 0.12012142237640937 0.23294117647058823 0.014744145706851692
2 0.09058823529411765 0.19731136166522117 0.06352941176470588 0.013009540329575022
3 0.16058823529411764 0.1981786643538595 0.041176470588235294 0.014744145706851692
2 0.09058823529411765 0.2406764960971379 0.06352941176470588 0.013009540329575022
3 0.16176470588235295 0.24154379878577623 0.04352941176470588 0.014744145706851692
2 0.4747058823529412 0.24284475281873374 0.09294117647058824 0.017346053772766695
3 0.5623529411764706 0.24111014744145706 0.047058823529411764 0.013876843018213356
2 0.11352941176470588 0.2840416305290546 0.10941176470588235 0.013009540329575022
3 0.2994117647058824 0.2888117953165655 0.22705882352941176 0.022549869904596703
2 0.5158823529411765 0.2844752818733738 0.08352941176470588 0.013876843018213356
3 0.5952941176470589 0.28490893321769295 0.04 0.014744145706851692
2 0.10058823529411764 0.32784041630529054 0.08352941176470588 0.013876843018213356
3 0.18588235294117647 0.3282740676496097 0.05176470588235294 0.014744145706851692
2 0.10882352941176471 0.388551604509974 0.1 0.013876843018213356
5 0.24705882352941178 0.39462272333044235 0.023529411764705882 0.017346053772766695
2 0.29705882352941176 0.38811795316565484 0.052941176470588235 0.013009540329575022
4 0.4235294117647059 0.39462272333044235 0.023529411764705882 0.017346053772766695
2 0.46352941176470586 0.38811795316565484 0.03294117647058824 0.013009540329575022
1 0.2605882352941176 0.4414570685169124 0.40352941176470586 0.015611448395490026
2 0.6670588235294118 0.48612315698178665 0.15764705882352942 0.01821335646140503
1 0.6758823529411765 0.5065047701647876 0.1988235294117647 0.015611448395490026