0 0.5 0.05888223552894212 0.6423529411764706 0.017964071856287425
0 0.5 0.13872255489021956 0.2647058823529412 0.017964071856287425
2 0.09294117647058824 0.23003992015968064 0.06823529411764706 0.020958083832335328
3 0.18294117647058825 0.23053892215568864 0.07647058823529412 0.021956087824351298
2 0.1411764705882353 0.27994011976047906 0.16470588235294117 0.020958083832335328
3 0.2605882352941176 0.27944111776447106 0.03882352941176471 0.01996007984031936
2 0.11352941176470588 0.3268463073852295 0.10941176470588235 0.014970059880239521
3 0.22176470588235295 0.3273453093812375 0.07176470588235294 0.015968063872255488
2 0.49823529411764705 0.32934131736526945 0.04823529411764706 0.01996007984031936
3 0.5629411764705883 0.32884231536926145 0.04588235294117647 0.018962075848303395
2 0.1411764705882353 0.37974051896207583 0.16470588235294117 0.020958083832335328
3 0.26294117647058823 0.3777445109780439 0.04352941176470588 0.016966067864271458
2 0.5835294117647059 0.37924151696606784 0.10823529411764705 0.01996007984031936
3 0.6788235294117647 0.37974051896207583 0.047058823529411764 0.020958083832335328
2 0.11294117647058824 0.4291417165668663 0.10823529411764705 0.01996007984031936
3 0.2011764705882353 0.4296407185628742 0.03294117647058824 0.020958083832335328
2 0.5194117647058824 0.4291417165668663 0.09294117647058824 0.01996007984031936
3 0.6041176470588235 0.4276447105788423 0.041176470588235294 0.016966067864271458
2 0.11352941176470588 0.47654690618762474 0.10941176470588235 0.014970059880239521
3 0.2817647058823529 0.4820359281437126 0.19176470588235295 0.02594810379241517
2 0.10882352941176471 0.5469061876247505 0.1 0.015968063872255488
5 0.24705882352941178 0.5538922155688623 0.023529411764705882 0.01996007984031936
2 0.29705882352941176 0.5464071856287425 0.052941176470588235 0.014970059880239521
4 0.4235294117647059 0.5538922155688623 0.023529411764705882 0.01996007984031936
2 0.46352941176470586 0.5464071856287425 0.03294117647058824 0.014970059880239521
1 0.2605882352941176 0.6077844311377245 0.40352941176470586 0.017964071856287425
2 0.6670588235294118 0.659181636726547 0.15764705882352942 0.020958083832335328
1 0.6758823529411765 0.6826347305389222 0.1988235294117647 0.017964071856287425