0 0.5 0.052444444444444446 0.6423529411764706 0.016
0 0.5 0.12311111111111112 0.24941176470588236 0.015111111111111112
2 0.11352941176470588 0.20222222222222222 0.10941176470588235 0.013333333333333334
2 0.5564705882352942 0.2048888888888889 0.16470588235294117 0.018666666666666668
2 0.1411764705882353 0.24933333333333332 0.16470588235294117 0.018666666666666668
3 0.2647058823529412 0.24933333333333332 0.047058823529411764 0.018666666666666668
2 0.10529411764705883 0.29333333333333333 0.09294117647058824 0.017777777777777778
3 0.1988235294117647 0.292 0.058823529411764705 0.015111111111111112
2 0.11352941176470588 0.33555555555555555 0.10941176470588235 0.013333333333333334
2 0.09294117647058824 0.38266666666666665 0.06823529411764706 0.018666666666666668
2 0.10529411764705883 0.4266666666666667 0.09294117647058824 0.017777777777777778
3 0.19294117647058823 0.4271111111111111 0.047058823529411764 0.018666666666666668
2 0.5117647058823529 0.4266666666666667 0.10823529411764705 0.017777777777777778
2 0.10882352941176471 0.4871111111111111 0.1 0.014222222222222223
4 0.24705882352941178 0.49333333333333335 0.023529411764705882 0.017777777777777778
2 0.29705882352941176 0.4866666666666667 0.052941176470588235 0.013333333333333334
5 0.4235294117647059 0.49333333333333335 0.023529411764705882 0.017777777777777778
2 0.46352941176470586 0.4866666666666667 0.03294117647058824 0.013333333333333334
1 0.2605882352941176 0.5413333333333333 0.40352941176470586 0.016
2 0.6670588235294118 0.5871111111111111 0.15764705882352942 0.018666666666666668
1 0.6758823529411765 0.608 0.1988235294117647 0.016