0 0.5 0.058358061325420374 0.6423529411764706 0.017804154302670624
0 0.5 0.13748763600395647 0.2647058823529412 0.017804154302670624
2 0.1411764705882353 0.22799208704253215 0.16470588235294117 0.020771513353115726
2 0.10058823529411764 0.27497527200791294 0.08352941176470588 0.01582591493570722
2 0.11294117647058824 0.3264094955489614 0.10823529411764705 0.019782393669634024
2 0.1411764705882353 0.37636003956478736 0.16470588235294117 0.020771513353115726
2 0.09294117647058824 0.4258160237388724 0.06823529411764706 0.020771513353115726
2 0.10058823529411764 0.47279920870425324 0.08352941176470588 0.01582591493570722
2 0.5023529411764706 0.47477744807121663 0.10823529411764705 0.019782393669634024
2 0.10882352941176471 0.5420375865479723 0.1 0.01582591493570722
4 0.24705882352941178 0.5489614243323442 0.023529411764705882 0.019782393669634024
2 0.29705882352941176 0.5415430267062314 0.052941176470588235 0.01483679525222552
4 0.4235294117647059 0.5489614243323442 0.023529411764705882 0.019782393669634024
2 0.46352941176470586 0.5415430267062314 0.03294117647058824 0.01483679525222552
1 0.2605882352941176 0.6023738872403561 0.40352941176470586 0.017804154302670624
2 0.6670588235294118 0.6533135509396637 0.15764705882352942 0.020771513353115726
1 0.6758823529411765 0.6765578635014837 0.1988235294117647 0.017804154302670624