0 0.5 0.05004240882103478 0.6423529411764706 0.015267175572519083
0 0.5 0.11747243426632739 0.24941176470588236 0.01441899915182358
2 0.11294117647058824 0.19508057675996607 0.10823529411764705 0.016963528413910092
3 0.20411764705882354 0.19508057675996607 0.03882352941176471 0.016963528413910092
2 0.11352941176470588 0.23536895674300254 0.10941176470588235 0.01272264631043257
3 0.24823529411764705 0.23791348600508905 0.12470588235294118 0.017811704834605598
2 0.08294117647058824 0.27989821882951654 0.04823529411764706 0.016963528413910092
3 0.15529411764705883 0.28032230703986427 0.0611764705882353 0.017811704834605598
2 0.11352941176470588 0.320186598812553 0.10941176470588235 0.01272264631043257
3 0.26823529411764707 0.32273112807463955 0.16470588235294117 0.017811704834605598
2 0.49823529411764705 0.32230703986429177 0.04823529411764706 0.016963528413910092
3 0.56 0.3210347752332485 0.04 0.01441899915182358
2 0.10882352941176471 0.3799830364715861 0.1 0.013570822731128074
4 0.24705882352941178 0.38592027141645463 0.023529411764705882 0.016963528413910092
2 0.29705882352941176 0.3795589482612383 0.052941176470588235 0.01272264631043257
5 0.4235294117647059 0.38592027141645463 0.023529411764705882 0.016963528413910092
2 0.46352941176470586 0.3795589482612383 0.03294117647058824 0.01272264631043257
1 0.2605882352941176 0.43172179813401185 0.40352941176470586 0.015267175572519083
2 0.6670588235294118 0.47540288379983037 0.15764705882352942 0.017811704834605598
1 0.6758823529411765 0.4953350296861747 0.1988235294117647 0.015267175572519083