0 0.5 0.05225863596102746 0.6423529411764706 0.015943312666076175
0 0.5 0.12267493356953056 0.24941176470588236 0.015057573073516387
2 0.1411764705882353 0.204162976085031 0.16470588235294117 0.018600531443755536
3 0.2576470588235294 0.20194862710363154 0.03294117647058824 0.0141718334809566
2 0.5835294117647059 0.20372010628875112 0.10823529411764705 0.01771479185119575
2 0.11294117647058824 0.24800708591674048 0.10823529411764705 0.01771479185119575
2 0.5047058823529412 0.245792736935341 0.06352941176470588 0.013286093888396812
2 0.10058823529411764 0.29052258635961026 0.08352941176470588 0.0141718334809566
2 0.10529411764705883 0.3365810451727192 0.09294117647058824 0.01771479185119575
2 0.5041176470588236 0.3365810451727192 0.09294117647058824 0.01771479185119575
2 0.11294117647058824 0.3808680248007086 0.10823529411764705 0.01771479185119575
3 0.2076470588235294 0.37909654561558903 0.04588235294117647 0.0141718334809566
2 0.5147058823529411 0.37909654561558903 0.08352941176470588 0.0141718334809566
2 0.10529411764705883 0.42515500442869797 0.09294117647058824 0.01771479185119575
2 0.10882352941176471 0.4853852967227635 0.1 0.0141718334809566
5 0.24705882352941178 0.491585473870682 0.023529411764705882 0.01771479185119575
2 0.29705882352941176 0.4849424269264836 0.052941176470588235 0.013286093888396812
4 0.4235294117647059 0.491585473870682 0.023529411764705882 0.01771479185119575
2 0.46352941176470586 0.4849424269264836 0.03294117647058824 0.013286093888396812
1 0.2605882352941176 0.5394154118689105 0.40352941176470586 0.015943312666076175
2 0.6670588235294118 0.5850310008857396 0.15764705882352942 0.018600531443755536
1 0.6758823529411765 0.6058458813108946 0.1988235294117647 0.015943312666076175