0 0.5 0.0506872852233677 0.6423529411764706 0.015463917525773196
0 0.5 0.11898625429553264 0.23294117647058823 0.014604810996563574
2 0.10529411764705883 0.19759450171821305 0.09294117647058824 0.01718213058419244
3 0.19117647058823528 0.19630584192439862 0.04352941176470588 0.014604810996563574
2 0.09058823529411765 0.23840206185567012 0.06352941176470588 0.01288659793814433
3 0.16294117647058823 0.23883161512027493 0.04588235294117647 0.013745704467353952
2 0.11294117647058824 0.28350515463917525 0.10823529411764705 0.01718213058419244
3 0.2011764705882353 0.281786941580756 0.03294117647058824 0.013745704467353952
2 0.11352941176470588 0.3243127147766323 0.10941176470588235 0.01288659793814433
3 0.25823529411764706 0.3290378006872852 0.14470588235294118 0.022336769759450172
2 0.49823529411764705 0.32646048109965636 0.04823529411764706 0.01718213058419244
3 0.5635294117647058 0.3268900343642612 0.047058823529411764 0.01804123711340206
2 0.09294117647058824 0.3698453608247423 0.06823529411764706 0.01804123711340206
3 0.17941176470588235 0.3698453608247423 0.06941176470588235 0.01804123711340206
2 0.09294117647058824 0.41280068728522334 0.06823529411764706 0.01804123711340206
3 0.16117647058823528 0.4106529209621993 0.03294117647058824 0.013745704467353952
2 0.48705882352941177 0.41237113402061853 0.10823529411764705 0.01718213058419244
3 0.5811764705882353 0.4106529209621993 0.04470588235294118 0.013745704467353952
2 0.10882352941176471 0.47079037800687284 0.1 0.013745704467353952
4 0.24705882352941178 0.47680412371134023 0.023529411764705882 0.01718213058419244
2 0.29705882352941176 0.47036082474226804 0.052941176470588235 0.01288659793814433
5 0.4235294117647059 0.47680412371134023 0.023529411764705882 0.01718213058419244
2 0.46352941176470586 0.47036082474226804 0.03294117647058824 0.01288659793814433
1 0.2605882352941176 0.5231958762886598 0.40352941176470586 0.015463917525773196
2 0.6670588235294118 0.5674398625429553 0.15764705882352942 0.01804123711340206
1 0.6758823529411765 0.5876288659793815 0.1988235294117647 0.015463917525773196