0 0.5 0.05296229802513465 0.6423529411764706 0.01615798922800718
0 0.5 0.12432675044883304 0.23294117647058823 0.01526032315978456
2 0.11352941176470588 0.20421903052064633 0.10941176470588235 0.013464991023339317
3 0.2529411764705882 0.20915619389587073 0.13411764705882354 0.02333931777378815
2 0.08294117647058824 0.2513464991023339 0.04823529411764706 0.017953321364452424
3 0.1388235294117647 0.25 0.02823529411764706 0.01526032315978456
2 0.11352941176470588 0.29398563734290845 0.10941176470588235 0.013464991023339317
3 0.2252941176470588 0.29488330341113106 0.07882352941176471 0.01526032315978456
2 0.10058823529411764 0.3393177737881508 0.08352941176470588 0.01436265709156194
3 0.18294117647058825 0.3393177737881508 0.04588235294117647 0.01436265709156194
2 0.49 0.3393177737881508 0.08352941176470588 0.01436265709156194
3 0.5705882352941176 0.3393177737881508 0.042352941176470586 0.01436265709156194
2 0.11294117647058824 0.3859964093357271 0.10823529411764705 0.017953321364452424
3 0.20823529411764705 0.3864452423698384 0.047058823529411764 0.018850987432675045
2 0.5047058823529412 0.38375224416517056 0.06352941176470588 0.013464991023339317
3 0.5764705882352941 0.38420107719928187 0.04470588235294118 0.01436265709156194
2 0.10882352941176471 0.44703770197486536 0.1 0.01436265709156194
5 0.24705882352941178 0.4533213644524237 0.023529411764705882 0.017953321364452424
2 0.29705882352941176 0.44658886894075406 0.052941176470588235 0.013464991023339317
4 0.4235294117647059 0.4533213644524237 0.023529411764705882 0.017953321364452424
2 0.46352941176470586 0.44658886894075406 0.03294117647058824 0.013464991023339317
1 0.2605882352941176 0.5017953321364452 0.40352941176470586 0.01615798922800718
2 0.6670588235294118 0.5480251346499102 0.15764705882352942 0.018850987432675045
1 0.6758823529411765 0.5691202872531418 0.1988235294117647 0.01615798922800718