0 0.5 0.053979871912168347 0.6423529411764706 0.01646843549862763
0 0.5 0.12671546203110703 0.24941176470588236 0.01555352241537054
2 0.10529411764705883 0.21043000914913082 0.09294117647058824 0.018298261665141813
3 0.20411764705882354 0.2108874656907594 0.06941176470588235 0.0192131747483989
2 0.09058823529411765 0.2538883806038426 0.06352941176470588 0.013723696248856358
3 0.16411764705882353 0.2566331198536139 0.04823529411764706 0.0192131747483989
2 0.09294117647058824 0.30237877401646845 0.06823529411764706 0.0192131747483989
3 0.16117647058823528 0.3000914913083257 0.03294117647058824 0.01463860933211345
2 0.09058823529411765 0.3453796889295517 0.06352941176470588 0.013723696248856358
3 0.16294117647058823 0.3458371454711802 0.04588235294117647 0.01463860933211345
2 0.48294117647058826 0.3453796889295517 0.10941176470588235 0.013723696248856358
3 0.6423529411764706 0.34858188472095153 0.17411764705882352 0.020128087831655993
2 0.10882352941176471 0.40988106129917656 0.1 0.01463860933211345
5 0.24705882352941178 0.4162854528819762 0.023529411764705882 0.018298261665141813
2 0.29705882352941176 0.409423604757548 0.052941176470588235 0.013723696248856358
4 0.4235294117647059 0.4162854528819762 0.023529411764705882 0.018298261665141813
2 0.46352941176470586 0.409423604757548 0.03294117647058824 0.013723696248856358
1 0.2605882352941176 0.4656907593778591 0.40352941176470586 0.01646843549862763
2 0.6670588235294118 0.5128087831655993 0.15764705882352942 0.0192131747483989
1 0.6758823529411765 0.5343092406221409 0.1988235294117647 0.01646843549862763