0 0.5 0.05263157894736842 0.6423529411764706 0.016057091882247992
0 0.5 0.1239964317573595 0.28352941176470586 0.016057091882247992
2 0.09058823529411765 0.20294380017841213 0.06352941176470588 0.013380909901873328
2 0.10529411764705883 0.24977698483496877 0.09294117647058824 0.01784121320249777
2 0.10529411764705883 0.2943800178412132 0.09294117647058824 0.01784121320249777
2 0.48176470588235293 0.2943800178412132 0.04823529411764706 0.01784121320249777
2 0.11294117647058824 0.3389830508474576 0.10823529411764705 0.01784121320249777
2 0.1411764705882353 0.3840321141837645 0.16470588235294117 0.01873327386262266
2 0.5835294117647059 0.3835860838537021 0.10823529411764705 0.01784121320249777
2 0.10882352941176471 0.44424620874219445 0.1 0.014272970561998216
4 0.24705882352941178 0.4504906333630687 0.023529411764705882 0.01784121320249777
2 0.29705882352941176 0.44380017841213204 0.052941176470588235 0.013380909901873328
4 0.4235294117647059 0.4504906333630687 0.023529411764705882 0.01784121320249777
2 0.46352941176470586 0.44380017841213204 0.03294117647058824 0.013380909901873328
1 0.2605882352941176 0.49866190900981266 0.40352941176470586 0.016057091882247992
2 0.6670588235294118 0.5446030330062445 0.15764705882352942 0.01873327386262266
1 0.6758823529411765 0.5655664585191793 0.1988235294117647 0.016057091882247992