0 0.5 0.05368516833484986 0.6423529411764706 0.01637852593266606
0 0.5 0.12602365787079162 0.23294117647058823 0.015468607825295723
2 0.09058823529411765 0.2070063694267516 0.06352941176470588 0.01364877161055505
2 0.11294117647058824 0.25477707006369427 0.10823529411764705 0.018198362147406732
2 0.5270588235294118 0.25477707006369427 0.10823529411764705 0.018198362147406732
2 0.11294117647058824 0.3002729754322111 0.10823529411764705 0.018198362147406732
2 0.4970588235294118 0.3002729754322111 0.04823529411764706 0.018198362147406732
2 0.11294117647058824 0.34576888080072793 0.10823529411764705 0.018198362147406732
2 0.09294117647058824 0.39171974522292996 0.06823529411764706 0.01910828025477707
2 0.10882352941176471 0.4531392174704277 0.1 0.014558689717925387
4 0.24705882352941178 0.45950864422202004 0.023529411764705882 0.018198362147406732
2 0.29705882352941176 0.4526842584167425 0.052941176470588235 0.01364877161055505
4 0.4235294117647059 0.45950864422202004 0.023529411764705882 0.018198362147406732
2 0.46352941176470586 0.4526842584167425 0.03294117647058824 0.01364877161055505
1 0.2605882352941176 0.5086442220200182 0.40352941176470586 0.01637852593266606
2 0.6670588235294118 0.5555050045495905 0.15764705882352942 0.01910828025477707
1 0.6758823529411765 0.5768880800727935 0.1988235294117647 0.01637852593266606