0 0.5 0.055503292568203196 0.6423529411764706 0.016933207902163686
0 0.5 0.13076199435559738 0.30470588235294116 0.016933207902163686
2 0.1411764705882353 0.21683913452492945 0.16470588235294117 0.01975540921919097
3 0.28058823529411764 0.21730950141110067 0.07882352941176471 0.020696142991533398
2 0.09058823529411765 0.2610536218250235 0.06352941176470588 0.014111006585136407
3 0.1635294117647059 0.26199435559736595 0.047058823529411764 0.01599247412982126
2 0.09058823529411765 0.30809031044214485 0.06352941176470588 0.014111006585136407
3 0.1564705882352941 0.31091251175917217 0.03294117647058824 0.01975540921919097
2 0.46 0.30809031044214485 0.06352941176470588 0.014111006585136407
3 0.53 0.3090310442144873 0.041176470588235294 0.01599247412982126
2 0.11294117647058824 0.35747883349012227 0.10823529411764705 0.01881467544684854
3 0.2011764705882353 0.3579492003762935 0.03294117647058824 0.01975540921919097
2 0.09058823529411765 0.4021636876763876 0.06352941176470588 0.014111006585136407
3 0.1635294117647059 0.40498588899341487 0.047058823529411764 0.01975540921919097
2 0.4623529411764706 0.40498588899341487 0.06823529411764706 0.01975540921919097
3 0.5370588235294118 0.4026340545625588 0.04588235294117647 0.015051740357478834
2 0.10882352941176471 0.4684854186265287 0.1 0.015051740357478834
5 0.24705882352941178 0.47507055503292567 0.023529411764705882 0.01881467544684854
2 0.29705882352941176 0.46801505174035746 0.052941176470588235 0.014111006585136407
4 0.4235294117647059 0.47507055503292567 0.023529411764705882 0.01881467544684854
2 0.46352941176470586 0.46801505174035746 0.03294117647058824 0.014111006585136407
1 0.2605882352941176 0.5258701787394168 0.40352941176470586 0.016933207902163686
2 0.6670588235294118 0.5743179680150517 0.15764705882352942 0.01975540921919097
1 0.6758823529411765 0.5964252116650988 0.1988235294117647 0.016933207902163686