0 0.5 0.05858987090367428 0.6423529411764706 0.01787487586891758
0 0.5 0.13803376365441908 0.2647058823529412 0.01787487586891758
2 0.09294117647058824 0.22889771598808342 0.06823529411764706 0.020854021847070508
3 0.17058823529411765 0.2269116186693148 0.05176470588235294 0.016881827209533268
2 0.11294117647058824 0.27805362462760674 0.10823529411764705 0.019860973187686197
3 0.21058823529411766 0.27656405163853026 0.05176470588235294 0.016881827209533268
2 0.09058823529411765 0.32522343594836145 0.06352941176470588 0.014895729890764648
3 0.17 0.3272095332671301 0.06 0.018867924528301886
2 0.1411764705882353 0.37785501489572987 0.16470588235294117 0.020854021847070508
3 0.26705882352941174 0.3758689175769613 0.05176470588235294 0.016881827209533268
2 0.5635294117647058 0.37785501489572987 0.06823529411764706 0.020854021847070508
3 0.6470588235294118 0.3768619662363456 0.06352941176470588 0.018867924528301886
2 0.10882352941176471 0.4448857994041708 0.1 0.015888778550148957
5 0.24705882352941178 0.45183714001986097 0.023529411764705882 0.019860973187686197
2 0.29705882352941176 0.4443892750744787 0.052941176470588235 0.014895729890764648
4 0.4235294117647059 0.45183714001986097 0.023529411764705882 0.019860973187686197
2 0.46352941176470586 0.4443892750744787 0.03294117647058824 0.014895729890764648
1 0.2605882352941176 0.5054617676266137 0.40352941176470586 0.01787487586891758
2 0.6670588235294118 0.5566037735849056 0.15764705882352942 0.020854021847070508
1 0.6758823529411765 0.579940417080437 0.1988235294117647 0.01787487586891758