0 0.5 0.05801376597836775 0.6423529411764706 0.017699115044247787
0 0.5 0.13667649950835792 0.2647058823529412 0.017699115044247787
2 0.10058823529411764 0.22418879056047197 0.08352941176470588 0.015732546705998034
3 0.18588235294117647 0.22468043264503443 0.05176470588235294 0.01671583087512291
2 0.08294117647058824 0.2753195673549656 0.04823529411764706 0.01966568338249754
3 0.1564705882352941 0.2748279252704032 0.06352941176470588 0.018682399213372666
2 0.11294117647058824 0.32448377581120946 0.10823529411764705 0.01966568338249754
3 0.1988235294117647 0.3230088495575221 0.02823529411764706 0.01671583087512291
2 0.5147058823529411 0.3225172074729597 0.08352941176470588 0.015732546705998034
3 0.5970588235294118 0.3225172074729597 0.04588235294117647 0.015732546705998034
2 0.08294117647058824 0.37364798426745327 0.04823529411764706 0.01966568338249754
3 0.1388235294117647 0.37168141592920356 0.02823529411764706 0.015732546705998034
2 0.10058823529411764 0.42084562438544737 0.08352941176470588 0.015732546705998034
3 0.1952941176470588 0.42330383480825956 0.07058823529411765 0.02064896755162242
2 0.48 0.42035398230088494 0.06352941176470588 0.014749262536873156
3 0.5458823529411765 0.42330383480825956 0.03294117647058824 0.02064896755162242
2 0.10882352941176471 0.4896755162241888 0.1 0.015732546705998034
4 0.24705882352941178 0.49655850540806296 0.023529411764705882 0.01966568338249754
2 0.29705882352941176 0.48918387413962633 0.052941176470588235 0.014749262536873156
5 0.4235294117647059 0.49655850540806296 0.023529411764705882 0.01966568338249754
2 0.46352941176470586 0.48918387413962633 0.03294117647058824 0.014749262536873156
1 0.2605882352941176 0.5496558505408063 0.40352941176470586 0.017699115044247787
2 0.6670588235294118 0.6002949852507374 0.15764705882352942 0.02064896755162242
1 0.6758823529411765 0.6234021632251721 0.1988235294117647 0.017699115044247787