0 0.5 0.04991539763113367 0.6423529411764706 0.015228426395939087
0 0.5 0.11759729272419628 0.28352941176470586 0.015228426395939087
2 0.11294117647058824 0.19458544839255498 0.10823529411764705 0.01692047377326565
2 0.1411764705882353 0.23730964467005075 0.16470588235294117 0.017766497461928935
3 0.28058823529411764 0.2377326565143824 0.07882352941176471 0.018612521150592216
2 0.5611764705882353 0.23477157360406092 0.06352941176470588 0.012690355329949238
3 0.6411764705882353 0.23730964467005075 0.0611764705882353 0.017766497461928935
2 0.08294117647058824 0.27918781725888325 0.04823529411764706 0.01692047377326565
2 0.11294117647058824 0.32148900169204736 0.10823529411764705 0.01692047377326565
2 0.10882352941176471 0.3790186125211506 0.1 0.01353637901861252
5 0.24705882352941178 0.3849407783417936 0.023529411764705882 0.01692047377326565
2 0.29705882352941176 0.37859560067681897 0.052941176470588235 0.012690355329949238
4 0.4235294117647059 0.3849407783417936 0.023529411764705882 0.01692047377326565
2 0.46352941176470586 0.37859560067681897 0.03294117647058824 0.012690355329949238
1 0.2605882352941176 0.4306260575296108 0.40352941176470586 0.015228426395939087
2 0.6670588235294118 0.47419627749576987 0.15764705882352942 0.017766497461928935
1 0.6758823529411765 0.494077834179357 0.1988235294117647 0.015228426395939087