0 0.5 0.053636363636363635 0.6423529411764706 0.016363636363636365
0 0.5 0.12636363636363637 0.30470588235294116 0.016363636363636365
2 0.08294117647058824 0.20909090909090908 0.04823529411764706 0.01818181818181818
3 0.14411764705882352 0.20909090909090908 0.03882352941176471 0.01818181818181818
2 0.11352941176470588 0.25227272727272726 0.10941176470588235 0.013636363636363636
3 0.26294117647058823 0.255 0.15411764705882353 0.019090909090909092
2 0.10058823529411764 0.29818181818181816 0.08352941176470588 0.014545454545454545
3 0.17647058823529413 0.29818181818181816 0.03294117647058824 0.014545454545454545
2 0.11294117647058824 0.34545454545454546 0.10823529411764705 0.01818181818181818
3 0.20176470588235293 0.34363636363636363 0.03411764705882353 0.014545454545454545
2 0.5270588235294118 0.34545454545454546 0.10823529411764705 0.01818181818181818
3 0.6152941176470588 0.3459090909090909 0.03294117647058824 0.019090909090909092
2 0.10529411764705883 0.39090909090909093 0.09294117647058824 0.01818181818181818
3 0.19294117647058823 0.39136363636363636 0.047058823529411764 0.019090909090909092
2 0.48176470588235293 0.39090909090909093 0.04823529411764706 0.01818181818181818
3 0.54 0.39136363636363636 0.03294117647058824 0.019090909090909092
2 0.08294117647058824 0.43636363636363634 0.04823529411764706 0.01818181818181818
3 0.16411764705882353 0.43727272727272726 0.07882352941176471 0.02
2 0.10882352941176471 0.49818181818181817 0.1 0.014545454545454545
5 0.24705882352941178 0.5045454545454545 0.023529411764705882 0.01818181818181818
2 0.29705882352941176 0.49772727272727274 0.052941176470588235 0.013636363636363636
4 0.4235294117647059 0.5045454545454545 0.023529411764705882 0.01818181818181818
2 0.46352941176470586 0.49772727272727274 0.03294117647058824 0.013636363636363636
1 0.2605882352941176 0.5536363636363636 0.40352941176470586 0.016363636363636365
2 0.6670588235294118 0.6004545454545455 0.15764705882352942 0.019090909090909092
1 0.6758823529411765 0.6218181818181818 0.1988235294117647 0.016363636363636365