0 0.5 0.05640535372848948 0.6423529411764706 0.017208413001912046
0 0.5 0.13240917782026768 0.23294117647058823 0.016252390057361378
2 0.09058823529411765 0.21749521988527726 0.06352941176470588 0.014340344168260038
2 0.11294117647058824 0.2676864244741874 0.10823529411764705 0.019120458891013385
3 0.21411764705882352 0.2662523900573614 0.058823529411764705 0.016252390057361378
2 0.09294117647058824 0.3159655831739962 0.06823529411764706 0.020076481835564052
3 0.16941176470588235 0.3135755258126195 0.04941176470588235 0.015296367112810707
2 0.1411764705882353 0.3637667304015296 0.16470588235294117 0.020076481835564052
3 0.27058823529411763 0.3618546845124283 0.058823529411764705 0.016252390057361378
2 0.10882352941176471 0.42829827915869984 0.1 0.015296367112810707
5 0.24705882352941178 0.4349904397705545 0.023529411764705882 0.019120458891013385
2 0.29705882352941176 0.42782026768642445 0.052941176470588235 0.014340344168260038
4 0.4235294117647059 0.4349904397705545 0.023529411764705882 0.019120458891013385
2 0.46352941176470586 0.42782026768642445 0.03294117647058824 0.014340344168260038
1 0.2605882352941176 0.48661567877629064 0.40352941176470586 0.017208413001912046
2 0.6670588235294118 0.5358508604206501 0.15764705882352942 0.020076481835564052
1 0.6758823529411765 0.5583173996175909 0.1988235294117647 0.017208413001912046