0 0.5 0.05 0.6423529411764706 0.015254237288135594
0 0.5 0.11779661016949153 0.30470588235294116 0.015254237288135594
2 0.11294117647058824 0.19491525423728814 0.10823529411764705 0.01694915254237288
3 0.2076470588235294 0.1944915254237288 0.04588235294117647 0.016101694915254237
2 0.5270588235294118 0.19491525423728814 0.10823529411764705 0.01694915254237288
2 0.1411764705882353 0.23771186440677966 0.16470588235294117 0.017796610169491526
2 0.09294117647058824 0.28008474576271186 0.06823529411764706 0.017796610169491526
2 0.11294117647058824 0.3220338983050847 0.10823529411764705 0.01694915254237288
2 0.09058823529411765 0.3622881355932203 0.06352941176470588 0.012711864406779662
3 0.16588235294117648 0.363135593220339 0.05176470588235294 0.01440677966101695
2 0.08294117647058824 0.4067796610169492 0.04823529411764706 0.01694915254237288
3 0.14882352941176472 0.40508474576271186 0.04823529411764706 0.013559322033898305
2 0.49529411764705883 0.40720338983050847 0.16470588235294117 0.017796610169491526
3 0.6323529411764706 0.4076271186440678 0.07411764705882352 0.01864406779661017
2 0.10882352941176471 0.46440677966101696 0.1 0.013559322033898305
4 0.24705882352941178 0.4703389830508475 0.023529411764705882 0.01694915254237288
2 0.29705882352941176 0.4639830508474576 0.052941176470588235 0.012711864406779662
5 0.4235294117647059 0.4703389830508475 0.023529411764705882 0.01694915254237288
2 0.46352941176470586 0.4639830508474576 0.03294117647058824 0.012711864406779662
1 0.2605882352941176 0.5161016949152543 0.40352941176470586 0.015254237288135594
2 0.6670588235294118 0.5597457627118644 0.15764705882352942 0.017796610169491526
1 0.6758823529411765 0.5796610169491525 0.1988235294117647 0.015254237288135594