0 0.5 0.05447830101569714 0.6423529411764706 0.01662049861495845
0 0.5 0.1283471837488458 0.2647058823529412 0.01662049861495845
2 0.1411764705882353 0.21283471837488457 0.16470588235294117 0.019390581717451522
3 0.2576470588235294 0.21052631578947367 0.03294117647058824 0.014773776546629732
2 0.5835294117647059 0.2123730378578024 0.10823529411764705 0.018467220683287166
3 0.6811764705882353 0.21098799630655588 0.05176470588235294 0.01569713758079409
2 0.11294117647058824 0.2585410895660203 0.10823529411764705 0.018467220683287166
3 0.21411764705882352 0.25715604801477376 0.058823529411764705 0.01569713758079409
2 0.11294117647058824 0.3047091412742382 0.10823529411764705 0.018467220683287166
3 0.22176470588235295 0.3056325023084026 0.07411764705882352 0.020313942751615882
2 0.09294117647058824 0.3513388734995383 0.06823529411764706 0.019390581717451522
3 0.16176470588235295 0.35041551246537395 0.03411764705882353 0.017543859649122806
2 0.4647058823529412 0.34856879039704525 0.06352941176470588 0.013850415512465374
3 0.5364705882352941 0.3513388734995383 0.04470588235294118 0.019390581717451522
2 0.10882352941176471 0.4136657433056325 0.1 0.014773776546629732
5 0.24705882352941178 0.420129270544783 0.023529411764705882 0.018467220683287166
2 0.29705882352941176 0.4132040627885503 0.052941176470588235 0.013850415512465374
4 0.4235294117647059 0.420129270544783 0.023529411764705882 0.018467220683287166
2 0.46352941176470586 0.4132040627885503 0.03294117647058824 0.013850415512465374
1 0.2605882352941176 0.46999076638965837 0.40352941176470586 0.01662049861495845
2 0.6670588235294118 0.5175438596491229 0.15764705882352942 0.019390581717451522
1 0.6758823529411765 0.5392428439519852 0.1988235294117647 0.01662049861495845