0 0.5 0.051709027169149865 0.6423529411764706 0.015775635407537247
0 0.5 0.12182296231375986 0.30470588235294116 0.015775635407537247
2 0.10058823529411764 0.19982471516213848 0.08352941176470588 0.014022787028921999
2 0.4823529411764706 0.20201577563540754 0.06823529411764706 0.018404907975460124
2 0.11294117647058824 0.24539877300613497 0.10823529411764705 0.017528483786152498
2 0.08294117647058824 0.2892199824715162 0.04823529411764706 0.017528483786152498
2 0.09058823529411765 0.3308501314636284 0.06352941176470588 0.013146362839614373
2 0.09294117647058824 0.3773006134969325 0.06823529411764706 0.018404907975460124
2 0.10882352941176471 0.4364592462751972 0.1 0.014022787028921999
4 0.24705882352941178 0.44259421560035056 0.023529411764705882 0.017528483786152498
2 0.29705882352941176 0.4360210341805434 0.052941176470588235 0.013146362839614373
4 0.4235294117647059 0.44259421560035056 0.023529411764705882 0.017528483786152498
2 0.46352941176470586 0.4360210341805434 0.03294117647058824 0.013146362839614373
1 0.2605882352941176 0.4899211218229623 0.40352941176470586 0.015775635407537247
2 0.6670588235294118 0.535056967572305 0.15764705882352942 0.018404907975460124
1 0.6758823529411765 0.5556529360210342 0.1988235294117647 0.015775635407537247