0 0.5 0.04945515507124895 0.6423529411764706 0.015088013411567477
0 0.5 0.1165129924559933 0.28352941176470586 0.015088013411567477
2 0.08294117647058824 0.19279128248113997 0.04823529411764706 0.016764459346186086
2 0.4447058823529412 0.19069572506286672 0.06352941176470588 0.012573344509639563
2 0.11294117647058824 0.2347024308466052 0.10823529411764705 0.016764459346186086
2 0.5552941176470588 0.23512154233025984 0.16470588235294117 0.01760268231349539
3 0.6747058823529412 0.2347024308466052 0.03882352941176471 0.016764459346186086
2 0.10529411764705883 0.2766135792120704 0.09294117647058824 0.016764459346186086
3 0.1988235294117647 0.27535624476110643 0.058823529411764705 0.014249790444258172
2 0.48176470588235293 0.2766135792120704 0.04823529411764706 0.016764459346186086
2 0.08294117647058824 0.31852472757753564 0.04823529411764706 0.016764459346186086
2 0.10882352941176471 0.3755238893545683 0.1 0.013411567476948869
4 0.24705882352941178 0.38139145012573344 0.023529411764705882 0.016764459346186086
2 0.29705882352941176 0.3751047778709137 0.052941176470588235 0.012573344509639563
5 0.4235294117647059 0.38139145012573344 0.023529411764705882 0.016764459346186086
2 0.46352941176470586 0.3751047778709137 0.03294117647058824 0.012573344509639563
1 0.2605882352941176 0.4266554903604359 0.40352941176470586 0.015088013411567477
2 0.6670588235294118 0.46982397317686503 0.15764705882352942 0.01760268231349539
1 0.6758823529411765 0.4895222129086337 0.1988235294117647 0.015088013411567477