0 0.5 0.05353901996370236 0.6423529411764706 0.016333938294010888
0 0.5 0.12568058076225044 0.24941176470588236 0.015426497277676952
2 0.10058823529411764 0.20689655172413793 0.08352941176470588 0.014519056261343012
3 0.19 0.20825771324863884 0.06 0.017241379310344827
2 0.4723529411764706 0.20871143375680581 0.04823529411764706 0.018148820326678767
3 0.5364705882352941 0.20916515426497279 0.04470588235294118 0.019056261343012703
2 0.11352941176470588 0.2518148820326679 0.10941176470588235 0.013611615245009074
3 0.25058823529411767 0.25680580762250454 0.12941176470588237 0.023593466424682397
2 0.508235294117647 0.2545372050816697 0.06823529411764706 0.019056261343012703
3 0.5858823529411765 0.25272232304900183 0.05176470588235294 0.015426497277676952
2 0.09294117647058824 0.2999092558983666 0.06823529411764706 0.019056261343012703
3 0.17941176470588235 0.2999092558983666 0.06941176470588235 0.019056261343012703
2 0.5152941176470588 0.2999092558983666 0.16470588235294117 0.019056261343012703
3 0.6505882352941177 0.3021778584392015 0.07058823529411765 0.023593466424682397
2 0.11352941176470588 0.3425589836660617 0.10941176470588235 0.013611615245009074
3 0.26823529411764707 0.34346642468239563 0.16470588235294117 0.015426497277676952
2 0.10882352941176471 0.40653357531760437 0.1 0.014519056261343012
5 0.24705882352941178 0.4128856624319419 0.023529411764705882 0.018148820326678767
2 0.29705882352941176 0.40607985480943737 0.052941176470588235 0.013611615245009074
4 0.4235294117647059 0.4128856624319419 0.023529411764705882 0.018148820326678767
2 0.46352941176470586 0.40607985480943737 0.03294117647058824 0.013611615245009074
1 0.2605882352941176 0.4618874773139746 0.40352941176470586 0.016333938294010888
2 0.6670588235294118 0.5086206896551724 0.15764705882352942 0.019056261343012703
1 0.6758823529411765 0.52994555353902 0.1988235294117647 0.016333938294010888