0 0.5 0.055977229601518026 0.6423529411764706 0.017077798861480076
0 0.5 0.13140417457305503 0.23294117647058823 0.016129032258064516
2 0.11294117647058824 0.21821631878557876 0.10823529411764705 0.018975332068311195
2 0.08294117647058824 0.2656546489563567 0.04823529411764706 0.018975332068311195
2 0.09058823529411765 0.31072106261859583 0.06352941176470588 0.014231499051233396
2 0.46 0.31072106261859583 0.06352941176470588 0.014231499051233396
2 0.1411764705882353 0.3610056925996205 0.16470588235294117 0.019924098671726755
2 0.11294117647058824 0.4079696394686907 0.10823529411764705 0.018975332068311195
2 0.09058823529411765 0.4530360531309298 0.06352941176470588 0.014231499051233396
2 0.47 0.45351043643263755 0.08352941176470588 0.015180265654648957
2 0.10882352941176471 0.5199240986717267 0.1 0.015180265654648957
4 0.24705882352941178 0.5265654648956357 0.023529411764705882 0.018975332068311195
2 0.29705882352941176 0.5194497153700189 0.052941176470588235 0.014231499051233396
4 0.4235294117647059 0.5265654648956357 0.023529411764705882 0.018975332068311195
2 0.46352941176470586 0.5194497153700189 0.03294117647058824 0.014231499051233396
1 0.2605882352941176 0.5777988614800759 0.40352941176470586 0.017077798861480076
2 0.6670588235294118 0.6266603415559773 0.15764705882352942 0.019924098671726755
1 0.6758823529411765 0.6489563567362429 0.1988235294117647 0.017077798861480076