0 0.5 0.05824284304047384 0.6423529411764706 0.017769002961500493
0 0.5 0.1372161895360316 0.2647058823529412 0.017769002961500493
2 0.10058823529411764 0.2250740375123396 0.08352941176470588 0.01579466929911155
3 0.19058823529411764 0.22754195459032575 0.0611764705882353 0.02073050345508391
2 0.11352941176470588 0.27393879565646595 0.10941176470588235 0.014807502467917079
3 0.26235294117647057 0.2764067127344521 0.15294117647058825 0.019743336623889437
2 0.5158823529411765 0.2744323790720632 0.08352941176470588 0.01579466929911155
3 0.5952941176470589 0.27492596248766044 0.04 0.01678183613030602
2 0.1411764705882353 0.3262586377097729 0.16470588235294117 0.02073050345508391
3 0.27588235294117647 0.3262586377097729 0.06941176470588235 0.02073050345508391
2 0.10529411764705883 0.3751233958538993 0.09294117647058824 0.019743336623889437
3 0.18352941176470589 0.3736426456071076 0.02823529411764706 0.01678183613030602
2 0.10882352941176471 0.4422507403751234 0.1 0.01579466929911155
5 0.24705882352941178 0.4491609081934847 0.023529411764705882 0.019743336623889437
2 0.29705882352941176 0.44175715695952616 0.052941176470588235 0.014807502467917079
4 0.4235294117647059 0.4491609081934847 0.023529411764705882 0.019743336623889437
2 0.46352941176470586 0.44175715695952616 0.03294117647058824 0.014807502467917079
1 0.2605882352941176 0.5024679170779862 0.40352941176470586 0.017769002961500493
2 0.6670588235294118 0.5533070088845015 0.15764705882352942 0.02073050345508391
1 0.6758823529411765 0.5765054294175715 0.1988235294117647 0.017769002961500493