0 0.5 0.05767350928641251 0.6423529411764706 0.017595307917888565
0 0.5 0.13587487781036167 0.2647058823529412 0.017595307917888565
2 0.09294117647058824 0.22531769305962854 0.06823529411764706 0.020527859237536656
2 0.10058823529411764 0.27174975562072334 0.08352941176470588 0.015640273704789834
2 0.49 0.27174975562072334 0.08352941176470588 0.015640273704789834
2 0.11352941176470588 0.3201368523949169 0.10941176470588235 0.01466275659824047
2 0.10058823529411764 0.36950146627565983 0.08352941176470588 0.015640273704789834
2 0.10882352941176471 0.43792766373411535 0.1 0.015640273704789834
4 0.24705882352941178 0.4447702834799609 0.023529411764705882 0.019550342130987292
2 0.29705882352941176 0.43743890518084066 0.052941176470588235 0.01466275659824047
4 0.4235294117647059 0.4447702834799609 0.023529411764705882 0.019550342130987292
2 0.46352941176470586 0.43743890518084066 0.03294117647058824 0.01466275659824047
1 0.2605882352941176 0.4975562072336266 0.40352941176470586 0.017595307917888565
2 0.6670588235294118 0.5478983382209188 0.15764705882352942 0.020527859237536656
1 0.6758823529411765 0.570869990224829 0.1988235294117647 0.017595307917888565