0 0.5 0.05581835383159887 0.6423529411764706 0.017029328287606435
0 0.5 0.13103122043519394 0.24941176470588236 0.01608325449385052
2 0.09294117647058824 0.21807000946073793 0.06823529411764706 0.019867549668874173
3 0.18176470588235294 0.2185430463576159 0.07411764705882352 0.020813623462630087
2 0.11294117647058824 0.26490066225165565 0.10823529411764705 0.01892147587511826
3 0.1988235294117647 0.2630085146641438 0.02823529411764706 0.015137180700094607
2 0.11294117647058824 0.3122043519394513 0.10823529411764705 0.01892147587511826
3 0.20176470588235293 0.31031220435193946 0.03411764705882353 0.015137180700094607
2 0.09294117647058824 0.35998107852412486 0.06823529411764706 0.019867549668874173
3 0.1652941176470588 0.35808893093661304 0.041176470588235294 0.01608325449385052
2 0.48705882352941177 0.3595080416272469 0.10823529411764705 0.01892147587511826
3 0.581764705882353 0.3576158940397351 0.04588235294117647 0.015137180700094607
2 0.11294117647058824 0.40681173131504256 0.10823529411764705 0.01892147587511826
3 0.20705882352941177 0.40539262062440873 0.04470588235294118 0.01608325449385052
2 0.10058823529411764 0.4522232734153264 0.08352941176470588 0.015137180700094607
3 0.19058823529411764 0.4545884578997162 0.0611764705882353 0.019867549668874173
2 0.4723529411764706 0.45411542100283825 0.04823529411764706 0.01892147587511826
3 0.5452941176470588 0.4545884578997162 0.06235294117647059 0.019867549668874173
2 0.10882352941176471 0.5184484389782403 0.1 0.015137180700094607
4 0.24705882352941178 0.5250709555345316 0.023529411764705882 0.01892147587511826
2 0.29705882352941176 0.5179754020813624 0.052941176470588235 0.014191106906338695
5 0.4235294117647059 0.5250709555345316 0.023529411764705882 0.01892147587511826
2 0.46352941176470586 0.5179754020813624 0.03294117647058824 0.014191106906338695
1 0.2605882352941176 0.5761589403973509 0.40352941176470586 0.017029328287606435
2 0.6670588235294118 0.6248817407757805 0.15764705882352942 0.019867549668874173
1 0.6758823529411765 0.6471144749290445 0.1988235294117647 0.017029328287606435