0 0.5 0.05004240882103478 0.6423529411764706 0.015267175572519083
0 0.5 0.11789652247667515 0.30470588235294116 0.015267175572519083
2 0.10058823529411764 0.19338422391857507 0.08352941176470588 0.013570822731128074
2 0.10058823529411764 0.2357930449533503 0.08352941176470588 0.013570822731128074
2 0.11352941176470588 0.2777777777777778 0.10941176470588235 0.01272264631043257
2 0.49823529411764705 0.27989821882951654 0.04823529411764706 0.016963528413910092
2 0.10058823529411764 0.32061068702290074 0.08352941176470588 0.013570822731128074
2 0.08294117647058824 0.364715860899067 0.04823529411764706 0.016963528413910092
2 0.4470588235294118 0.3651399491094148 0.06823529411764706 0.017811704834605598
2 0.11294117647058824 0.4071246819338422 0.10823529411764705 0.016963528413910092
2 0.5070588235294118 0.40754877014419 0.06823529411764706 0.017811704834605598
2 0.10882352941176471 0.46480067854113655 0.1 0.013570822731128074
4 0.24705882352941178 0.4707379134860051 0.023529411764705882 0.016963528413910092
2 0.29705882352941176 0.4643765903307888 0.052941176470588235 0.01272264631043257
4 0.4235294117647059 0.4707379134860051 0.023529411764705882 0.016963528413910092
2 0.46352941176470586 0.4643765903307888 0.03294117647058824 0.01272264631043257
1 0.2605882352941176 0.5165394402035624 0.40352941176470586 0.015267175572519083
2 0.6670588235294118 0.5602205258693809 0.15764705882352942 0.017811704834605598
1 0.6758823529411765 0.5801526717557252 0.1988235294117647 0.015267175572519083