0 0.5 0.05193661971830986 0.6423529411764706 0.01584507042253521
0 0.5 0.12191901408450705 0.23294117647058823 0.014964788732394365
2 0.11294117647058824 0.20246478873239437 0.10823529411764705 0.017605633802816902
2 0.5070588235294118 0.20290492957746478 0.06823529411764706 0.018485915492957746
2 0.08294117647058824 0.24647887323943662 0.04823529411764706 0.017605633802816902
2 0.11294117647058824 0.2904929577464789 0.10823529411764705 0.017605633802816902
2 0.5047058823529412 0.28829225352112675 0.06352941176470588 0.013204225352112676
2 0.11294117647058824 0.3345070422535211 0.10823529411764705 0.017605633802816902
2 0.10882352941176471 0.39436619718309857 0.1 0.014084507042253521
4 0.24705882352941178 0.4005281690140845 0.023529411764705882 0.017605633802816902
2 0.29705882352941176 0.3939260563380282 0.052941176470588235 0.013204225352112676
4 0.4235294117647059 0.4005281690140845 0.023529411764705882 0.017605633802816902
2 0.46352941176470586 0.3939260563380282 0.03294117647058824 0.013204225352112676
1 0.2605882352941176 0.4480633802816901 0.40352941176470586 0.01584507042253521
2 0.6670588235294118 0.4933978873239437 0.15764705882352942 0.018485915492957746
1 0.6758823529411765 0.5140845070422535 0.1988235294117647 0.01584507042253521