0 0.5 0.05221238938053097 0.6423529411764706 0.01592920353982301
0 0.5 0.12256637168141593 0.23294117647058823 0.01504424778761062
2 0.10529411764705883 0.20353982300884957 0.09294117647058824 0.017699115044247787
2 0.10058823529411764 0.24601769911504426 0.08352941176470588 0.01415929203539823
2 0.10529411764705883 0.2920353982300885 0.09294117647058824 0.017699115044247787
2 0.09058823529411765 0.334070796460177 0.06352941176470588 0.01327433628318584
2 0.09058823529411765 0.37831858407079644 0.06352941176470588 0.01327433628318584
2 0.10882352941176471 0.4407079646017699 0.1 0.01415929203539823
4 0.24705882352941178 0.4469026548672566 0.023529411764705882 0.017699115044247787
2 0.29705882352941176 0.44026548672566373 0.052941176470588235 0.01327433628318584
4 0.4235294117647059 0.4469026548672566 0.023529411764705882 0.017699115044247787
2 0.46352941176470586 0.44026548672566373 0.03294117647058824 0.01327433628318584
1 0.2605882352941176 0.4946902654867257 0.40352941176470586 0.01592920353982301
2 0.6670588235294118 0.5402654867256638 0.15764705882352942 0.018584070796460177
1 0.6758823529411765 0.5610619469026549 0.1988235294117647 0.01592920353982301