0 0.5 0.05320108205590622 0.6423529411764706 0.016230838593327322
0 0.5 0.1248872858431019 0.23294117647058823 0.015329125338142471
2 0.08294117647058824 0.2073940486925158 0.04823529411764706 0.018034265103697024
3 0.1564705882352941 0.20694319206492334 0.06352941176470588 0.017132551848512173
2 0.10529411764705883 0.25247971145175835 0.09294117647058824 0.018034265103697024
3 0.18352941176470589 0.2511271415689811 0.02823529411764706 0.015329125338142471
2 0.48176470588235293 0.25247971145175835 0.04823529411764706 0.018034265103697024
3 0.54 0.25067628494138866 0.03294117647058824 0.014427412082957619
2 0.08294117647058824 0.2975653742110009 0.04823529411764706 0.018034265103697024
3 0.15529411764705883 0.29801623083859335 0.0611764705882353 0.018935978358881875
2 0.11352941176470588 0.34039675383228135 0.10941176470588235 0.013525698827772768
3 0.26235294117647057 0.345356176735798 0.15294117647058825 0.023444544634806132
2 0.5205882352941177 0.34265103697024346 0.09294117647058824 0.018034265103697024
3 0.6105882352941177 0.3412984670874662 0.05176470588235294 0.015329125338142471
2 0.10529411764705883 0.38773669972948605 0.09294117647058824 0.018034265103697024
3 0.19176470588235295 0.3863841298467087 0.04470588235294118 0.015329125338142471
2 0.09058823529411765 0.43056807935076646 0.06352941176470588 0.013525698827772768
3 0.15411764705882353 0.4310189359783589 0.02823529411764706 0.014427412082957619
2 0.10882352941176471 0.49413886384129846 0.1 0.014427412082957619
4 0.24705882352941178 0.5004508566275925 0.023529411764705882 0.018034265103697024
2 0.29705882352941176 0.49368800721370604 0.052941176470588235 0.013525698827772768
5 0.4235294117647059 0.5004508566275925 0.023529411764705882 0.018034265103697024
2 0.46352941176470586 0.49368800721370604 0.03294117647058824 0.013525698827772768
1 0.2605882352941176 0.5491433724075744 0.40352941176470586 0.016230838593327322
2 0.6670588235294118 0.5955816050495942 0.15764705882352942 0.018935978358881875
1 0.6758823529411765 0.6167718665464382 0.1988235294117647 0.016230838593327322