0 0.5 0.05519176800748363 0.6423529411764706 0.01683816651075772
0 0.5 0.13002806361085126 0.2647058823529412 0.01683816651075772
2 0.09294117647058824 0.215622076707203 0.06823529411764706 0.019644527595884004
3 0.1676470588235294 0.21328344246959777 0.04588235294117647 0.014967259120673527
2 0.11294117647058824 0.26192703461178674 0.10823529411764705 0.018709073900841908
3 0.21588235294117647 0.2623947614593078 0.06235294117647059 0.019644527595884004
2 0.10058823529411764 0.3068288119738073 0.08352941176470588 0.014967259120673527
3 0.18941176470588236 0.30963517305893357 0.058823529411764705 0.0205799812909261
2 0.5029411764705882 0.30636108512628624 0.10941176470588235 0.01403180542563143
3 0.6270588235294118 0.3115060804490178 0.10352941176470588 0.02432179607109448
2 0.09058823529411765 0.353133769878391 0.06352941176470588 0.01403180542563143
3 0.16 0.3540692235734331 0.04 0.015902712815715623
2 0.46 0.353133769878391 0.06352941176470588 0.01403180542563143
3 0.5235294117647059 0.35360149672591207 0.02823529411764706 0.014967259120673527
2 0.10882352941176471 0.41908325537885877 0.1 0.014967259120673527
5 0.24705882352941178 0.4256314312441534 0.023529411764705882 0.018709073900841908
2 0.29705882352941176 0.4186155285313377 0.052941176470588235 0.01403180542563143
4 0.4235294117647059 0.4256314312441534 0.023529411764705882 0.018709073900841908
2 0.46352941176470586 0.4186155285313377 0.03294117647058824 0.01403180542563143
1 0.2605882352941176 0.4761459307764266 0.40352941176470586 0.01683816651075772
2 0.6670588235294118 0.5243217960710945 0.15764705882352942 0.019644527595884004
1 0.6758823529411765 0.5463049579045838 0.1988235294117647 0.01683816651075772