0 0.5 0.051890941072999124 0.6423529411764706 0.0158311345646438
0 0.5 0.1218117854001759 0.23294117647058823 0.014951627088830254
2 0.10529411764705883 0.2022867194371152 0.09294117647058824 0.01759014951627089
3 0.1935294117647059 0.20052770448548812 0.04823529411764706 0.014072119613016711
2 0.11352941176470588 0.24406332453825857 0.10941176470588235 0.013192612137203167
3 0.2847058823529412 0.24714160070360597 0.1976470588235294 0.019349164467897976
2 0.09294117647058824 0.2906772207563764 0.06823529411764706 0.018469656992084433
3 0.16176470588235295 0.2884784520668426 0.03411764705882353 0.014072119613016711
2 0.10058823529411764 0.3324538258575198 0.08352941176470588 0.014072119613016711
3 0.18058823529411766 0.33289357959542654 0.041176470588235294 0.014951627088830254
2 0.10529411764705883 0.3781882145998241 0.09294117647058824 0.01759014951627089
3 0.18588235294117647 0.3786279683377309 0.03294117647058824 0.018469656992084433
2 0.09294117647058824 0.4226033421284081 0.06823529411764706 0.018469656992084433
2 0.10882352941176471 0.48197009674582236 0.1 0.014072119613016711
4 0.24705882352941178 0.48812664907651715 0.023529411764705882 0.01759014951627089
2 0.29705882352941176 0.4815303430079156 0.052941176470588235 0.013192612137203167
5 0.4235294117647059 0.48812664907651715 0.023529411764705882 0.01759014951627089
2 0.46352941176470586 0.4815303430079156 0.03294117647058824 0.013192612137203167
1 0.2605882352941176 0.5356200527704486 0.40352941176470586 0.0158311345646438
2 0.6670588235294118 0.5809146877748461 0.15764705882352942 0.018469656992084433
1 0.6758823529411765 0.6015831134564644 0.1988235294117647 0.0158311345646438