0 0.5 0.05651340996168582 0.6423529411764706 0.017241379310344827
0 0.5 0.1331417624521073 0.2647058823529412 0.017241379310344827
2 0.11294117647058824 0.22030651340996169 0.10823529411764705 0.019157088122605363
3 0.21294117647058824 0.21886973180076627 0.05647058823529412 0.016283524904214558
2 0.5270588235294118 0.22030651340996169 0.10823529411764705 0.019157088122605363
3 0.6235294117647059 0.21839080459770116 0.04941176470588235 0.01532567049808429
2 0.10529411764705883 0.2681992337164751 0.09294117647058824 0.019157088122605363
3 0.1923529411764706 0.2662835249042146 0.04588235294117647 0.01532567049808429
2 0.10529411764705883 0.3160919540229885 0.09294117647058824 0.019157088122605363
3 0.2076470588235294 0.3170498084291188 0.07647058823529412 0.0210727969348659
2 0.11352941176470588 0.36159003831417624 0.10941176470588235 0.014367816091954023
3 0.2988235294117647 0.3649425287356322 0.22588235294117648 0.0210727969348659
2 0.11352941176470588 0.40948275862068967 0.10941176470588235 0.014367816091954023
3 0.2688235294117647 0.41475095785440613 0.16588235294117648 0.02490421455938697
2 0.5564705882352942 0.41235632183908044 0.16470588235294117 0.020114942528735632
3 0.678235294117647 0.41044061302681994 0.04352941176470588 0.016283524904214558
2 0.10882352941176471 0.47701149425287354 0.1 0.01532567049808429
5 0.24705882352941178 0.4837164750957854 0.023529411764705882 0.019157088122605363
2 0.29705882352941176 0.47653256704980845 0.052941176470588235 0.014367816091954023
4 0.4235294117647059 0.4837164750957854 0.023529411764705882 0.019157088122605363
2 0.46352941176470586 0.47653256704980845 0.03294117647058824 0.014367816091954023
1 0.2605882352941176 0.5354406130268199 0.40352941176470586 0.017241379310344827
2 0.6670588235294118 0.5847701149425287 0.15764705882352942 0.020114942528735632
1 0.6758823529411765 0.60727969348659 0.1988235294117647 0.017241379310344827