0 0.5 0.05824284304047384 0.6423529411764706 0.017769002961500493
0 0.5 0.1372161895360316 0.28352941176470586 0.017769002961500493
2 0.08294117647058824 0.22704837117472854 0.04823529411764706 0.019743336623889437
2 0.08294117647058824 0.2764067127344521 0.04823529411764706 0.019743336623889437
3 0.14176470588235293 0.2744323790720632 0.03411764705882353 0.01579466929911155
2 0.4547058823529412 0.2744323790720632 0.08352941176470588 0.01579466929911155
3 0.5311764705882352 0.27591312931885487 0.03411764705882353 0.018756169792694965
2 0.1411764705882353 0.3262586377097729 0.16470588235294117 0.02073050345508391
3 0.27176470588235296 0.3262586377097729 0.0611764705882353 0.02073050345508391
2 0.09058823529411765 0.37265547877591315 0.06352941176470588 0.014807502467917079
3 0.17058823529411765 0.3736426456071076 0.0611764705882353 0.01678183613030602
2 0.08294117647058824 0.4244817374136229 0.04823529411764706 0.019743336623889437
2 0.4470588235294118 0.4249753208292201 0.06823529411764706 0.02073050345508391
3 0.5235294117647059 0.42250740375123397 0.04941176470588235 0.01579466929911155
2 0.10882352941176471 0.491609081934847 0.1 0.01579466929911155
5 0.24705882352941178 0.49851924975320827 0.023529411764705882 0.019743336623889437
2 0.29705882352941176 0.49111549851924974 0.052941176470588235 0.014807502467917079
4 0.4235294117647059 0.49851924975320827 0.023529411764705882 0.019743336623889437
2 0.46352941176470586 0.49111549851924974 0.03294117647058824 0.014807502467917079
1 0.2605882352941176 0.5518262586377097 0.40352941176470586 0.017769002961500493
2 0.6670588235294118 0.6026653504442251 0.15764705882352942 0.02073050345508391
1 0.6758823529411765 0.6258637709772952 0.1988235294117647 0.017769002961500493