0 0.5 0.057337220602526724 0.6423529411764706 0.01749271137026239
0 0.5 0.1345966958211856 0.24941176470588236 0.01652089407191448
2 0.08294117647058824 0.22351797862001943 0.04823529411764706 0.019436345966958212
2 0.10058823529411764 0.27016520894071916 0.08352941176470588 0.015549076773566569
2 0.4723529411764706 0.272108843537415 0.04823529411764706 0.019436345966958212
2 0.11352941176470588 0.3182701652089407 0.10941176470588235 0.014577259475218658
2 0.10529411764705883 0.369290573372206 0.09294117647058824 0.019436345966958212
2 0.4894117647058824 0.36686103012633625 0.06352941176470588 0.014577259475218658
2 0.10529411764705883 0.41788143828960156 0.09294117647058824 0.019436345966958212
2 0.10882352941176471 0.4839650145772595 0.1 0.015549076773566569
4 0.24705882352941178 0.49076773566569487 0.023529411764705882 0.019436345966958212
2 0.29705882352941176 0.4834791059280855 0.052941176470588235 0.014577259475218658
4 0.4235294117647059 0.49076773566569487 0.023529411764705882 0.019436345966958212
2 0.46352941176470586 0.4834791059280855 0.03294117647058824 0.014577259475218658
1 0.2605882352941176 0.543245869776482 0.40352941176470586 0.01749271137026239
2 0.6670588235294118 0.5932944606413995 0.15764705882352942 0.02040816326530612
1 0.6758823529411765 0.6161321671525753 0.1988235294117647 0.01749271137026239