0 0.5 0.053587647593097185 0.6423529411764706 0.01634877384196185
0 0.5 0.1262488646684832 0.28352941176470586 0.01634877384196185
2 0.11352941176470588 0.20663033605812897 0.10941176470588235 0.013623978201634877
3 0.2747058823529412 0.2098092643051771 0.1776470588235294 0.019981834695731154
2 0.5288235294117647 0.20663033605812897 0.10941176470588235 0.013623978201634877
3 0.7111764705882353 0.20935513169845596 0.22 0.01907356948228883
2 0.1411764705882353 0.2547683923705722 0.16470588235294117 0.01907356948228883
3 0.27058823529411763 0.2529518619436876 0.058823529411764705 0.015440508628519528
2 0.10058823529411764 0.29791099000908267 0.08352941176470588 0.014532243415077202
3 0.1952941176470588 0.30018165304268846 0.07058823529411765 0.01907356948228883
2 0.09294117647058824 0.3455949137148047 0.06823529411764706 0.01907356948228883
3 0.16 0.34332425068119893 0.03058823529411765 0.014532243415077202
2 0.10882352941176471 0.4069028156221617 0.1 0.014532243415077202
5 0.24705882352941178 0.41326067211625794 0.023529411764705882 0.018165304268846504
2 0.29705882352941176 0.4064486830154405 0.052941176470588235 0.013623978201634877
4 0.4235294117647059 0.41326067211625794 0.023529411764705882 0.018165304268846504
2 0.46352941176470586 0.4064486830154405 0.03294117647058824 0.013623978201634877
1 0.2605882352941176 0.4623069936421435 0.40352941176470586 0.01634877384196185
2 0.6670588235294118 0.5090826521344233 0.15764705882352942 0.01907356948228883
1 0.6758823529411765 0.5304268846503178 0.1988235294117647 0.01634877384196185