0 0.5 0.05847373637264618 0.6423529411764706 0.017839444995044598
0 0.5 0.13726461843409316 0.24941176470588236 0.01684836471754212
2 0.10058823529411764 0.2259663032705649 0.08352941176470588 0.015857284440039643
3 0.19823529411764707 0.22893954410307235 0.07647058823529412 0.02180376610505451
2 0.08294117647058824 0.27750247770069375 0.04823529411764706 0.019821605550049554
3 0.15529411764705883 0.277998017839445 0.0611764705882353 0.02081268582755203
2 0.11352941176470588 0.32457879088206143 0.10941176470588235 0.014866204162537165
3 0.27 0.3280475718533201 0.16823529411764707 0.02180376610505451
2 0.10058823529411764 0.37462834489593655 0.08352941176470588 0.015857284440039643
3 0.17705882352941177 0.37462834489593655 0.03411764705882353 0.015857284440039643
2 0.11294117647058824 0.4261645193260654 0.10823529411764705 0.019821605550049554
3 0.20823529411764705 0.42666005946481667 0.047058823529411764 0.02081268582755203
2 0.5276470588235294 0.4236868186323092 0.10941176470588235 0.014866204162537165
3 0.6658823529411765 0.42467789890981167 0.13176470588235295 0.01684836471754212
2 0.11352941176470588 0.4732408325074331 0.10941176470588235 0.014866204162537165
3 0.2858823529411765 0.4742319127849356 0.2 0.01684836471754212
2 0.5058823529411764 0.4732408325074331 0.06352941176470588 0.014866204162537165
3 0.5705882352941176 0.47373637264618434 0.03058823529411765 0.015857284440039643
2 0.10882352941176471 0.5431119920713577 0.1 0.015857284440039643
5 0.24705882352941178 0.5500495540138751 0.023529411764705882 0.019821605550049554
2 0.29705882352941176 0.5426164519326065 0.052941176470588235 0.014866204162537165
4 0.4235294117647059 0.5500495540138751 0.023529411764705882 0.019821605550049554
2 0.46352941176470586 0.5426164519326065 0.03294117647058824 0.014866204162537165
1 0.2605882352941176 0.6035678889990089 0.40352941176470586 0.017839444995044598
2 0.6670588235294118 0.6546085232903865 0.15764705882352942 0.02081268582755203
1 0.6758823529411765 0.6778989098116948 0.1988235294117647 0.017839444995044598