0 0.5 0.053979871912168347 0.6423529411764706 0.01646843549862763
0 0.5 0.12671546203110703 0.24941176470588236 0.01555352241537054
2 0.08294117647058824 0.21043000914913082 0.04823529411764706 0.018298261665141813
2 0.11352941176470588 0.2538883806038426 0.10941176470588235 0.013723696248856358
3 0.2576470588235294 0.25480329368709975 0.14352941176470588 0.01555352241537054
2 0.10058823529411764 0.3000914913083257 0.08352941176470588 0.01463860933211345
3 0.19058823529411764 0.30237877401646845 0.0611764705882353 0.0192131747483989
2 0.11352941176470588 0.3453796889295517 0.10941176470588235 0.013723696248856358
3 0.27294117647058824 0.34858188472095153 0.17411764705882352 0.020128087831655993
2 0.49823529411764705 0.34766697163769444 0.04823529411764706 0.018298261665141813
3 0.5705882352941176 0.348124428179323 0.0611764705882353 0.0192131747483989
2 0.11352941176470588 0.3911253430924062 0.10941176470588235 0.013723696248856358
2 0.10882352941176471 0.4556267154620311 0.1 0.01463860933211345
5 0.24705882352941178 0.46203110704483075 0.023529411764705882 0.018298261665141813
2 0.29705882352941176 0.45516925892040255 0.052941176470588235 0.013723696248856358
4 0.4235294117647059 0.46203110704483075 0.023529411764705882 0.018298261665141813
2 0.46352941176470586 0.45516925892040255 0.03294117647058824 0.013723696248856358
1 0.2605882352941176 0.5114364135407137 0.40352941176470586 0.01646843549862763
2 0.6670588235294118 0.5585544373284538 0.15764705882352942 0.0192131747483989
1 0.6758823529411765 0.5800548947849954 0.1988235294117647 0.01646843549862763