0 0.5 0.05587121212121212 0.6423529411764706 0.017045454545454544
0 0.5 0.13162878787878787 0.30470588235294116 0.017045454545454544
2 0.09058823529411765 0.21543560606060605 0.06352941176470588 0.014204545454545454
3 0.16176470588235295 0.21638257575757575 0.04352941176470588 0.016098484848484848
2 0.46 0.21543560606060605 0.06352941176470588 0.014204545454545454
2 0.11352941176470588 0.2627840909090909 0.10941176470588235 0.014204545454545454
2 0.5158823529411765 0.26325757575757575 0.08352941176470588 0.015151515151515152
3 0.591764705882353 0.26325757575757575 0.03294117647058824 0.015151515151515152
2 0.10058823529411764 0.3106060606060606 0.08352941176470588 0.015151515151515152
2 0.1411764705882353 0.3603219696969697 0.16470588235294117 0.019886363636363636
3 0.26705882352941174 0.3584280303030303 0.05176470588235294 0.016098484848484848
2 0.10882352941176471 0.42424242424242425 0.1 0.015151515151515152
4 0.24705882352941178 0.4308712121212121 0.023529411764705882 0.01893939393939394
2 0.29705882352941176 0.4237689393939394 0.052941176470588235 0.014204545454545454
5 0.4235294117647059 0.4308712121212121 0.023529411764705882 0.01893939393939394
2 0.46352941176470586 0.4237689393939394 0.03294117647058824 0.014204545454545454
1 0.2605882352941176 0.48200757575757575 0.40352941176470586 0.017045454545454544
2 0.6670588235294118 0.5307765151515151 0.15764705882352942 0.019886363636363636
1 0.6758823529411765 0.553030303030303 0.1988235294117647 0.017045454545454544