0 0.5 0.049166666666666664 0.6423529411764706 0.015
0 0.5 0.11583333333333333 0.28352941176470586 0.015
2 0.11352941176470588 0.18958333333333333 0.10941176470588235 0.0125
2 0.09058823529411765 0.23125 0.06352941176470588 0.0125
3 0.17058823529411765 0.23208333333333334 0.0611764705882353 0.014166666666666666
2 0.48294117647058826 0.23125 0.10941176470588235 0.0125
2 0.10058823529411764 0.2733333333333333 0.08352941176470588 0.013333333333333334
2 0.4823529411764706 0.27541666666666664 0.06823529411764706 0.0175
3 0.5552941176470588 0.2733333333333333 0.042352941176470586 0.013333333333333334
2 0.08294117647058824 0.31666666666666665 0.04823529411764706 0.016666666666666666
3 0.16411764705882353 0.3175 0.07882352941176471 0.018333333333333333
2 0.11352941176470588 0.35625 0.10941176470588235 0.0125
3 0.23529411764705882 0.35833333333333334 0.0988235294117647 0.016666666666666666
2 0.11352941176470588 0.39791666666666664 0.10941176470588235 0.0125
2 0.10882352941176471 0.45666666666666667 0.1 0.013333333333333334
5 0.24705882352941178 0.4625 0.023529411764705882 0.016666666666666666
2 0.29705882352941176 0.45625 0.052941176470588235 0.0125
4 0.4235294117647059 0.4625 0.023529411764705882 0.016666666666666666
2 0.46352941176470586 0.45625 0.03294117647058824 0.0125
1 0.2605882352941176 0.5075 0.40352941176470586 0.015
2 0.6670588235294118 0.5504166666666667 0.15764705882352942 0.0175
1 0.6758823529411765 0.57 0.1988235294117647 0.015