0 0.5 0.057392996108949414 0.6423529411764706 0.017509727626459144
0 0.5 0.13521400778210116 0.30470588235294116 0.017509727626459144
2 0.09294117647058824 0.2242217898832685 0.06823529411764706 0.020428015564202335
3 0.1676470588235294 0.2232490272373541 0.04588235294117647 0.01848249027237354
2 0.48764705882352943 0.22130350194552528 0.10941176470588235 0.014591439688715954
2 0.11294117647058824 0.2723735408560311 0.10823529411764705 0.019455252918287938
3 0.20176470588235293 0.2704280155642023 0.03411764705882353 0.01556420233463035
2 0.08294117647058824 0.321011673151751 0.04823529411764706 0.019455252918287938
3 0.14 0.31906614785992216 0.03058823529411765 0.01556420233463035
2 0.1411764705882353 0.37013618677042803 0.16470588235294117 0.020428015564202335
3 0.27647058823529413 0.372568093385214 0.07058823529411765 0.02529182879377432
2 0.10882352941176471 0.4357976653696498 0.1 0.01556420233463035
4 0.24705882352941178 0.44260700389105057 0.023529411764705882 0.019455252918287938
2 0.29705882352941176 0.4353112840466926 0.052941176470588235 0.014591439688715954
5 0.4235294117647059 0.44260700389105057 0.023529411764705882 0.019455252918287938
2 0.46352941176470586 0.4353112840466926 0.03294117647058824 0.014591439688715954
1 0.2605882352941176 0.49513618677042803 0.40352941176470586 0.017509727626459144
2 0.6670588235294118 0.5452334630350194 0.15764705882352942 0.020428015564202335
1 0.6758823529411765 0.5680933852140078 0.1988235294117647 0.017509727626459144