0 0.5 0.05060034305317324 0.6423529411764706 0.015437392795883362
0 0.5 0.11878216123499143 0.24941176470588236 0.014579759862778732
2 0.10529411764705883 0.19725557461406518 0.09294117647058824 0.017152658662092625
3 0.1935294117647059 0.1976843910806175 0.04823529411764706 0.018010291595197257
2 0.49941176470588233 0.1955403087478559 0.08352941176470588 0.0137221269296741
3 0.5935294117647059 0.1976843910806175 0.06941176470588235 0.018010291595197257
2 0.1411764705882353 0.24056603773584906 0.16470588235294117 0.018010291595197257
3 0.27647058823529413 0.24271012006861065 0.07058823529411765 0.022298456260720412
2 0.1411764705882353 0.2834476843910806 0.16470588235294117 0.018010291595197257
3 0.27176470588235296 0.28173241852487135 0.0611764705882353 0.014579759862778732
2 0.08294117647058824 0.3259005145797599 0.04823529411764706 0.017152658662092625
3 0.14882352941176472 0.3241852487135506 0.04823529411764706 0.0137221269296741
2 0.1411764705882353 0.36921097770154376 0.16470588235294117 0.018010291595197257
3 0.26176470588235295 0.36749571183533447 0.041176470588235294 0.014579759862778732
2 0.5758823529411765 0.3687821612349914 0.09294117647058824 0.017152658662092625
3 0.6611764705882353 0.36749571183533447 0.042352941176470586 0.014579759862778732
2 0.10882352941176471 0.42710120068610635 0.1 0.0137221269296741
4 0.24705882352941178 0.43310463121783876 0.023529411764705882 0.017152658662092625
2 0.29705882352941176 0.42667238421955406 0.052941176470588235 0.012864493996569469
5 0.4235294117647059 0.43310463121783876 0.023529411764705882 0.017152658662092625
2 0.46352941176470586 0.42667238421955406 0.03294117647058824 0.012864493996569469
1 0.2605882352941176 0.4794168096054888 0.40352941176470586 0.015437392795883362
2 0.6670588235294118 0.5235849056603774 0.15764705882352942 0.018010291595197257
1 0.6758823529411765 0.5437392795883362 0.1988235294117647 0.015437392795883362