0 0.5 0.05344202898550725 0.6423529411764706 0.016304347826086956
0 0.5 0.12545289855072464 0.23294117647058823 0.015398550724637682
2 0.10058823529411764 0.20652173913043478 0.08352941176470588 0.014492753623188406
3 0.17470588235294118 0.20878623188405798 0.029411764705882353 0.019021739130434784
2 0.49 0.20652173913043478 0.08352941176470588 0.014492753623188406
3 0.5723529411764706 0.2078804347826087 0.04588235294117647 0.017210144927536232
2 0.11352941176470588 0.2513586956521739 0.10941176470588235 0.01358695652173913
3 0.2488235294117647 0.2536231884057971 0.12588235294117647 0.018115942028985508
2 0.10058823529411764 0.2971014492753623 0.08352941176470588 0.014492753623188406
3 0.17647058823529413 0.2971014492753623 0.03294117647058824 0.014492753623188406
2 0.09058823529411765 0.34193840579710144 0.06352941176470588 0.01358695652173913
3 0.1623529411764706 0.3423913043478261 0.04470588235294118 0.014492753623188406
2 0.46 0.34193840579710144 0.06352941176470588 0.01358695652173913
3 0.5329411764705883 0.3446557971014493 0.047058823529411764 0.019021739130434784
2 0.11352941176470588 0.38722826086956524 0.10941176470588235 0.01358695652173913
3 0.2529411764705882 0.3894927536231884 0.13411764705882354 0.018115942028985508
2 0.508235294117647 0.389945652173913 0.06823529411764706 0.019021739130434784
3 0.5823529411764706 0.38813405797101447 0.04470588235294118 0.015398550724637682
2 0.10882352941176471 0.45108695652173914 0.1 0.014492753623188406
5 0.24705882352941178 0.45742753623188404 0.023529411764705882 0.018115942028985508
2 0.29705882352941176 0.45063405797101447 0.052941176470588235 0.01358695652173913
4 0.4235294117647059 0.45742753623188404 0.023529411764705882 0.018115942028985508
2 0.46352941176470586 0.45063405797101447 0.03294117647058824 0.01358695652173913
1 0.2605882352941176 0.5063405797101449 0.40352941176470586 0.016304347826086956
2 0.6670588235294118 0.5529891304347826 0.15764705882352942 0.019021739130434784
1 0.6758823529411765 0.5742753623188406 0.1988235294117647 0.016304347826086956