0 0.5 0.053297199638663056 0.6423529411764706 0.016260162601626018
0 0.5 0.12511291779584463 0.24941176470588236 0.015356820234869015
2 0.1411764705882353 0.2082204155374887 0.16470588235294117 0.018970189701897018
3 0.2647058823529412 0.2082204155374887 0.047058823529411764 0.018970189701897018
2 0.5835294117647059 0.20776874435411022 0.10823529411764705 0.018066847335140017
3 0.6752941176470588 0.2064137308039747 0.04 0.015356820234869015
2 0.1411764705882353 0.25338753387533874 0.16470588235294117 0.018970189701897018
3 0.27588235294117647 0.25338753387533874 0.06941176470588235 0.018970189701897018
2 0.11294117647058824 0.2981029810298103 0.10823529411764705 0.018066847335140017
3 0.20470588235294118 0.2967479674796748 0.04 0.015356820234869015
2 0.10058823529411764 0.34146341463414637 0.08352941176470588 0.014453477868112014
3 0.19470588235294117 0.34372177055103886 0.06941176470588235 0.018970189701897018
2 0.4823529411764706 0.34372177055103886 0.06823529411764706 0.018970189701897018
3 0.5505882352941176 0.34146341463414637 0.03294117647058824 0.014453477868112014
2 0.1411764705882353 0.3888888888888889 0.16470588235294117 0.018970189701897018
3 0.2647058823529412 0.3888888888888889 0.047058823529411764 0.018970189701897018
2 0.1411764705882353 0.4340560072267389 0.16470588235294117 0.018970189701897018
3 0.25529411764705884 0.43224932249322495 0.02823529411764706 0.015356820234869015
2 0.611764705882353 0.4340560072267389 0.16470588235294117 0.018970189701897018
3 0.75 0.43450767841011745 0.07647058823529412 0.01987353206865402
2 0.10882352941176471 0.4950316169828365 0.1 0.014453477868112014
5 0.24705882352941178 0.5013550135501355 0.023529411764705882 0.018066847335140017
2 0.29705882352941176 0.494579945799458 0.052941176470588235 0.013550135501355014
4 0.4235294117647059 0.5013550135501355 0.023529411764705882 0.018066847335140017
2 0.46352941176470586 0.494579945799458 0.03294117647058824 0.013550135501355014
1 0.2605882352941176 0.5501355013550135 0.40352941176470586 0.016260162601626018
2 0.6670588235294118 0.5966576332429991 0.15764705882352942 0.018970189701897018
1 0.6758823529411765 0.6178861788617886 0.1988235294117647 0.016260162601626018