0 0.5 0.0504704875962361 0.6423529411764706 0.015397775876817793
0 0.5 0.11847733105218135 0.23294117647058823 0.01454234388366125
2 0.11352941176470588 0.19461077844311378 0.10941176470588235 0.01283147989734816
3 0.2817647058823529 0.19760479041916168 0.19176470588235295 0.018819503849443968
2 0.09294117647058824 0.2399486740804106 0.06823529411764706 0.017964071856287425
3 0.16823529411764707 0.23823781009409753 0.047058823529411764 0.01454234388366125
2 0.11294117647058824 0.2822925577416595 0.10823529411764705 0.01710863986313088
3 0.2076470588235294 0.28186484174508125 0.04588235294117647 0.016253207869974338
2 0.08294117647058824 0.32506415739948674 0.04823529411764706 0.01710863986313088
3 0.14529411764705882 0.3237810094097519 0.041176470588235294 0.01454234388366125
2 0.4447058823529412 0.3229255774165954 0.06352941176470588 0.01283147989734816
3 0.5170588235294118 0.3246364414029085 0.04588235294117647 0.016253207869974338
2 0.09058823529411765 0.36569717707442256 0.06352941176470588 0.01283147989734816
3 0.1676470588235294 0.36826347305389223 0.05529411764705883 0.017964071856287425
2 0.10882352941176471 0.42600513259195893 0.1 0.013686911890504704
4 0.24705882352941178 0.43199315654405473 0.023529411764705882 0.01710863986313088
2 0.29705882352941176 0.4255774165953807 0.052941176470588235 0.01283147989734816
5 0.4235294117647059 0.43199315654405473 0.023529411764705882 0.01710863986313088
2 0.46352941176470586 0.4255774165953807 0.03294117647058824 0.01283147989734816
1 0.2605882352941176 0.47818648417450815 0.40352941176470586 0.015397775876817793
2 0.6670588235294118 0.5222412318220702 0.15764705882352942 0.017964071856287425
1 0.6758823529411765 0.542343883661249 0.1988235294117647 0.015397775876817793