0 0.5 0.057729941291585124 0.6423529411764706 0.01761252446183953
0 0.5 0.1360078277886497 0.28352941176470586 0.01761252446183953
2 0.08294117647058824 0.22504892367906065 0.04823529411764706 0.019569471624266144
3 0.14411764705882352 0.22504892367906065 0.03882352941176471 0.019569471624266144
2 0.11294117647058824 0.273972602739726 0.10823529411764705 0.019569471624266144
3 0.21411764705882352 0.2725048923679061 0.058823529411764705 0.016634050880626222
2 0.09294117647058824 0.32338551859099807 0.06823529411764706 0.02054794520547945
2 0.09294117647058824 0.3723091976516634 0.06823529411764706 0.02054794520547945
3 0.16823529411764707 0.3703522504892368 0.047058823529411764 0.016634050880626222
2 0.11352941176470588 0.41829745596868884 0.10941176470588235 0.014677103718199608
3 0.23529411764705882 0.4187866927592955 0.0988235294117647 0.015655577299412915
2 0.508235294117647 0.4212328767123288 0.06823529411764706 0.02054794520547945
3 0.5835294117647059 0.4212328767123288 0.047058823529411764 0.02054794520547945
2 0.11352941176470588 0.4672211350293542 0.10941176470588235 0.014677103718199608
3 0.25588235294117645 0.47015655577299414 0.14 0.02054794520547945
2 0.10882352941176471 0.5362035225048923 0.1 0.015655577299412915
5 0.24705882352941178 0.5430528375733855 0.023529411764705882 0.019569471624266144
2 0.29705882352941176 0.5357142857142857 0.052941176470588235 0.014677103718199608
4 0.4235294117647059 0.5430528375733855 0.023529411764705882 0.019569471624266144
2 0.46352941176470586 0.5357142857142857 0.03294117647058824 0.014677103718199608
1 0.2605882352941176 0.5958904109589042 0.40352941176470586 0.01761252446183953
2 0.6670588235294118 0.6462818003913894 0.15764705882352942 0.02054794520547945
1 0.6758823529411765 0.6692759295499021 0.1988235294117647 0.01761252446183953