0 0.5 0.05608365019011407 0.6423529411764706 0.017110266159695818
0 0.5 0.13165399239543726 0.23294117647058823 0.016159695817490494
2 0.09294117647058824 0.219106463878327 0.06823529411764706 0.019961977186311788
2 0.09058823529411765 0.2637832699619772 0.06352941176470588 0.014258555133079848
3 0.1623529411764706 0.2666349809885932 0.04470588235294118 0.019961977186311788
2 0.09294117647058824 0.3141634980988593 0.06823529411764706 0.019961977186311788
2 0.5152941176470588 0.3141634980988593 0.16470588235294117 0.019961977186311788
3 0.6358823529411765 0.3122623574144487 0.041176470588235294 0.016159695817490494
2 0.10529411764705883 0.3612167300380228 0.09294117647058824 0.019011406844106463
2 0.09294117647058824 0.40922053231939165 0.06823529411764706 0.019961977186311788
3 0.1588235294117647 0.407319391634981 0.02823529411764706 0.016159695817490494
2 0.47941176470588237 0.40874524714828897 0.09294117647058824 0.019011406844106463
2 0.10058823529411764 0.4543726235741445 0.08352941176470588 0.015209125475285171
3 0.18235294117647058 0.45484790874524716 0.04470588235294118 0.016159695817490494
2 0.10882352941176471 0.5209125475285171 0.1 0.015209125475285171
4 0.24705882352941178 0.5275665399239544 0.023529411764705882 0.019011406844106463
2 0.29705882352941176 0.5204372623574145 0.052941176470588235 0.014258555133079848
5 0.4235294117647059 0.5275665399239544 0.023529411764705882 0.019011406844106463
2 0.46352941176470586 0.5204372623574145 0.03294117647058824 0.014258555133079848
1 0.2605882352941176 0.5788973384030418 0.40352941176470586 0.017110266159695818
2 0.6670588235294118 0.627851711026616 0.15764705882352942 0.019961977186311788
1 0.6758823529411765 0.6501901140684411 0.1988235294117647 0.017110266159695818