0 0.5 0.051215277777777776 0.6423529411764706 0.015625
0 0.5 0.12065972222222222 0.2647058823529412 0.015625
2 0.10058823529411764 0.19791666666666666 0.08352941176470588 0.013888888888888888
2 0.1411764705882353 0.24348958333333334 0.16470588235294117 0.018229166666666668
3 0.2647058823529412 0.24348958333333334 0.047058823529411764 0.018229166666666668
2 0.5611764705882353 0.24088541666666666 0.06352941176470588 0.013020833333333334
3 0.6347058823529412 0.24348958333333334 0.04823529411764706 0.018229166666666668
2 0.10058823529411764 0.2847222222222222 0.08352941176470588 0.013888888888888888
2 0.5305882352941177 0.2868923611111111 0.16470588235294117 0.018229166666666668
3 0.6564705882352941 0.28515625 0.05176470588235294 0.014756944444444444
2 0.11352941176470588 0.3276909722222222 0.10941176470588235 0.013020833333333334
3 0.2952941176470588 0.3324652777777778 0.2188235294117647 0.022569444444444444
2 0.10529411764705883 0.3732638888888889 0.09294117647058824 0.017361111111111112
3 0.1888235294117647 0.3732638888888889 0.03882352941176471 0.017361111111111112
2 0.1411764705882353 0.4171006944444444 0.16470588235294117 0.018229166666666668
2 0.10882352941176471 0.4756944444444444 0.1 0.013888888888888888
5 0.24705882352941178 0.4817708333333333 0.023529411764705882 0.017361111111111112
2 0.29705882352941176 0.4752604166666667 0.052941176470588235 0.013020833333333334
4 0.4235294117647059 0.4817708333333333 0.023529411764705882 0.017361111111111112
2 0.46352941176470586 0.4752604166666667 0.03294117647058824 0.013020833333333334
1 0.2605882352941176 0.5286458333333334 0.40352941176470586 0.015625
2 0.6670588235294118 0.5733506944444444 0.15764705882352942 0.018229166666666668
1 0.6758823529411765 0.59375 0.1988235294117647 0.015625