0 0.5 0.05225863596102746 0.6423529411764706 0.015943312666076175
0 0.5 0.12267493356953056 0.23294117647058823 0.015057573073516387
2 0.09058823529411765 0.20150575730735165 0.06352941176470588 0.013286093888396812
3 0.1635294117647059 0.20239149689991143 0.047058823529411764 0.015057573073516387
2 0.09058823529411765 0.245792736935341 0.06352941176470588 0.013286093888396812
2 0.48294117647058826 0.245792736935341 0.10941176470588235 0.013286093888396812
3 0.5988235294117648 0.2466784765279008 0.08705882352941176 0.015057573073516387
2 0.1411764705882353 0.29273693534100975 0.16470588235294117 0.018600531443755536
3 0.26294117647058823 0.29096545615589015 0.04352941176470588 0.015057573073516387
2 0.10058823529411764 0.33480956598759964 0.08352941176470588 0.0141718334809566
2 0.09294117647058824 0.38131089459698847 0.06823529411764706 0.018600531443755536
2 0.46705882352941175 0.38131089459698847 0.06823529411764706 0.018600531443755536
3 0.5535294117647059 0.38131089459698847 0.06941176470588235 0.018600531443755536
2 0.09058823529411765 0.4229406554472985 0.06352941176470588 0.013286093888396812
2 0.10882352941176471 0.4853852967227635 0.1 0.0141718334809566
4 0.24705882352941178 0.491585473870682 0.023529411764705882 0.01771479185119575
2 0.29705882352941176 0.4849424269264836 0.052941176470588235 0.013286093888396812
5 0.4235294117647059 0.491585473870682 0.023529411764705882 0.01771479185119575
2 0.46352941176470586 0.4849424269264836 0.03294117647058824 0.013286093888396812
1 0.2605882352941176 0.5394154118689105 0.40352941176470586 0.015943312666076175
2 0.6670588235294118 0.5850310008857396 0.15764705882352942 0.018600531443755536
1 0.6758823529411765 0.6058458813108946 0.1988235294117647 0.015943312666076175