0 0.5 0.05296229802513465 0.6423529411764706 0.01615798922800718
0 0.5 0.12477558348294435 0.2647058823529412 0.01615798922800718
2 0.11352941176470588 0.20421903052064633 0.10941176470588235 0.013464991023339317
3 0.24588235294117647 0.20511669658886894 0.12 0.01526032315978456
2 0.10058823529411764 0.2495511669658887 0.08352941176470588 0.01436265709156194
3 0.17647058823529413 0.2517953321364452 0.03294117647058824 0.018850987432675045
2 0.08294117647058824 0.296229802513465 0.04823529411764706 0.017953321364452424
3 0.15529411764705883 0.2966786355475763 0.0611764705882353 0.018850987432675045
2 0.11294117647058824 0.34111310592459604 0.10823529411764705 0.017953321364452424
3 0.2076470588235294 0.3393177737881508 0.04588235294117647 0.01436265709156194
2 0.5147058823529411 0.3393177737881508 0.08352941176470588 0.01436265709156194
3 0.5952941176470589 0.3397666068222621 0.042352941176470586 0.01526032315978456
2 0.09294117647058824 0.3864452423698384 0.06823529411764706 0.018850987432675045
3 0.18411764705882352 0.3868940754039497 0.07882352941176471 0.019748653500897665
2 0.10882352941176471 0.44703770197486536 0.1 0.01436265709156194
5 0.24705882352941178 0.4533213644524237 0.023529411764705882 0.017953321364452424
2 0.29705882352941176 0.44658886894075406 0.052941176470588235 0.013464991023339317
4 0.4235294117647059 0.4533213644524237 0.023529411764705882 0.017953321364452424
2 0.46352941176470586 0.44658886894075406 0.03294117647058824 0.013464991023339317
1 0.2605882352941176 0.5017953321364452 0.40352941176470586 0.01615798922800718
2 0.6670588235294118 0.5480251346499102 0.15764705882352942 0.018850987432675045
1 0.6758823529411765 0.5691202872531418 0.1988235294117647 0.01615798922800718