0 0.5 0.05888223552894212 0.6423529411764706 0.017964071856287425
0 0.5 0.13872255489021956 0.2647058823529412 0.017964071856287425
2 0.11294117647058824 0.22954091816367264 0.10823529411764705 0.01996007984031936
3 0.21529411764705883 0.23003992015968064 0.0611764705882353 0.020958083832335328
2 0.11352941176470588 0.27694610778443113 0.10941176470588235 0.014970059880239521
2 0.5288235294117647 0.27694610778443113 0.10941176470588235 0.014970059880239521
3 0.6952941176470588 0.282435129740519 0.18823529411764706 0.02594810379241517
2 0.08294117647058824 0.32934131736526945 0.04823529411764706 0.01996007984031936
2 0.11294117647058824 0.37924151696606784 0.10823529411764705 0.01996007984031936
3 0.21294117647058824 0.3777445109780439 0.05647058823529412 0.016966067864271458
2 0.4970588235294118 0.37924151696606784 0.04823529411764706 0.01996007984031936
2 0.10058823529411764 0.42714570858283435 0.08352941176470588 0.015968063872255488
2 0.10882352941176471 0.49700598802395207 0.1 0.015968063872255488
5 0.24705882352941178 0.5039920159680639 0.023529411764705882 0.01996007984031936
2 0.29705882352941176 0.49650698602794413 0.052941176470588235 0.014970059880239521
4 0.4235294117647059 0.5039920159680639 0.023529411764705882 0.01996007984031936
2 0.46352941176470586 0.49650698602794413 0.03294117647058824 0.014970059880239521
1 0.2605882352941176 0.5578842315369261 0.40352941176470586 0.017964071856287425
2 0.6670588235294118 0.6092814371257484 0.15764705882352942 0.020958083832335328
1 0.6758823529411765 0.6327345309381237 0.1988235294117647 0.017964071856287425