0 0.5 0.05795677799607073 0.6423529411764706 0.01768172888015717
0 0.5 0.13654223968565815 0.28352941176470586 0.01768172888015717
2 0.1411764705882353 0.22642436149312378 0.16470588235294117 0.0206286836935167
2 0.5841176470588235 0.22347740667976423 0.10941176470588235 0.014734774066797643
3 0.7370588235294118 0.2288801571709234 0.16117647058823528 0.025540275049115914
2 0.10529411764705883 0.275049115913556 0.09294117647058824 0.019646365422396856
2 0.48176470588235293 0.275049115913556 0.04823529411764706 0.019646365422396856
3 0.5429411764705883 0.275049115913556 0.03882352941176471 0.019646365422396856
2 0.09294117647058824 0.32465618860510803 0.06823529411764706 0.0206286836935167
2 0.10058823529411764 0.3713163064833006 0.08352941176470588 0.015717092337917484
2 0.1411764705882353 0.42288801571709234 0.16470588235294117 0.0206286836935167
3 0.27058823529411763 0.4209233791748527 0.058823529411764705 0.01669941060903733
2 0.5835294117647059 0.4223968565815324 0.10823529411764705 0.019646365422396856
2 0.09058823529411765 0.46905697445972494 0.06352941176470588 0.014734774066797643
3 0.16294117647058823 0.47102161100196466 0.04588235294117647 0.018664047151277015
2 0.10882352941176471 0.5383104125736738 0.1 0.015717092337917484
5 0.24705882352941178 0.5451866404715128 0.023529411764705882 0.019646365422396856
2 0.29705882352941176 0.537819253438114 0.052941176470588235 0.014734774066797643
4 0.4235294117647059 0.5451866404715128 0.023529411764705882 0.019646365422396856
2 0.46352941176470586 0.537819253438114 0.03294117647058824 0.014734774066797643
1 0.2605882352941176 0.5982318271119843 0.40352941176470586 0.01768172888015717
2 0.6670588235294118 0.6488212180746562 0.15764705882352942 0.0206286836935167
1 0.6758823529411765 0.6719056974459725 0.1988235294117647 0.01768172888015717