0 0.5 0.055503292568203196 0.6423529411764706 0.016933207902163686
0 0.5 0.13029162746942616 0.24941176470588236 0.01599247412982126
2 0.09058823529411765 0.21401693320790216 0.06352941176470588 0.014111006585136407
3 0.15705882352941178 0.215898400752587 0.03411764705882353 0.017873941674506115
2 0.09058823529411765 0.2610536218250235 0.06352941176470588 0.014111006585136407
3 0.16294117647058823 0.26152398871119475 0.04588235294117647 0.015051740357478834
2 0.48294117647058826 0.2610536218250235 0.10941176470588235 0.014111006585136407
3 0.6347058823529412 0.2662276575729069 0.1588235294117647 0.024459078080903106
2 0.09294117647058824 0.31091251175917217 0.06823529411764706 0.01975540921919097
3 0.1676470588235294 0.3085606773283161 0.04588235294117647 0.015051740357478834
2 0.5152941176470588 0.31091251175917217 0.16470588235294117 0.01975540921919097
3 0.6458823529411765 0.3090310442144873 0.0611764705882353 0.01599247412982126
2 0.09294117647058824 0.3579492003762935 0.06823529411764706 0.01975540921919097
3 0.16117647058823528 0.3579492003762935 0.03294117647058824 0.01975540921919097
2 0.10882352941176471 0.42144873000940736 0.1 0.015051740357478834
4 0.24705882352941178 0.4280338664158043 0.023529411764705882 0.01881467544684854
2 0.29705882352941176 0.4209783631232361 0.052941176470588235 0.014111006585136407
5 0.4235294117647059 0.4280338664158043 0.023529411764705882 0.01881467544684854
2 0.46352941176470586 0.4209783631232361 0.03294117647058824 0.014111006585136407
1 0.2605882352941176 0.47883349012229537 0.40352941176470586 0.016933207902163686
2 0.6670588235294118 0.5272812793979303 0.15764705882352942 0.01975540921919097
1 0.6758823529411765 0.5493885230479775 0.1988235294117647 0.016933207902163686