0 0.5 0.04945515507124895 0.6423529411764706 0.015088013411567477
0 0.5 0.11609388097233864 0.23294117647058823 0.014249790444258172
2 0.11294117647058824 0.19279128248113997 0.10823529411764705 0.016764459346186086
3 0.2011764705882353 0.19321039396479464 0.03294117647058824 0.01760268231349539
2 0.10058823529411764 0.2330259849119866 0.08352941176470588 0.013411567476948869
3 0.18411764705882352 0.23512154233025984 0.04823529411764706 0.01760268231349539
2 0.10058823529411764 0.2749371332774518 0.08352941176470588 0.013411567476948869
3 0.18294117647058825 0.2749371332774518 0.04588235294117647 0.013411567476948869
2 0.09058823529411765 0.31642917015926236 0.06352941176470588 0.012573344509639563
3 0.16941176470588235 0.3193629505448449 0.058823529411764705 0.018440905280804692
2 0.11352941176470588 0.3583403185247276 0.10941176470588235 0.012573344509639563
3 0.29411764705882354 0.36127409891031015 0.2164705882352941 0.018440905280804692
2 0.528235294117647 0.36043587594300086 0.10823529411764705 0.016764459346186086
3 0.6229411764705882 0.36001676445934616 0.04588235294117647 0.01592623637887678
2 0.1411764705882353 0.4027661357921207 0.16470588235294117 0.01760268231349539
3 0.2635294117647059 0.4010896898575021 0.04470588235294118 0.014249790444258172
2 0.10882352941176471 0.45934618608549876 0.1 0.013411567476948869
4 0.24705882352941178 0.4652137468566639 0.023529411764705882 0.016764459346186086
2 0.29705882352941176 0.45892707460184406 0.052941176470588235 0.012573344509639563
5 0.4235294117647059 0.4652137468566639 0.023529411764705882 0.016764459346186086
2 0.46352941176470586 0.45892707460184406 0.03294117647058824 0.012573344509639563
1 0.2605882352941176 0.5104777870913663 0.40352941176470586 0.015088013411567477
2 0.6670588235294118 0.5536462699077954 0.15764705882352942 0.01760268231349539
1 0.6758823529411765 0.5733445096395641 0.1988235294117647 0.015088013411567477