0 0.5 0.05025553662691652 0.6423529411764706 0.015332197614991482
0 0.5 0.11797274275979557 0.24941176470588236 0.014480408858603067
2 0.11294117647058824 0.19591141396933562 0.10823529411764705 0.017035775127768313
3 0.21058823529411766 0.194633730834753 0.05176470588235294 0.014480408858603067
2 0.4970588235294118 0.19591141396933562 0.04823529411764706 0.017035775127768313
3 0.5535294117647059 0.19633730834752983 0.029411764705882353 0.01788756388415673
2 0.08294117647058824 0.23850085178875638 0.04823529411764706 0.017035775127768313
3 0.14823529411764705 0.2389267461669506 0.047058823529411764 0.01788756388415673
2 0.4470588235294118 0.2389267461669506 0.06823529411764706 0.01788756388415673
3 0.5288235294117647 0.23807495741056217 0.06 0.016183986371379896
2 0.11352941176470588 0.27896081771720616 0.10941176470588235 0.012776831345826235
3 0.2488235294117647 0.27981260647359457 0.12588235294117647 0.014480408858603067
2 0.5564705882352942 0.2815161839863714 0.16470588235294117 0.01788756388415673
3 0.6705882352941176 0.27938671209540034 0.02823529411764706 0.013628620102214651
2 0.10058823529411764 0.3219761499148211 0.08352941176470588 0.013628620102214651
3 0.19823529411764707 0.32453151618398635 0.07647058823529412 0.018739352640545145
2 0.10058823529411764 0.3645655877342419 0.08352941176470588 0.013628620102214651
3 0.18823529411764706 0.3649914821124361 0.05647058823529412 0.014480408858603067
2 0.10058823529411764 0.4071550255536627 0.08352941176470588 0.013628620102214651
3 0.19470588235294117 0.40928449744463374 0.06941176470588235 0.01788756388415673
2 0.10882352941176471 0.46678023850085176 0.1 0.013628620102214651
5 0.24705882352941178 0.4727427597955707 0.023529411764705882 0.017035775127768313
2 0.29705882352941176 0.4663543441226576 0.052941176470588235 0.012776831345826235
4 0.4235294117647059 0.4727427597955707 0.023529411764705882 0.017035775127768313
2 0.46352941176470586 0.4663543441226576 0.03294117647058824 0.012776831345826235
1 0.2605882352941176 0.5187393526405452 0.40352941176470586 0.015332197614991482
2 0.6670588235294118 0.5626064735945485 0.15764705882352942 0.01788756388415673
1 0.6758823529411765 0.5826235093696763 0.1988235294117647 0.015332197614991482