0 0.5 0.051618547681539804 0.6423529411764706 0.015748031496062992
0 0.5 0.1216097987751531 0.30470588235294116 0.015748031496062992
2 0.11352941176470588 0.19903762029746283 0.10941176470588235 0.013123359580052493
2 0.1411764705882353 0.24540682414698162 0.16470588235294117 0.01837270341207349
2 0.10529411764705883 0.2887139107611549 0.09294117647058824 0.017497812773403325
3 0.19941176470588234 0.2882764654418198 0.06 0.016622922134733157
2 0.08294117647058824 0.3324584426946632 0.04823529411764706 0.017497812773403325
3 0.15058823529411763 0.3311461067366579 0.05176470588235294 0.014873140857392825
2 0.1411764705882353 0.3766404199475066 0.16470588235294117 0.01837270341207349
3 0.2688235294117647 0.3766404199475066 0.05529411764705883 0.01837270341207349
2 0.5611764705882353 0.37401574803149606 0.06352941176470588 0.013123359580052493
2 0.08294117647058824 0.4199475065616798 0.04823529411764706 0.017497812773403325
2 0.4470588235294118 0.4203849518810149 0.06823529411764706 0.01837270341207349
2 0.10882352941176471 0.4794400699912511 0.1 0.01399825021872266
4 0.24705882352941178 0.48556430446194226 0.023529411764705882 0.017497812773403325
2 0.29705882352941176 0.479002624671916 0.052941176470588235 0.013123359580052493
5 0.4235294117647059 0.48556430446194226 0.023529411764705882 0.017497812773403325
2 0.46352941176470586 0.479002624671916 0.03294117647058824 0.013123359580052493
1 0.2605882352941176 0.5328083989501312 0.40352941176470586 0.015748031496062992
2 0.6670588235294118 0.5778652668416447 0.15764705882352942 0.01837270341207349
1 0.6758823529411765 0.5984251968503937 0.1988235294117647 0.015748031496062992