0 0.5 0.05555555555555555 0.6423529411764706 0.01694915254237288
0 0.5 0.13088512241054615 0.30470588235294116 0.01694915254237288
2 0.10529411764705883 0.21657250470809794 0.09294117647058824 0.018832391713747645
3 0.18941176470588236 0.21516007532956685 0.04 0.0160075329566855
2 0.11352941176470588 0.2612994350282486 0.10941176470588235 0.014124293785310734
3 0.2647058823529412 0.263653483992467 0.15764705882352942 0.018832391713747645
2 0.1411764705882353 0.3112052730696798 0.16470588235294117 0.01977401129943503
3 0.27588235294117647 0.3112052730696798 0.06941176470588235 0.01977401129943503
2 0.09058823529411765 0.3554613935969868 0.06352941176470588 0.014124293785310734
3 0.17058823529411765 0.358286252354049 0.0611764705882353 0.01977401129943503
2 0.10882352941176471 0.4218455743879473 0.1 0.015065913370998116
5 0.24705882352941178 0.4284369114877589 0.023529411764705882 0.018832391713747645
2 0.29705882352941176 0.4213747645951036 0.052941176470588235 0.014124293785310734
4 0.4235294117647059 0.4284369114877589 0.023529411764705882 0.018832391713747645
2 0.46352941176470586 0.4213747645951036 0.03294117647058824 0.014124293785310734
1 0.2605882352941176 0.4792843691148776 0.40352941176470586 0.01694915254237288
2 0.6670588235294118 0.5277777777777778 0.15764705882352942 0.01977401129943503
1 0.6758823529411765 0.5499058380414312 0.1988235294117647 0.01694915254237288