0 0.5 0.05291479820627803 0.6423529411764706 0.016143497757847534
0 0.5 0.12466367713004484 0.30470588235294116 0.016143497757847534
2 0.11352941176470588 0.2040358744394619 0.10941176470588235 0.013452914798206279
3 0.2647058823529412 0.20807174887892377 0.15764705882352942 0.021524663677130046
2 0.08294117647058824 0.25112107623318386 0.04823529411764706 0.017937219730941704
3 0.1388235294117647 0.24932735426008967 0.02823529411764706 0.014349775784753363
2 0.4470588235294118 0.2515695067264574 0.06823529411764706 0.01883408071748879
3 0.5341176470588235 0.2515695067264574 0.07058823529411765 0.01883408071748879
2 0.09294117647058824 0.29641255605381167 0.06823529411764706 0.01883408071748879
3 0.16411764705882353 0.29596412556053814 0.03882352941176471 0.017937219730941704
2 0.48764705882352943 0.2937219730941704 0.10941176470588235 0.013452914798206279
3 0.6558823529411765 0.2968609865470852 0.19176470588235295 0.019730941704035873
2 0.08294117647058824 0.34080717488789236 0.04823529411764706 0.017937219730941704
3 0.1476470588235294 0.33901345291479823 0.04588235294117647 0.014349775784753363
2 0.11352941176470588 0.3834080717488789 0.10941176470588235 0.013452914798206279
3 0.2252941176470588 0.384304932735426 0.07882352941176471 0.015246636771300448
2 0.49823529411764705 0.38565022421524664 0.04823529411764706 0.017937219730941704
3 0.5647058823529412 0.38385650224215245 0.04941176470588235 0.014349775784753363
2 0.10882352941176471 0.44663677130044843 0.1 0.014349775784753363
5 0.24705882352941178 0.452914798206278 0.023529411764705882 0.017937219730941704
2 0.29705882352941176 0.4461883408071749 0.052941176470588235 0.013452914798206279
4 0.4235294117647059 0.452914798206278 0.023529411764705882 0.017937219730941704
2 0.46352941176470586 0.4461883408071749 0.03294117647058824 0.013452914798206279
1 0.2605882352941176 0.5013452914798207 0.40352941176470586 0.016143497757847534
2 0.6670588235294118 0.5475336322869955 0.15764705882352942 0.01883408071748879
1 0.6758823529411765 0.568609865470852 0.1988235294117647 0.016143497757847534