0 0.5 0.05025553662691652 0.6423529411764706 0.015332197614991482
0 0.5 0.11797274275979557 0.23294117647058823 0.014480408858603067
2 0.11294117647058824 0.19591141396933562 0.10823529411764705 0.017035775127768313
3 0.21941176470588236 0.19633730834752983 0.06941176470588235 0.01788756388415673
2 0.10058823529411764 0.23679727427597955 0.08352941176470588 0.013628620102214651
3 0.17705882352941177 0.23679727427597955 0.03411764705882353 0.013628620102214651
2 0.4823529411764706 0.2389267461669506 0.06823529411764706 0.01788756388415673
3 0.5576470588235294 0.2389267461669506 0.047058823529411764 0.01788756388415673
2 0.09058823529411765 0.27896081771720616 0.06352941176470588 0.012776831345826235
3 0.17058823529411765 0.2815161839863714 0.0611764705882353 0.01788756388415673
2 0.1411764705882353 0.32410562180579217 0.16470588235294117 0.01788756388415673
3 0.2647058823529412 0.32410562180579217 0.047058823529411764 0.01788756388415673
2 0.5711764705882353 0.3219761499148211 0.08352941176470588 0.013628620102214651
3 0.6541176470588236 0.32410562180579217 0.047058823529411764 0.01788756388415673
2 0.10882352941176471 0.38160136286201024 0.1 0.013628620102214651
4 0.24705882352941178 0.38756388415672915 0.023529411764705882 0.017035775127768313
2 0.29705882352941176 0.381175468483816 0.052941176470588235 0.012776831345826235
5 0.4235294117647059 0.38756388415672915 0.023529411764705882 0.017035775127768313
2 0.46352941176470586 0.381175468483816 0.03294117647058824 0.012776831345826235
1 0.2605882352941176 0.4335604770017036 0.40352941176470586 0.015332197614991482
2 0.6670588235294118 0.477427597955707 0.15764705882352942 0.01788756388415673
1 0.6758823529411765 0.49744463373083475 0.1988235294117647 0.015332197614991482