0 0.5 0.057504873294346975 0.6423529411764706 0.017543859649122806
0 0.5 0.1354775828460039 0.30470588235294116 0.017543859649122806
2 0.09058823529411765 0.22173489278752437 0.06352941176470588 0.014619883040935672
3 0.15411764705882353 0.2222222222222222 0.02823529411764706 0.015594541910331383
2 0.46 0.22173489278752437 0.06352941176470588 0.014619883040935672
3 0.5335294117647059 0.2246588693957115 0.04823529411764706 0.02046783625730994
2 0.11352941176470588 0.27046783625730997 0.10941176470588235 0.014619883040935672
3 0.2411764705882353 0.27144249512670565 0.11058823529411765 0.016569200779727095
2 0.09294117647058824 0.32212475633528265 0.06823529411764706 0.02046783625730994
3 0.1588235294117647 0.31968810916179335 0.02823529411764706 0.015594541910331383
2 0.45705882352941174 0.3216374269005848 0.04823529411764706 0.01949317738791423
3 0.5223529411764706 0.32212475633528265 0.047058823529411764 0.02046783625730994
2 0.11352941176470588 0.3679337231968811 0.10941176470588235 0.014619883040935672
3 0.25823529411764706 0.3708576998050682 0.14470588235294118 0.02046783625730994
2 0.11352941176470588 0.4166666666666667 0.10941176470588235 0.014619883040935672
3 0.26588235294117646 0.42105263157894735 0.16 0.023391812865497075
2 0.11352941176470588 0.46539961013645226 0.10941176470588235 0.014619883040935672
3 0.22411764705882353 0.46637426900584794 0.07647058823529412 0.016569200779727095
2 0.5158823529411765 0.46588693957115007 0.08352941176470588 0.015594541910331383
3 0.5947058823529412 0.4678362573099415 0.03882352941176471 0.01949317738791423
2 0.10882352941176471 0.5341130604288499 0.1 0.015594541910331383
5 0.24705882352941178 0.5409356725146199 0.023529411764705882 0.01949317738791423
2 0.29705882352941176 0.533625730994152 0.052941176470588235 0.014619883040935672
4 0.4235294117647059 0.5409356725146199 0.023529411764705882 0.01949317738791423
2 0.46352941176470586 0.533625730994152 0.03294117647058824 0.014619883040935672
1 0.2605882352941176 0.5935672514619883 0.40352941176470586 0.017543859649122806
2 0.6670588235294118 0.6437621832358674 0.15764705882352942 0.02046783625730994
1 0.6758823529411765 0.6666666666666666 0.1988235294117647 0.017543859649122806