0 0.5 0.05296229802513465 0.6423529411764706 0.01615798922800718
0 0.5 0.12477558348294435 0.2647058823529412 0.01615798922800718
2 0.11352941176470588 0.20421903052064633 0.10941176470588235 0.013464991023339317
2 0.09294117647058824 0.2517953321364452 0.06823529411764706 0.018850987432675045
3 0.16823529411764707 0.2508976660682226 0.047058823529411764 0.017055655296229804
2 0.10529411764705883 0.296229802513465 0.09294117647058824 0.017953321364452424
3 0.2 0.2966786355475763 0.0611764705882353 0.018850987432675045
2 0.49941176470588233 0.29443447037701975 0.08352941176470588 0.01436265709156194
2 0.10529411764705883 0.34111310592459604 0.09294117647058824 0.017953321364452424
2 0.5041176470588236 0.34111310592459604 0.09294117647058824 0.017953321364452424
2 0.10882352941176471 0.4021543985637343 0.1 0.01436265709156194
5 0.24705882352941178 0.40843806104129265 0.023529411764705882 0.017953321364452424
2 0.29705882352941176 0.401705565529623 0.052941176470588235 0.013464991023339317
4 0.4235294117647059 0.40843806104129265 0.023529411764705882 0.017953321364452424
2 0.46352941176470586 0.401705565529623 0.03294117647058824 0.013464991023339317
1 0.2605882352941176 0.45691202872531417 0.40352941176470586 0.01615798922800718
2 0.6670588235294118 0.5031418312387792 0.15764705882352942 0.018850987432675045
1 0.6758823529411765 0.5242369838420108 0.1988235294117647 0.01615798922800718