0 0.5 0.050170068027210885 0.6423529411764706 0.015306122448979591
0 0.5 0.11819727891156463 0.30470588235294116 0.015306122448979591
2 0.11294117647058824 0.195578231292517 0.10823529411764705 0.017006802721088437
3 0.2011764705882353 0.19600340136054423 0.03294117647058824 0.017857142857142856
2 0.10529411764705883 0.23809523809523808 0.09294117647058824 0.017006802721088437
3 0.1864705882352941 0.23767006802721088 0.03411764705882353 0.016156462585034014
2 0.11294117647058824 0.28061224489795916 0.10823529411764705 0.017006802721088437
2 0.09058823529411765 0.3210034013605442 0.06352941176470588 0.012755102040816327
2 0.4823529411764706 0.3231292517006803 0.10823529411764705 0.017006802721088437
2 0.1411764705882353 0.36607142857142855 0.16470588235294117 0.017857142857142856
2 0.10882352941176471 0.42346938775510207 0.1 0.013605442176870748
4 0.24705882352941178 0.429421768707483 0.023529411764705882 0.017006802721088437
2 0.29705882352941176 0.42304421768707484 0.052941176470588235 0.012755102040816327
5 0.4235294117647059 0.429421768707483 0.023529411764705882 0.017006802721088437
2 0.46352941176470586 0.42304421768707484 0.03294117647058824 0.012755102040816327
1 0.2605882352941176 0.47534013605442177 0.40352941176470586 0.015306122448979591
2 0.6670588235294118 0.5191326530612245 0.15764705882352942 0.017857142857142856
1 0.6758823529411765 0.5391156462585034 0.1988235294117647 0.015306122448979591