0 0.5 0.05778648383937316 0.6423529411764706 0.01762977473065622
0 0.5 0.13614103819784526 0.2647058823529412 0.01762977473065622
2 0.1411764705882353 0.2257590597453477 0.16470588235294117 0.02056807051909892
3 0.27176470588235296 0.2257590597453477 0.0611764705882353 0.02056807051909892
2 0.5841176470588235 0.222820763956905 0.10941176470588235 0.014691478942213516
3 0.6894117647058824 0.2238001958863859 0.06588235294117648 0.01665034280117532
2 0.11352941176470588 0.27179236043095006 0.10941176470588235 0.014691478942213516
3 0.2817647058823529 0.277179236043095 0.19176470588235295 0.025465230166503428
2 0.09294117647058824 0.32370225269343783 0.06823529411764706 0.02056807051909892
3 0.17529411764705882 0.32370225269343783 0.0611764705882353 0.02056807051909892
2 0.10058823529411764 0.3702252693437806 0.08352941176470588 0.015670910871694418
3 0.18 0.37267384916748286 0.04 0.02056807051909892
2 0.10882352941176471 0.4387855044074437 0.1 0.015670910871694418
5 0.24705882352941178 0.44564152791381 0.023529411764705882 0.019588638589618023
2 0.29705882352941176 0.4382957884427032 0.052941176470588235 0.014691478942213516
4 0.4235294117647059 0.44564152791381 0.023529411764705882 0.019588638589618023
2 0.46352941176470586 0.4382957884427032 0.03294117647058824 0.014691478942213516
1 0.2605882352941176 0.49853085210577863 0.40352941176470586 0.01762977473065622
2 0.6670588235294118 0.548971596474045 0.15764705882352942 0.02056807051909892
1 0.6758823529411765 0.5719882468168462 0.1988235294117647 0.01762977473065622