0 0.5 0.04920767306088407 0.6423529411764706 0.015012510425354461
0 0.5 0.11592994161801501 0.2647058823529412 0.015012510425354461
2 0.08294117647058824 0.19182652210175147 0.04823529411764706 0.016680567139282735
3 0.14941176470588236 0.1901584653878232 0.04941176470588235 0.013344453711426188
2 0.4547058823529412 0.1901584653878232 0.08352941176470588 0.013344453711426188
3 0.538235294117647 0.1901584653878232 0.04823529411764706 0.013344453711426188
2 0.08294117647058824 0.2335279399499583 0.04823529411764706 0.016680567139282735
2 0.4447058823529412 0.23144286905754796 0.06352941176470588 0.012510425354462052
3 0.5235294117647059 0.2322768974145121 0.058823529411764705 0.014178482068390326
2 0.1411764705882353 0.2756463719766472 0.16470588235294117 0.01751459549624687
3 0.25529411764705884 0.2735613010842369 0.02823529411764706 0.013344453711426188
2 0.1411764705882353 0.31734778982485407 0.16470588235294117 0.01751459549624687
3 0.2641176470588235 0.31526271893244373 0.04588235294117647 0.013344453711426188
2 0.11294117647058824 0.3586321934945788 0.10823529411764705 0.016680567139282735
2 0.10529411764705883 0.40033361134278567 0.09294117647058824 0.016680567139282735
2 0.10882352941176471 0.457047539616347 0.1 0.013344453711426188
5 0.24705882352941178 0.4628857381150959 0.023529411764705882 0.016680567139282735
2 0.29705882352941176 0.45663052543786486 0.052941176470588235 0.012510425354462052
4 0.4235294117647059 0.4628857381150959 0.023529411764705882 0.016680567139282735
2 0.46352941176470586 0.45663052543786486 0.03294117647058824 0.012510425354462052
1 0.2605882352941176 0.5079232693911593 0.40352941176470586 0.015012510425354461
2 0.6670588235294118 0.5508757297748124 0.15764705882352942 0.01751459549624687
1 0.6758823529411765 0.5704753961634695 0.1988235294117647 0.015012510425354461