0 0.5 0.05744888023369036 0.6423529411764706 0.017526777020447908
0 0.5 0.13534566699123662 0.30470588235294116 0.017526777020447908
2 0.1411764705882353 0.22444011684518014 0.16470588235294117 0.02044790652385589
2 0.5835294117647059 0.22395326192794549 0.10823529411764705 0.019474196689386564
3 0.6764705882352942 0.22249269717624148 0.042352941176470586 0.016553067185978577
2 0.11294117647058824 0.2726387536514119 0.10823529411764705 0.019474196689386564
2 0.09058823529411765 0.31888997078870496 0.06352941176470588 0.014605647517039922
2 0.5105882352941177 0.32181110029211296 0.16470588235294117 0.02044790652385589
2 0.10529411764705883 0.37000973709834467 0.09294117647058824 0.019474196689386564
2 0.4894117647058824 0.3675754625121714 0.06352941176470588 0.014605647517039922
2 0.11352941176470588 0.4162609542356378 0.10941176470588235 0.014605647517039922
3 0.24529411764705883 0.4196689386562804 0.1188235294117647 0.021421616358325218
2 0.5205882352941177 0.4186952288218111 0.09294117647058824 0.019474196689386564
2 0.11352941176470588 0.46494644595910417 0.10941176470588235 0.014605647517039922
3 0.25 0.4673807205452775 0.12823529411764706 0.019474196689386564
2 0.5205882352941177 0.4673807205452775 0.09294117647058824 0.019474196689386564
3 0.6082352941176471 0.4678675754625122 0.047058823529411764 0.02044790652385589
2 0.10882352941176471 0.5335929892891919 0.1 0.01557935735150925
4 0.24705882352941178 0.5404089581304771 0.023529411764705882 0.019474196689386564
2 0.29705882352941176 0.5331061343719572 0.052941176470588235 0.014605647517039922
5 0.4235294117647059 0.5404089581304771 0.023529411764705882 0.019474196689386564
2 0.46352941176470586 0.5331061343719572 0.03294117647058824 0.014605647517039922
1 0.2605882352941176 0.5929892891918208 0.40352941176470586 0.017526777020447908
2 0.6670588235294118 0.6431353456669913 0.15764705882352942 0.02044790652385589
1 0.6758823529411765 0.6660175267770204 0.1988235294117647 0.017526777020447908