0 0.5 0.05581835383159887 0.6423529411764706 0.017029328287606435
0 0.5 0.13103122043519394 0.24941176470588236 0.01608325449385052
2 0.10529411764705883 0.21759697256385999 0.09294117647058824 0.01892147587511826
2 0.11352941176470588 0.2625354777672658 0.10941176470588235 0.014191106906338695
2 0.08294117647058824 0.3122043519394513 0.04823529411764706 0.01892147587511826
2 0.09058823529411765 0.35714285714285715 0.06352941176470588 0.014191106906338695
2 0.46 0.35714285714285715 0.06352941176470588 0.014191106906338695
2 0.08294117647058824 0.40681173131504256 0.04823529411764706 0.01892147587511826
2 0.4370588235294118 0.40681173131504256 0.04823529411764706 0.01892147587511826
2 0.10882352941176471 0.47114474929044464 0.1 0.015137180700094607
4 0.24705882352941178 0.47776726584673607 0.023529411764705882 0.01892147587511826
2 0.29705882352941176 0.4706717123935667 0.052941176470588235 0.014191106906338695
4 0.4235294117647059 0.47776726584673607 0.023529411764705882 0.01892147587511826
2 0.46352941176470586 0.4706717123935667 0.03294117647058824 0.014191106906338695
1 0.2605882352941176 0.5288552507095553 0.40352941176470586 0.017029328287606435
2 0.6670588235294118 0.5775780510879849 0.15764705882352942 0.019867549668874173
1 0.6758823529411765 0.5998107852412489 0.1988235294117647 0.017029328287606435