0 0.5 0.05587121212121212 0.6423529411764706 0.017045454545454544
0 0.5 0.13162878787878787 0.30470588235294116 0.017045454545454544
2 0.09294117647058824 0.21827651515151514 0.06823529411764706 0.019886363636363636
3 0.16176470588235295 0.2159090909090909 0.03411764705882353 0.015151515151515152
2 0.11294117647058824 0.26515151515151514 0.10823529411764705 0.01893939393939394
3 0.2011764705882353 0.265625 0.03294117647058824 0.019886363636363636
2 0.08294117647058824 0.3125 0.04823529411764706 0.01893939393939394
3 0.1411764705882353 0.31297348484848486 0.03294117647058824 0.019886363636363636
2 0.11352941176470588 0.3574810606060606 0.10941176470588235 0.014204545454545454
3 0.2888235294117647 0.36079545454545453 0.20588235294117646 0.020833333333333332
2 0.10529411764705883 0.4071969696969697 0.09294117647058824 0.01893939393939394
3 0.1888235294117647 0.4071969696969697 0.03882352941176471 0.01893939393939394
2 0.5123529411764706 0.40482954545454547 0.10941176470588235 0.014204545454545454
3 0.6341176470588236 0.4053030303030303 0.0988235294117647 0.015151515151515152
2 0.08294117647058824 0.45454545454545453 0.04823529411764706 0.01893939393939394
3 0.15529411764705883 0.4550189393939394 0.0611764705882353 0.019886363636363636
2 0.10882352941176471 0.5189393939393939 0.1 0.015151515151515152
5 0.24705882352941178 0.5255681818181818 0.023529411764705882 0.01893939393939394
2 0.29705882352941176 0.5184659090909091 0.052941176470588235 0.014204545454545454
4 0.4235294117647059 0.5255681818181818 0.023529411764705882 0.01893939393939394
2 0.46352941176470586 0.5184659090909091 0.03294117647058824 0.014204545454545454
1 0.2605882352941176 0.5767045454545454 0.40352941176470586 0.017045454545454544
2 0.6670588235294118 0.6254734848484849 0.15764705882352942 0.019886363636363636
1 0.6758823529411765 0.6477272727272727 0.1988235294117647 0.017045454545454544