0 0.5 0.05818540433925049 0.6423529411764706 0.01775147928994083
0 0.5 0.13708086785009863 0.28352941176470586 0.01775147928994083
2 0.11294117647058824 0.22682445759368836 0.10823529411764705 0.01972386587771203
2 0.4970588235294118 0.22682445759368836 0.04823529411764706 0.01972386587771203
3 0.5594117647058824 0.22534516765285997 0.041176470588235294 0.016765285996055226
2 0.10529411764705883 0.27613412228796846 0.09294117647058824 0.01972386587771203
2 0.09294117647058824 0.3259368836291913 0.06823529411764706 0.020710059171597635
2 0.4747058823529412 0.3234714003944773 0.08352941176470588 0.015779092702169626
2 0.08294117647058824 0.3747534516765286 0.04823529411764706 0.01972386587771203
3 0.14588235294117646 0.3727810650887574 0.042352941176470586 0.015779092702169626
2 0.4370588235294118 0.3747534516765286 0.04823529411764706 0.01972386587771203
2 0.11294117647058824 0.4240631163708087 0.10823529411764705 0.01972386587771203
2 0.10882352941176471 0.4911242603550296 0.1 0.015779092702169626
4 0.24705882352941178 0.4980276134122288 0.023529411764705882 0.01972386587771203
2 0.29705882352941176 0.4906311637080868 0.052941176470588235 0.014792899408284023
5 0.4235294117647059 0.4980276134122288 0.023529411764705882 0.01972386587771203
2 0.46352941176470586 0.4906311637080868 0.03294117647058824 0.014792899408284023
1 0.2605882352941176 0.5512820512820513 0.40352941176470586 0.01775147928994083
2 0.6670588235294118 0.6020710059171598 0.15764705882352942 0.020710059171597635
1 0.6758823529411765 0.6252465483234714 0.1988235294117647 0.01775147928994083