0 0.5 0.051304347826086956 0.6423529411764706 0.01565217391304348
0 0.5 0.1208695652173913 0.30470588235294116 0.01565217391304348
2 0.09058823529411765 0.19782608695652174 0.06352941176470588 0.013043478260869565
3 0.16941176470588235 0.2008695652173913 0.058823529411764705 0.019130434782608695
2 0.4623529411764706 0.20043478260869566 0.06823529411764706 0.018260869565217393
3 0.5376470588235294 0.19956521739130434 0.047058823529411764 0.01652173913043478
2 0.1411764705882353 0.24391304347826087 0.16470588235294117 0.018260869565217393
3 0.2611764705882353 0.24391304347826087 0.04 0.018260869565217393
2 0.10058823529411764 0.2852173913043478 0.08352941176470588 0.01391304347826087
3 0.17411764705882352 0.2856521739130435 0.02823529411764706 0.014782608695652174
2 0.09058823529411765 0.3282608695652174 0.06352941176470588 0.013043478260869565
3 0.1635294117647059 0.3308695652173913 0.047058823529411764 0.018260869565217393
2 0.10058823529411764 0.37217391304347824 0.08352941176470588 0.01391304347826087
3 0.18352941176470589 0.37217391304347824 0.047058823529411764 0.01391304347826087
2 0.10882352941176471 0.4330434782608696 0.1 0.01391304347826087
5 0.24705882352941178 0.4391304347826087 0.023529411764705882 0.017391304347826087
2 0.29705882352941176 0.4326086956521739 0.052941176470588235 0.013043478260869565
4 0.4235294117647059 0.4391304347826087 0.023529411764705882 0.017391304347826087
2 0.46352941176470586 0.4326086956521739 0.03294117647058824 0.013043478260869565
1 0.2605882352941176 0.4860869565217391 0.40352941176470586 0.01565217391304348
2 0.6670588235294118 0.5308695652173913 0.15764705882352942 0.018260869565217393
1 0.6758823529411765 0.551304347826087 0.1988235294117647 0.01565217391304348