0 0.5 0.05581835383159887 0.6423529411764706 0.017029328287606435
0 0.5 0.1315042573320719 0.2647058823529412 0.017029328287606435
2 0.10529411764705883 0.21759697256385999 0.09294117647058824 0.01892147587511826
3 0.18588235294117647 0.21570482497634816 0.03294117647058824 0.015137180700094607
2 0.5123529411764706 0.2152317880794702 0.10941176470588235 0.014191106906338695
3 0.648235294117647 0.21570482497634816 0.12705882352941175 0.015137180700094607
2 0.11352941176470588 0.2625354777672658 0.10941176470588235 0.014191106906338695
3 0.2323529411764706 0.26348155156102177 0.09294117647058824 0.01608325449385052
2 0.10529411764705883 0.3122043519394513 0.09294117647058824 0.01892147587511826
3 0.1988235294117647 0.3107852412488174 0.058823529411764705 0.01608325449385052
2 0.10058823529411764 0.3576158940397351 0.08352941176470588 0.015137180700094607
3 0.18 0.35808893093661304 0.04 0.01608325449385052
2 0.11294117647058824 0.40681173131504256 0.10823529411764705 0.01892147587511826
3 0.21941176470588236 0.40728476821192056 0.06941176470588235 0.019867549668874173
2 0.5552941176470588 0.40728476821192056 0.16470588235294117 0.019867549668874173
3 0.6935294117647058 0.4077578051087985 0.07647058823529412 0.020813623462630087
2 0.10529411764705883 0.45411542100283825 0.09294117647058824 0.01892147587511826
3 0.1952941176470588 0.45269631031220436 0.05176470588235294 0.01608325449385052
2 0.5041176470588236 0.45411542100283825 0.09294117647058824 0.01892147587511826
3 0.5852941176470589 0.45364238410596025 0.03411764705882353 0.017975402081362345
2 0.10882352941176471 0.5184484389782403 0.1 0.015137180700094607
4 0.24705882352941178 0.5250709555345316 0.023529411764705882 0.01892147587511826
2 0.29705882352941176 0.5179754020813624 0.052941176470588235 0.014191106906338695
5 0.4235294117647059 0.5250709555345316 0.023529411764705882 0.01892147587511826
2 0.46352941176470586 0.5179754020813624 0.03294117647058824 0.014191106906338695
1 0.2605882352941176 0.5761589403973509 0.40352941176470586 0.017029328287606435
2 0.6670588235294118 0.6248817407757805 0.15764705882352942 0.019867549668874173
1 0.6758823529411765 0.6471144749290445 0.1988235294117647 0.017029328287606435