0 0.5 0.05412844036697248 0.6423529411764706 0.01651376146788991
0 0.5 0.12752293577981652 0.2647058823529412 0.01651376146788991
2 0.1411764705882353 0.21146788990825688 0.16470588235294117 0.01926605504587156
2 0.11352941176470588 0.2545871559633027 0.10941176470588235 0.013761467889908258
2 0.09058823529411765 0.30045871559633025 0.06352941176470588 0.013761467889908258
2 0.10529411764705883 0.3486238532110092 0.09294117647058824 0.01834862385321101
2 0.1411764705882353 0.394954128440367 0.16470588235294117 0.01926605504587156
2 0.1411764705882353 0.4408256880733945 0.16470588235294117 0.01926605504587156
2 0.5835294117647059 0.44036697247706424 0.10823529411764705 0.01834862385321101
2 0.10882352941176471 0.5027522935779817 0.1 0.014678899082568808
4 0.24705882352941178 0.5091743119266054 0.023529411764705882 0.01834862385321101
2 0.29705882352941176 0.5022935779816514 0.052941176470588235 0.013761467889908258
4 0.4235294117647059 0.5091743119266054 0.023529411764705882 0.01834862385321101
2 0.46352941176470586 0.5022935779816514 0.03294117647058824 0.013761467889908258
1 0.2605882352941176 0.5587155963302752 0.40352941176470586 0.01651376146788991
2 0.6670588235294118 0.6059633027522936 0.15764705882352942 0.01926605504587156
1 0.6758823529411765 0.6275229357798165 0.1988235294117647 0.01651376146788991