0 0.5 0.05608365019011407 0.6423529411764706 0.017110266159695818
0 0.5 0.13165399239543726 0.24941176470588236 0.016159695817490494
2 0.1411764705882353 0.219106463878327 0.16470588235294117 0.019961977186311788
3 0.27647058823529413 0.2214828897338403 0.07058823529411765 0.024714828897338403
2 0.09294117647058824 0.2666349809885932 0.06823529411764706 0.019961977186311788
3 0.1588235294117647 0.26425855513307983 0.02823529411764706 0.015209125475285171
2 0.4647058823529412 0.2637832699619772 0.06352941176470588 0.014258555133079848
3 0.5376470588235294 0.2666349809885932 0.047058823529411764 0.019961977186311788
2 0.11294117647058824 0.31368821292775667 0.10823529411764705 0.019011406844106463
3 0.20941176470588235 0.311787072243346 0.04941176470588235 0.015209125475285171
2 0.4970588235294118 0.31368821292775667 0.04823529411764706 0.019011406844106463
3 0.5552941176470588 0.3141634980988593 0.03294117647058824 0.019961977186311788
2 0.10529411764705883 0.3612167300380228 0.09294117647058824 0.019011406844106463
3 0.1888235294117647 0.3612167300380228 0.03882352941176471 0.019011406844106463
2 0.1411764705882353 0.40922053231939165 0.16470588235294117 0.019961977186311788
3 0.2611764705882353 0.407319391634981 0.04 0.016159695817490494
2 0.1411764705882353 0.45674904942965777 0.16470588235294117 0.019961977186311788
3 0.2611764705882353 0.45674904942965777 0.04 0.019961977186311788
2 0.10882352941176471 0.5209125475285171 0.1 0.015209125475285171
5 0.24705882352941178 0.5275665399239544 0.023529411764705882 0.019011406844106463
2 0.29705882352941176 0.5204372623574145 0.052941176470588235 0.014258555133079848
4 0.4235294117647059 0.5275665399239544 0.023529411764705882 0.019011406844106463
2 0.46352941176470586 0.5204372623574145 0.03294117647058824 0.014258555133079848
1 0.2605882352941176 0.5788973384030418 0.40352941176470586 0.017110266159695818
2 0.6670588235294118 0.627851711026616 0.15764705882352942 0.019961977186311788
1 0.6758823529411765 0.6501901140684411 0.1988235294117647 0.017110266159695818