0 0.5 0.0496215306980656 0.6423529411764706 0.015138772077375946
0 0.5 0.11690496215306981 0.28352941176470586 0.015138772077375946
2 0.11294117647058824 0.1934398654331371 0.10823529411764705 0.01682085786375105
3 0.2011764705882353 0.191757779646762 0.03294117647058824 0.01345668629100084
2 0.5270588235294118 0.1934398654331371 0.10823529411764705 0.01682085786375105
3 0.62 0.191757779646762 0.042352941176470586 0.01345668629100084
2 0.09294117647058824 0.2359125315391085 0.06823529411764706 0.017661900756938603
3 0.16588235294117648 0.23423044575273338 0.042352941176470586 0.014297729184188394
2 0.1411764705882353 0.27796467619848614 0.16470588235294117 0.017661900756938603
3 0.26294117647058823 0.276282590412111 0.04352941176470588 0.014297729184188394
2 0.09058823529411765 0.3174936921783011 0.06352941176470588 0.012615643397813289
3 0.16411764705882353 0.31791421362489486 0.04823529411764706 0.01345668629100084
2 0.5105882352941177 0.32001682085786376 0.16470588235294117 0.017661900756938603
3 0.6341176470588236 0.32001682085786376 0.047058823529411764 0.017661900756938603
2 0.09058823529411765 0.3595458368376787 0.06352941176470588 0.012615643397813289
3 0.15470588235294117 0.3620689655172414 0.029411764705882353 0.017661900756938603
2 0.4823529411764706 0.3616484440706476 0.10823529411764705 0.01682085786375105
3 0.58 0.36038687973086625 0.05176470588235294 0.014297729184188394
2 0.10882352941176471 0.4188393608074012 0.1 0.01345668629100084
5 0.24705882352941178 0.4247266610597141 0.023529411764705882 0.01682085786375105
2 0.29705882352941176 0.4184188393608074 0.052941176470588235 0.012615643397813289
4 0.4235294117647059 0.4247266610597141 0.023529411764705882 0.01682085786375105
2 0.46352941176470586 0.4184188393608074 0.03294117647058824 0.012615643397813289
1 0.2605882352941176 0.4701429772918419 0.40352941176470586 0.015138772077375946
2 0.6670588235294118 0.5134566862910008 0.15764705882352942 0.017661900756938603
1 0.6758823529411765 0.5332211942809083 0.1988235294117647 0.015138772077375946