0 0.5 0.057115198451113264 0.6423529411764706 0.017424975798644726
0 0.5 0.1345595353339787 0.28352941176470586 0.017424975798644726
2 0.1411764705882353 0.22313649564375604 0.16470588235294117 0.02032913843175218
2 0.5535294117647059 0.22265246853823814 0.04823529411764706 0.01936108422071636
2 0.09058823529411765 0.2686350435624395 0.06352941176470588 0.01452081316553727
2 0.11294117647058824 0.3194578896418199 0.10823529411764705 0.01936108422071636
2 0.09294117647058824 0.36834462729912876 0.06823529411764706 0.02032913843175218
2 0.4647058823529412 0.3654404646660213 0.06352941176470588 0.01452081316553727
2 0.11294117647058824 0.41626331074540174 0.10823529411764705 0.01936108422071636
2 0.10882352941176471 0.48209099709583736 0.1 0.015488867376573089
4 0.24705882352941178 0.4888673765730881 0.023529411764705882 0.01936108422071636
2 0.29705882352941176 0.48160696999031943 0.052941176470588235 0.01452081316553727
4 0.4235294117647059 0.4888673765730881 0.023529411764705882 0.01936108422071636
2 0.46352941176470586 0.48160696999031943 0.03294117647058824 0.01452081316553727
1 0.2605882352941176 0.5411423039690223 0.40352941176470586 0.017424975798644726
2 0.6670588235294118 0.5909970958373669 0.15764705882352942 0.02032913843175218
1 0.6758823529411765 0.6137463697967086 0.1988235294117647 0.017424975798644726