0 0.5 0.055977229601518026 0.6423529411764706 0.017077798861480076
0 0.5 0.1318785578747628 0.28352941176470586 0.017077798861480076
2 0.08294117647058824 0.21821631878557876 0.04823529411764706 0.018975332068311195
2 0.4676470588235294 0.21584440227703985 0.10941176470588235 0.014231499051233396
2 0.11352941176470588 0.26328273244781786 0.10941176470588235 0.014231499051233396
2 0.5158823529411765 0.2637571157495256 0.08352941176470588 0.015180265654648957
3 0.6105882352941177 0.2661290322580645 0.07058823529411765 0.019924098671726755
2 0.1411764705882353 0.3135673624288425 0.16470588235294117 0.019924098671726755
2 0.10529411764705883 0.3605313092979127 0.09294117647058824 0.018975332068311195
3 0.19176470588235295 0.3586337760910816 0.04470588235294118 0.015180265654648957
2 0.48176470588235293 0.3605313092979127 0.04823529411764706 0.018975332068311195
2 0.10882352941176471 0.4250474383301708 0.1 0.015180265654648957
4 0.24705882352941178 0.4316888045540797 0.023529411764705882 0.018975332068311195
2 0.29705882352941176 0.424573055028463 0.052941176470588235 0.014231499051233396
5 0.4235294117647059 0.4316888045540797 0.023529411764705882 0.018975332068311195
2 0.46352941176470586 0.424573055028463 0.03294117647058824 0.014231499051233396
1 0.2605882352941176 0.4829222011385199 0.40352941176470586 0.017077798861480076
2 0.6670588235294118 0.5317836812144212 0.15764705882352942 0.019924098671726755
1 0.6758823529411765 0.5540796963946869 0.1988235294117647 0.017077798861480076