0 0.5 0.05853174603174603 0.6423529411764706 0.017857142857142856
0 0.5 0.1378968253968254 0.28352941176470586 0.017857142857142856
2 0.1411764705882353 0.2286706349206349 0.16470588235294117 0.020833333333333332
3 0.2576470588235294 0.2261904761904762 0.03294117647058824 0.015873015873015872
2 0.5758823529411765 0.22817460317460317 0.09294117647058824 0.01984126984126984
3 0.66 0.2286706349206349 0.04 0.020833333333333332
2 0.1411764705882353 0.27827380952380953 0.16470588235294117 0.020833333333333332
3 0.2647058823529412 0.27827380952380953 0.047058823529411764 0.020833333333333332
2 0.1411764705882353 0.32787698412698413 0.16470588235294117 0.020833333333333332
3 0.2576470588235294 0.3253968253968254 0.03294117647058824 0.015873015873015872
2 0.1411764705882353 0.3774801587301587 0.16470588235294117 0.020833333333333332
3 0.2688235294117647 0.3774801587301587 0.05529411764705883 0.020833333333333332
2 0.1411764705882353 0.4270833333333333 0.16470588235294117 0.020833333333333332
3 0.27058823529411763 0.42757936507936506 0.058823529411764705 0.021825396825396824
2 0.10529411764705883 0.47619047619047616 0.09294117647058824 0.01984126984126984
3 0.1935294117647059 0.4742063492063492 0.04823529411764706 0.015873015873015872
2 0.10882352941176471 0.5436507936507936 0.1 0.015873015873015872
5 0.24705882352941178 0.5505952380952381 0.023529411764705882 0.01984126984126984
2 0.29705882352941176 0.5431547619047619 0.052941176470588235 0.01488095238095238
4 0.4235294117647059 0.5505952380952381 0.023529411764705882 0.01984126984126984
2 0.46352941176470586 0.5431547619047619 0.03294117647058824 0.01488095238095238
1 0.2605882352941176 0.6041666666666666 0.40352941176470586 0.017857142857142856
2 0.6670588235294118 0.6552579365079365 0.15764705882352942 0.020833333333333332
1 0.6758823529411765 0.6785714285714286 0.1988235294117647 0.017857142857142856