0 0.5 0.0496215306980656 0.6423529411764706 0.015138772077375946
0 0.5 0.11648444070647603 0.23294117647058823 0.014297729184188394
2 0.10529411764705883 0.1934398654331371 0.09294117647058824 0.01682085786375105
3 0.1988235294117647 0.19217830109335576 0.058823529411764705 0.014297729184188394
2 0.48176470588235293 0.1934398654331371 0.04823529411764706 0.01682085786375105
3 0.5464705882352942 0.191757779646762 0.04588235294117647 0.01345668629100084
2 0.10529411764705883 0.23549201009251472 0.09294117647058824 0.01682085786375105
3 0.2 0.2359125315391085 0.0611764705882353 0.017661900756938603
2 0.10529411764705883 0.27754415475189237 0.09294117647058824 0.01682085786375105
3 0.1988235294117647 0.276282590412111 0.058823529411764705 0.014297729184188394
2 0.4894117647058824 0.27544154751892347 0.06352941176470588 0.012615643397813289
3 0.5552941176470588 0.27796467619848614 0.03294117647058824 0.017661900756938603
2 0.1411764705882353 0.32001682085786376 0.16470588235294117 0.017661900756938603
3 0.27588235294117647 0.32001682085786376 0.06941176470588235 0.017661900756938603
2 0.08294117647058824 0.3616484440706476 0.04823529411764706 0.01682085786375105
3 0.14 0.3599663582842725 0.03058823529411765 0.01345668629100084
2 0.4447058823529412 0.3595458368376787 0.06352941176470588 0.012615643397813289
3 0.518235294117647 0.3599663582842725 0.04823529411764706 0.01345668629100084
2 0.08294117647058824 0.40370058873002523 0.04823529411764706 0.01682085786375105
3 0.1411764705882353 0.4020185029436501 0.03294117647058824 0.01345668629100084
2 0.45941176470588235 0.40370058873002523 0.09294117647058824 0.01682085786375105
3 0.5511764705882353 0.404121110176619 0.05529411764705883 0.017661900756938603
2 0.10882352941176471 0.4608915054667788 0.1 0.01345668629100084
5 0.24705882352941178 0.4667788057190917 0.023529411764705882 0.01682085786375105
2 0.29705882352941176 0.46047098402018505 0.052941176470588235 0.012615643397813289
4 0.4235294117647059 0.4667788057190917 0.023529411764705882 0.01682085786375105
2 0.46352941176470586 0.46047098402018505 0.03294117647058824 0.012615643397813289
1 0.2605882352941176 0.5121951219512195 0.40352941176470586 0.015138772077375946
2 0.6670588235294118 0.5555088309503785 0.15764705882352942 0.017661900756938603
1 0.6758823529411765 0.575273338940286 0.1988235294117647 0.015138772077375946