0 0.5 0.05645933014354067 0.6423529411764706 0.01722488038277512
0 0.5 0.13301435406698564 0.30470588235294116 0.01722488038277512
2 0.09058823529411765 0.21770334928229665 0.06352941176470588 0.014354066985645933
3 0.1564705882352941 0.22057416267942584 0.03294117647058824 0.020095693779904306
2 0.46 0.21770334928229665 0.06352941176470588 0.014354066985645933
3 0.5241176470588236 0.22057416267942584 0.029411764705882353 0.020095693779904306
2 0.09294117647058824 0.26842105263157895 0.06823529411764706 0.020095693779904306
3 0.1676470588235294 0.2674641148325359 0.04588235294117647 0.01818181818181818
2 0.11352941176470588 0.3133971291866029 0.10941176470588235 0.014354066985645933
3 0.3058823529411765 0.3186602870813397 0.24 0.024880382775119617
2 0.10529411764705883 0.36363636363636365 0.09294117647058824 0.019138755980861243
3 0.1923529411764706 0.3617224880382775 0.04588235294117647 0.015311004784688996
2 0.08294117647058824 0.41148325358851673 0.04823529411764706 0.019138755980861243
3 0.1476470588235294 0.40956937799043064 0.04588235294117647 0.015311004784688996
2 0.4547058823529412 0.40956937799043064 0.08352941176470588 0.015311004784688996
3 0.5523529411764706 0.41244019138755983 0.07647058823529412 0.021052631578947368
2 0.1411764705882353 0.4598086124401914 0.16470588235294117 0.020095693779904306
3 0.2782352941176471 0.4602870813397129 0.07411764705882352 0.021052631578947368
2 0.5841176470588235 0.4569377990430622 0.10941176470588235 0.014354066985645933
3 0.7817647058823529 0.4598086124401914 0.25058823529411767 0.020095693779904306
2 0.10882352941176471 0.5244019138755981 0.1 0.015311004784688996
5 0.24705882352941178 0.5311004784688995 0.023529411764705882 0.019138755980861243
2 0.29705882352941176 0.5239234449760766 0.052941176470588235 0.014354066985645933
4 0.4235294117647059 0.5311004784688995 0.023529411764705882 0.019138755980861243
2 0.46352941176470586 0.5239234449760766 0.03294117647058824 0.014354066985645933
1 0.2605882352941176 0.5827751196172248 0.40352941176470586 0.01722488038277512
2 0.6670588235294118 0.6320574162679425 0.15764705882352942 0.020095693779904306
1 0.6758823529411765 0.6545454545454545 0.1988235294117647 0.01722488038277512