0 0.5 0.05841584158415842 0.6423529411764706 0.01782178217821782
0 0.5 0.13712871287128714 0.24941176470588236 0.016831683168316833
2 0.1411764705882353 0.22821782178217823 0.16470588235294117 0.020792079207920793
3 0.2647058823529412 0.22821782178217823 0.047058823529411764 0.020792079207920793
2 0.09294117647058824 0.27772277227722775 0.06823529411764706 0.020792079207920793
3 0.17529411764705882 0.27772277227722775 0.0611764705882353 0.020792079207920793
2 0.1411764705882353 0.32722772277227724 0.16470588235294117 0.020792079207920793
3 0.27058823529411763 0.32524752475247526 0.058823529411764705 0.016831683168316833
2 0.11352941176470588 0.37376237623762376 0.10941176470588235 0.01485148514851485
3 0.2676470588235294 0.37722772277227723 0.1635294117647059 0.02178217821782178
2 0.11352941176470588 0.42326732673267325 0.10941176470588235 0.01485148514851485
3 0.27058823529411763 0.42425742574257425 0.16941176470588235 0.016831683168316833
2 0.528235294117647 0.42574257425742573 0.10823529411764705 0.019801980198019802
3 0.6211764705882353 0.42425742574257425 0.042352941176470586 0.016831683168316833
2 0.09058823529411765 0.47277227722772275 0.06352941176470588 0.01485148514851485
3 0.16058823529411764 0.47376237623762374 0.041176470588235294 0.016831683168316833
2 0.10882352941176471 0.5425742574257426 0.1 0.015841584158415842
5 0.24705882352941178 0.5495049504950495 0.023529411764705882 0.019801980198019802
2 0.29705882352941176 0.5420792079207921 0.052941176470588235 0.01485148514851485
4 0.4235294117647059 0.5495049504950495 0.023529411764705882 0.019801980198019802
2 0.46352941176470586 0.5420792079207921 0.03294117647058824 0.01485148514851485
1 0.2605882352941176 0.602970297029703 0.40352941176470586 0.01782178217821782
2 0.6670588235294118 0.653960396039604 0.15764705882352942 0.020792079207920793
1 0.6758823529411765 0.6772277227722773 0.1988235294117647 0.01782178217821782