0 0.5 0.05094991364421416 0.6423529411764706 0.015544041450777202
0 0.5 0.12003454231433507 0.28352941176470586 0.015544041450777202
2 0.08294117647058824 0.19861830742659758 0.04823529411764706 0.017271157167530225
3 0.1411764705882353 0.19905008635578583 0.03294117647058824 0.018134715025906734
2 0.10529411764705883 0.24179620034542315 0.09294117647058824 0.017271157167530225
3 0.19294117647058823 0.2422279792746114 0.047058823529411764 0.018134715025906734
2 0.11352941176470588 0.28281519861830745 0.10941176470588235 0.012953367875647668
3 0.26294117647058823 0.28367875647668395 0.15411764705882353 0.01468048359240069
2 0.5205882352941177 0.2849740932642487 0.09294117647058824 0.017271157167530225
3 0.5988235294117648 0.28324697754749567 0.02823529411764706 0.013816925734024179
2 0.11352941176470588 0.32599309153713296 0.10941176470588235 0.012953367875647668
3 0.23647058823529413 0.3285837651122625 0.1011764705882353 0.018134715025906734
2 0.10882352941176471 0.38687392055267705 0.1 0.013816925734024179
5 0.24705882352941178 0.39291882556131263 0.023529411764705882 0.017271157167530225
2 0.29705882352941176 0.3864421416234888 0.052941176470588235 0.012953367875647668
4 0.4235294117647059 0.39291882556131263 0.023529411764705882 0.017271157167530225
2 0.46352941176470586 0.3864421416234888 0.03294117647058824 0.012953367875647668
1 0.2605882352941176 0.43955094991364424 0.40352941176470586 0.015544041450777202
2 0.6670588235294118 0.4840241796200345 0.15764705882352942 0.018134715025906734
1 0.6758823529411765 0.5043177892918825 0.1988235294117647 0.015544041450777202