0 0.5 0.05353901996370236 0.6423529411764706 0.016333938294010888
0 0.5 0.12613430127041741 0.30470588235294116 0.016333938294010888
2 0.10529411764705883 0.20871143375680581 0.09294117647058824 0.018148820326678767
3 0.18352941176470589 0.20689655172413793 0.02823529411764706 0.014519056261343012
2 0.4894117647058824 0.20644283121597096 0.06352941176470588 0.013611615245009074
3 0.5623529411764706 0.20689655172413793 0.047058823529411764 0.014519056261343012
2 0.10529411764705883 0.2540834845735027 0.09294117647058824 0.018148820326678767
3 0.1888235294117647 0.2540834845735027 0.03882352941176471 0.018148820326678767
2 0.11352941176470588 0.2971869328493648 0.10941176470588235 0.013611615245009074
3 0.27705882352941175 0.3003629764065336 0.18235294117647058 0.019963702359346643
2 0.5058823529411764 0.2971869328493648 0.06352941176470588 0.013611615245009074
3 0.5782352941176471 0.29764065335753176 0.04588235294117647 0.014519056261343012
2 0.10529411764705883 0.3448275862068966 0.09294117647058824 0.018148820326678767
3 0.20470588235294118 0.34754990925589835 0.07058823529411765 0.023593466424682397
2 0.5041176470588236 0.3448275862068966 0.09294117647058824 0.018148820326678767
3 0.5894117647058823 0.3430127041742287 0.042352941176470586 0.014519056261343012
2 0.08294117647058824 0.39019963702359345 0.04823529411764706 0.018148820326678767
3 0.15058823529411763 0.38883847549909256 0.05176470588235294 0.015426497277676952
2 0.10058823529411764 0.4337568058076225 0.08352941176470588 0.014519056261343012
3 0.18294117647058825 0.43511796733212343 0.04588235294117647 0.017241379310344827
2 0.10882352941176471 0.49727767695099817 0.1 0.014519056261343012
5 0.24705882352941178 0.5036297640653358 0.023529411764705882 0.018148820326678767
2 0.29705882352941176 0.4968239564428312 0.052941176470588235 0.013611615245009074
4 0.4235294117647059 0.5036297640653358 0.023529411764705882 0.018148820326678767
2 0.46352941176470586 0.4968239564428312 0.03294117647058824 0.013611615245009074
1 0.2605882352941176 0.5526315789473685 0.40352941176470586 0.016333938294010888
2 0.6670588235294118 0.5993647912885662 0.15764705882352942 0.019056261343012703
1 0.6758823529411765 0.6206896551724138 0.1988235294117647 0.016333938294010888