0 0.5 0.05108225108225108 0.6423529411764706 0.015584415584415584
0 0.5 0.12034632034632034 0.28352941176470586 0.015584415584415584
2 0.1411764705882353 0.19956709956709956 0.16470588235294117 0.01818181818181818
3 0.27588235294117647 0.19956709956709956 0.06941176470588235 0.01818181818181818
2 0.5835294117647059 0.19913419913419914 0.10823529411764705 0.017316017316017316
3 0.6788235294117647 0.19783549783549784 0.047058823529411764 0.01471861471861472
2 0.1411764705882353 0.24285714285714285 0.16470588235294117 0.01818181818181818
3 0.26294117647058823 0.24112554112554113 0.04352941176470588 0.01471861471861472
2 0.5835294117647059 0.24242424242424243 0.10823529411764705 0.017316017316017316
3 0.678235294117647 0.24069264069264068 0.04588235294117647 0.013852813852813853
2 0.10529411764705883 0.2857142857142857 0.09294117647058824 0.017316017316017316
3 0.18588235294117647 0.283982683982684 0.03294117647058824 0.013852813852813853
2 0.5123529411764706 0.28354978354978355 0.10941176470588235 0.012987012987012988
3 0.6670588235294118 0.2857142857142857 0.16470588235294117 0.017316017316017316
2 0.11294117647058824 0.329004329004329 0.10823529411764705 0.017316017316017316
3 0.19941176470588234 0.3294372294372294 0.029411764705882353 0.01818181818181818
2 0.5070588235294118 0.3294372294372294 0.06823529411764706 0.01818181818181818
3 0.5829411764705882 0.3294372294372294 0.04823529411764706 0.01818181818181818
2 0.10882352941176471 0.3878787878787879 0.1 0.013852813852813853
4 0.24705882352941178 0.3939393939393939 0.023529411764705882 0.017316017316017316
2 0.29705882352941176 0.3874458874458874 0.052941176470588235 0.012987012987012988
5 0.4235294117647059 0.3939393939393939 0.023529411764705882 0.017316017316017316
2 0.46352941176470586 0.3874458874458874 0.03294117647058824 0.012987012987012988
1 0.2605882352941176 0.4406926406926407 0.40352941176470586 0.015584415584415584
2 0.6670588235294118 0.48528138528138526 0.15764705882352942 0.01818181818181818
1 0.6758823529411765 0.5056277056277056 0.1988235294117647 0.015584415584415584