0 0.5 0.05090595340811044 0.6423529411764706 0.015530629853321829
0 0.5 0.11949956859361519 0.23294117647058823 0.014667817083692839
2 0.09294117647058824 0.19887834339948232 0.06823529411764706 0.0181190681622088
2 0.47941176470588237 0.1984469370146678 0.09294117647058824 0.01725625539257981
2 0.11294117647058824 0.24158757549611734 0.10823529411764705 0.01725625539257981
2 0.5270588235294118 0.24158757549611734 0.10823529411764705 0.01725625539257981
2 0.08294117647058824 0.28472821397756687 0.04823529411764706 0.01725625539257981
2 0.4676470588235294 0.2825711820534944 0.10941176470588235 0.012942191544434857
2 0.10529411764705883 0.32786885245901637 0.09294117647058824 0.01725625539257981
2 0.49176470588235294 0.3283002588438309 0.06823529411764706 0.0181190681622088
2 0.10529411764705883 0.3710094909404659 0.09294117647058824 0.01725625539257981
2 0.09058823529411765 0.41199309749784296 0.06352941176470588 0.012942191544434857
2 0.47 0.41242450388265744 0.08352941176470588 0.013805004314063849
2 0.10882352941176471 0.4728213977566868 0.1 0.013805004314063849
4 0.24705882352941178 0.47886108714408976 0.023529411764705882 0.01725625539257981
2 0.29705882352941176 0.4723899913718723 0.052941176470588235 0.012942191544434857
4 0.4235294117647059 0.47886108714408976 0.023529411764705882 0.01725625539257981
2 0.46352941176470586 0.4723899913718723 0.03294117647058824 0.012942191544434857
1 0.2605882352941176 0.5254529767040552 0.40352941176470586 0.015530629853321829
2 0.6670588235294118 0.5698878343399483 0.15764705882352942 0.0181190681622088
1 0.6758823529411765 0.5901639344262295 0.1988235294117647 0.015530629853321829