0 0.5 0.05705996131528046 0.6423529411764706 0.017408123791102514
0 0.5 0.1339458413926499 0.24941176470588236 0.01644100580270793
2 0.10529411764705883 0.22243713733075435 0.09294117647058824 0.019342359767891684
3 0.1935294117647059 0.22292069632495165 0.04823529411764706 0.020309477756286266
2 0.09294117647058824 0.2712765957446808 0.06823529411764706 0.020309477756286266
3 0.16941176470588235 0.2688588007736944 0.04941176470588235 0.015473887814313346
2 0.11352941176470588 0.3167311411992263 0.10941176470588235 0.014506769825918761
3 0.31411764705882356 0.31963249516441006 0.2564705882352941 0.020309477756286266
2 0.10529411764705883 0.36750483558994196 0.09294117647058824 0.019342359767891684
3 0.2011764705882353 0.3670212765957447 0.06352941176470588 0.0183752417794971
2 0.10529411764705883 0.4158607350096712 0.09294117647058824 0.019342359767891684
3 0.19294117647058823 0.41392649903288203 0.047058823529411764 0.015473887814313346
2 0.10882352941176471 0.4816247582205029 0.1 0.015473887814313346
4 0.24705882352941178 0.488394584139265 0.023529411764705882 0.019342359767891684
2 0.29705882352941176 0.4811411992263056 0.052941176470588235 0.014506769825918761
5 0.4235294117647059 0.488394584139265 0.023529411764705882 0.019342359767891684
2 0.46352941176470586 0.4811411992263056 0.03294117647058824 0.014506769825918761
1 0.2605882352941176 0.5406189555125726 0.40352941176470586 0.017408123791102514
2 0.6670588235294118 0.5904255319148937 0.15764705882352942 0.020309477756286266
1 0.6758823529411765 0.6131528046421664 0.1988235294117647 0.017408123791102514