0 0.5 0.055347091932457786 0.6423529411764706 0.016885553470919325
0 0.5 0.1303939962476548 0.30470588235294116 0.016885553470919325
2 0.1411764705882353 0.21622889305816134 0.16470588235294117 0.019699812382739212
2 0.1411764705882353 0.26313320825515946 0.16470588235294117 0.019699812382739212
3 0.2576470588235294 0.2607879924953096 0.03294117647058824 0.0150093808630394
2 0.5635294117647058 0.26313320825515946 0.06823529411764706 0.019699812382739212
3 0.6535294117647059 0.26360225140712945 0.07647058823529412 0.020637898686679174
2 0.10058823529411764 0.3076923076923077 0.08352941176470588 0.0150093808630394
2 0.10058823529411764 0.3545966228893058 0.08352941176470588 0.0150093808630394
2 0.48 0.35412757973733583 0.06352941176470588 0.014071294559099437
3 0.5458823529411765 0.35694183864915574 0.03294117647058824 0.019699812382739212
2 0.1411764705882353 0.40384615384615385 0.16470588235294117 0.019699812382739212
2 0.5635294117647058 0.40384615384615385 0.06823529411764706 0.019699812382739212
3 0.6411764705882353 0.40196998123827393 0.05176470588235294 0.01594746716697936
2 0.09058823529411765 0.44793621013133206 0.06352941176470588 0.014071294559099437
2 0.10882352941176471 0.5140712945590994 0.1 0.0150093808630394
4 0.24705882352941178 0.5206378986866792 0.023529411764705882 0.01876172607879925
2 0.29705882352941176 0.5136022514071295 0.052941176470588235 0.014071294559099437
5 0.4235294117647059 0.5206378986866792 0.023529411764705882 0.01876172607879925
2 0.46352941176470586 0.5136022514071295 0.03294117647058824 0.014071294559099437
1 0.2605882352941176 0.5712945590994372 0.40352941176470586 0.016885553470919325
2 0.6670588235294118 0.6196060037523452 0.15764705882352942 0.019699812382739212
1 0.6758823529411765 0.6416510318949343 0.1988235294117647 0.016885553470919325