0 0.5 0.04983108108108108 0.6423529411764706 0.015202702702702704
0 0.5 0.11739864864864864 0.2647058823529412 0.015202702702702704
2 0.08294117647058824 0.19425675675675674 0.04823529411764706 0.016891891891891893
3 0.14352941176470588 0.19256756756756757 0.03764705882352941 0.013513513513513514
2 0.09294117647058824 0.23690878378378377 0.06823529411764706 0.017736486486486486
3 0.16117647058823528 0.23690878378378377 0.03294117647058824 0.017736486486486486
2 0.1411764705882353 0.2791385135135135 0.16470588235294117 0.017736486486486486
3 0.27294117647058824 0.2782939189189189 0.06352941176470588 0.016047297297297296
2 0.5758823529411765 0.27871621621621623 0.09294117647058824 0.016891891891891893
2 0.10529411764705883 0.32094594594594594 0.09294117647058824 0.016891891891891893
3 0.18470588235294116 0.31925675675675674 0.03058823529411765 0.013513513513513514
2 0.09294117647058824 0.36359797297297297 0.06823529411764706 0.017736486486486486
2 0.09294117647058824 0.4058277027027027 0.06823529411764706 0.017736486486486486
3 0.16117647058823528 0.4058277027027027 0.03294117647058824 0.017736486486486486
2 0.48705882352941177 0.40540540540540543 0.10823529411764705 0.016891891891891893
3 0.5823529411764706 0.4058277027027027 0.047058823529411764 0.017736486486486486
2 0.10882352941176471 0.46283783783783783 0.1 0.013513513513513514
4 0.24705882352941178 0.46875 0.023529411764705882 0.016891891891891893
2 0.29705882352941176 0.4624155405405405 0.052941176470588235 0.01266891891891892
5 0.4235294117647059 0.46875 0.023529411764705882 0.016891891891891893
2 0.46352941176470586 0.4624155405405405 0.03294117647058824 0.01266891891891892
1 0.2605882352941176 0.5143581081081081 0.40352941176470586 0.015202702702702704
2 0.6670588235294118 0.5578547297297297 0.15764705882352942 0.017736486486486486
1 0.6758823529411765 0.5777027027027027 0.1988235294117647 0.015202702702702704