0 0.5 0.05689488910318226 0.6423529411764706 0.017357762777242044
0 0.5 0.13404050144648022 0.30470588235294116 0.017357762777242044
2 0.10529411764705883 0.22179363548698167 0.09294117647058824 0.019286403085824494
3 0.18588235294117647 0.21986499517839922 0.03294117647058824 0.015429122468659595
2 0.5123529411764706 0.21938283510125361 0.10941176470588235 0.01446480231436837
2 0.09294117647058824 0.27049180327868855 0.06823529411764706 0.020250723240115717
3 0.16176470588235295 0.26808100289296044 0.03411764705882353 0.015429122468659595
2 0.08294117647058824 0.31822565091610416 0.04823529411764706 0.019286403085824494
2 0.09058823529411765 0.3640308582449373 0.06352941176470588 0.01446480231436837
3 0.16470588235294117 0.36451301832208294 0.04941176470588235 0.015429122468659595
2 0.10882352941176471 0.43201542912246865 0.1 0.015429122468659595
5 0.24705882352941178 0.43876567020250723 0.023529411764705882 0.019286403085824494
2 0.29705882352941176 0.431533269045323 0.052941176470588235 0.01446480231436837
4 0.4235294117647059 0.43876567020250723 0.023529411764705882 0.019286403085824494
2 0.46352941176470586 0.431533269045323 0.03294117647058824 0.01446480231436837
1 0.2605882352941176 0.49083895853423337 0.40352941176470586 0.017357762777242044
2 0.6670588235294118 0.5405014464802315 0.15764705882352942 0.020250723240115717
1 0.6758823529411765 0.5631629701060752 0.1988235294117647 0.017357762777242044