0 0.5 0.05393053016453382 0.6423529411764706 0.016453382084095063
0 0.5 0.126599634369287 0.23294117647058823 0.015539305301645339
2 0.08294117647058824 0.21023765996343693 0.04823529411764706 0.018281535648994516
3 0.1476470588235294 0.20978062157221206 0.04588235294117647 0.01736745886654479
2 0.10058823529411764 0.25411334552102377 0.08352941176470588 0.014625228519195612
3 0.18352941176470589 0.2563985374771481 0.047058823529411764 0.019195612431444242
2 0.5305882352941177 0.2563985374771481 0.16470588235294117 0.019195612431444242
3 0.6494117647058824 0.25411334552102377 0.03764705882352941 0.014625228519195612
2 0.1411764705882353 0.30210237659963435 0.16470588235294117 0.019195612431444242
3 0.2647058823529412 0.30210237659963435 0.047058823529411764 0.019195612431444242
2 0.11352941176470588 0.34506398537477145 0.10941176470588235 0.013711151736745886
3 0.24941176470588236 0.3459780621572212 0.12705882352941175 0.015539305301645339
2 0.10882352941176471 0.40950639853747717 0.1 0.014625228519195612
4 0.24705882352941178 0.41590493601462525 0.023529411764705882 0.018281535648994516
2 0.29705882352941176 0.40904936014625226 0.052941176470588235 0.013711151736745886
5 0.4235294117647059 0.41590493601462525 0.023529411764705882 0.018281535648994516
2 0.46352941176470586 0.40904936014625226 0.03294117647058824 0.013711151736745886
1 0.2605882352941176 0.46526508226691043 0.40352941176470586 0.016453382084095063
2 0.6670588235294118 0.5123400365630713 0.15764705882352942 0.019195612431444242
1 0.6758823529411765 0.5338208409506399 0.1988235294117647 0.016453382084095063