0 0.5 0.054078826764436295 0.6423529411764706 0.016498625114573784
0 0.5 0.12740604949587533 0.28352941176470586 0.016498625114573784
2 0.10529411764705883 0.21081576535288726 0.09294117647058824 0.01833180568285976
3 0.18470588235294116 0.20898258478460127 0.03058823529411765 0.01466544454628781
2 0.54 0.21127406049495875 0.16470588235294117 0.01924839596700275
3 0.6552941176470588 0.20898258478460127 0.03058823529411765 0.01466544454628781
2 0.08294117647058824 0.2566452795600367 0.04823529411764706 0.01833180568285976
3 0.1511764705882353 0.25481209899175067 0.052941176470588235 0.01466544454628781
2 0.11294117647058824 0.30247479376718606 0.10823529411764705 0.01833180568285976
3 0.2076470588235294 0.3006416131989001 0.04588235294117647 0.01466544454628781
2 0.09294117647058824 0.34876260311640694 0.06823529411764706 0.01924839596700275
3 0.16823529411764707 0.34876260311640694 0.047058823529411764 0.01924839596700275
2 0.08294117647058824 0.39413382218148485 0.04823529411764706 0.01833180568285976
3 0.14647058823529413 0.3927589367552704 0.04352941176470588 0.015582034830430797
2 0.4370588235294118 0.39413382218148485 0.04823529411764706 0.01833180568285976
3 0.49529411764705883 0.3923006416131989 0.03294117647058824 0.01466544454628781
2 0.10882352941176471 0.45646196150320806 0.1 0.01466544454628781
4 0.24705882352941178 0.462878093492209 0.023529411764705882 0.01833180568285976
2 0.29705882352941176 0.4560036663611366 0.052941176470588235 0.013748854262144821
5 0.4235294117647059 0.462878093492209 0.023529411764705882 0.01833180568285976
2 0.46352941176470586 0.4560036663611366 0.03294117647058824 0.013748854262144821
1 0.2605882352941176 0.5123739688359303 0.40352941176470586 0.016498625114573784
2 0.6670588235294118 0.5595783684692942 0.15764705882352942 0.01924839596700275
1 0.6758823529411765 0.5811182401466545 0.1988235294117647 0.016498625114573784